(Symbol LSmitll_ptlrx_v2p1_schematic);
($Id:$);
(PHYSICAL);
(RESOLUTION 1000);
9 LSmitll_ptlrx_v2p1_schematic;
DS 0 1 1;
DF;
E
(ELECTRICAL);
(RESOLUTION 1000);
5 7101 tran 0.5p 200p 0 0.25p UIC;
5 10 1 0 -83000 5000 0x0 A;
5 10 2 1 -25000:-7000 5000:5000 0x0 Q;
5 11 X 0 subckt;
9 LSmitll_ptlrx_v2p1_schematic;
DS 0 1 1;
(SymbolCall gnd);
5 10 0 0 -73000 25000;
1 Bound -73000 24000 -70400 26000;
( Rotate 90 );
9 gnd;
C 0 R 0 1 T -72000 24000;
(SymbolCall gnd);
5 10 0 0 -57000 25000;
1 Bound -57000 24000 -54400 26000;
( Rotate 90 );
9 gnd;
C 0 R 0 1 T -56000 24000;
(SymbolCall gnd);
5 10 0 0 -41000 25000;
1 Bound -41000 24000 -38400 26000;
( Rotate 90 );
9 gnd;
C 0 R 0 1 T -40000 24000;
(SymbolCall gnd);
5 10 0 0 -73000 -15000;
1 Bound -74000 -17600 -72000 -15000;
9 gnd;
C 0 T -74000 -16000;
(SymbolCall gnd);
5 10 0 0 -67000 -15000;
1 Bound -68000 -17600 -66000 -15000;
9 gnd;
C 0 T -68000 -16000;
(SymbolCall gnd);
5 10 0 0 -57000 -15000;
1 Bound -58000 -17600 -56000 -15000;
9 gnd;
C 0 T -58000 -16000;
(SymbolCall gnd);
5 10 0 0 -51000 -15000;
1 Bound -52000 -17600 -50000 -15000;
9 gnd;
C 0 T -52000 -16000;
(SymbolCall gnd);
5 10 0 0 -41000 -15000;
1 Bound -42000 -17600 -40000 -15000;
9 gnd;
C 0 T -42000 -16000;
(SymbolCall gnd);
5 10 0 0 -35000 -15000;
1 Bound -36000 -17600 -34000 -15000;
9 gnd;
C 0 T -36000 -16000;
(SymbolCall ind);
5 2 LB1;
5 11 L.LB1 0;
5 10 6 0 -73000 15000 LB1+;
5 10 3 1 -73000 5000 LB1-;
5 15 -72000 14000 0 -1;
1 Bound -73000 5000 -71500 15000;
9 ind;
C 0 T -74000 5000;
(SymbolCall ind);
5 2 LB2;
5 11 L.LB2 1;
5 10 7 0 -57000 15000 LB2+;
5 10 4 1 -57000 5000 LB2-;
5 15 -56000 14000 0 -1;
1 Bound -57000 5000 -55500 15000;
9 ind;
C 0 T -58000 5000;
(SymbolCall ind);
5 10 8 0 -41000 15000 L2_0+;
5 10 5 1 -41000 5000 L2_0-;
5 11 L 2;
5 2 0.2p;
5 15 -40000 14000 0 -1;
1 Bound -41000 5000 -39500 15000;
9 ind;
C 0 T -42000 5000;
(SymbolCall ind);
5 2 L1;
5 11 L.L1 3;
5 10 3 1 -73000 5000 L1-;
5 10 1 0 -83000 5000 L1+;
5 15 -82000 6000 1 0;
1 Bound -83000 5000 -73000 6500;
( Rotate 90 );
9 ind;
C 0 R 0 1 T -73000 4000;
(SymbolCall ind);
5 2 L2;
5 11 L.L2 4;
5 10 3 0 -67000 5000 L2+;
5 10 4 1 -57000 5000 L2-;
5 15 -66000 6000 1 0;
1 Bound -67000 5000 -57000 6500;
( Rotate 90 );
9 ind;
C 0 R 0 1 T -57000 4000;
(SymbolCall ind);
5 2 L3;
5 11 L.L3 5;
5 10 4 0 -51000 5000 L3+;
5 10 5 1 -41000 5000 L3-;
5 15 -50000 6000 1 0;
1 Bound -51000 5000 -41000 6500;
( Rotate 90 );
9 ind;
C 0 R 0 1 T -41000 4000;
(SymbolCall ind);
5 2 L4;
5 11 L.L4 6;
5 10 5 0 -35000 5000 L4+;
5 10 2 1 -25000 5000 L4-;
5 15 -34000 6000 1 0;
1 Bound -35000 5000 -25000 6500;
( Rotate 90 );
9 ind;
C 0 R 0 1 T -25000 4000;
(SymbolCall ind);
5 2 LP1;
5 11 L.LP1 7;
5 10 0 1 -73000 -15000 LP1-;
5 10 9 0 -73000 -5000 LP1+;
5 15 -72000 -6000 0 -1;
1 Bound -73000 -15000 -71500 -5000;
9 ind;
C 0 T -74000 -15000;
(SymbolCall ind);
5 2 LRB1;
5 11 L.LRB1 8;
5 10 0 1 -67000 -15000 LRB1-;
5 10 10 0 -67000 -5000 LRB1+;
5 15 -66000 -6000 0 -1;
1 Bound -67000 -15000 -65500 -5000;
9 ind;
C 0 T -68000 -15000;
(SymbolCall ind);
5 2 LP2;
5 11 L.LP2 9;
5 10 11 0 -57000 -5000 LP2+;
5 10 0 1 -57000 -15000 LP2-;
5 15 -56000 -6000 0 -1;
1 Bound -57000 -15000 -55500 -5000;
9 ind;
C 0 T -58000 -15000;
(SymbolCall ind);
5 2 LRB2;
5 11 L.LRB2 10;
5 10 12 0 -51000 -5000 LRB2+;
5 10 0 1 -51000 -15000 LRB2-;
5 15 -50000 -6000 0 -1;
1 Bound -51000 -15000 -49500 -5000;
9 ind;
C 0 T -52000 -15000;
(SymbolCall ind);
5 2 LP3;
5 11 L.LP3 11;
5 10 13 0 -41000 -5000 LP3+;
5 10 0 1 -41000 -15000 LP3-;
5 15 -40000 -6000 0 -1;
1 Bound -41000 -15000 -39500 -5000;
9 ind;
C 0 T -42000 -15000;
(SymbolCall ind);
5 2 LRB3;
5 11 L.LRB3 12;
5 10 14 0 -35000 -5000 LRB3+;
5 10 0 1 -35000 -15000 LRB3-;
5 15 -34000 -6000 0 -1;
1 Bound -35000 -15000 -33500 -5000;
9 ind;
C 0 T -36000 -15000;
(SymbolCall isrc);
5 2 pwl(0 0 5p IB1);
5 11 I.IB1 0;
5 5 nophys;
5 10 0 0 -73000 25000 IB1_0;
5 10 6 1 -73000 15000 IB1_1;
5 15 -73000 19000 0 -1 @<name>[c];
1 Bound -75000 15000 -71000 25000;
9 isrc;
C 0 T -75000 15000;
(SymbolCall isrc);
5 2 pwl(0 0 5p IB2);
5 11 I.IB2 1;
5 10 0 0 -57000 25000 IB2_0;
5 10 7 1 -57000 15000 IB2_1;
5 5 nophys;
5 15 -57000 19000 0 -1 @<name>[c];
1 Bound -59000 15000 -55000 25000;
9 isrc;
C 0 T -59000 15000;
(SymbolCall isrc);
5 2 pwl(0 0 5p IB3);
5 11 I.IB3 2;
5 10 0 0 -41000 25000 IB3_0;
5 10 8 1 -41000 15000 IB3_1;
5 5 nophys;
5 15 -41000 19000 0 -1 @<name>[c];
1 Bound -43000 15000 -39000 25000;
9 isrc;
C 0 T -43000 15000;
(SymbolCall jj);
5 3 area=B1;
5 11 B.B1 0;
5 10 15 2 -74000 3000 B1_2;
5 10 9 1 -73000 -5000 B1-;
5 10 3 0 -73000 5000 B1+;
5 1 jjmit;
1 Bound -74500 -5000 -71500 5000;
9 jj;
C 0 T -74000 -5000;
(SymbolCall jj);
5 3 area=B2;
5 11 B.B2 1;
5 1 jjmit;
5 10 4 0 -57000 5000 B2+;
5 10 11 1 -57000 -5000 B2-;
5 10 16 2 -58000 3000 B2_2;
1 Bound -58500 -5000 -55500 5000;
9 jj;
C 0 T -58000 -5000;
(SymbolCall jj);
5 3 area=B3;
5 11 B.B3 2;
5 1 jjmit;
5 10 5 0 -41000 5000 B3+;
5 10 13 1 -41000 -5000 B3-;
5 10 17 2 -42000 3000 B3_2;
1 Bound -42500 -5000 -39500 5000;
9 jj;
C 0 T -42000 -5000;
(SymbolCall res);
5 2 RB1;
5 11 R.RB1 0;
5 10 10 1 -67000 -5000 RB1-;
5 10 3 0 -67000 5000 RB1+;
5 15 -68000 4000 0 -1 "<v>/<value>O";
1 Bound -68250 -5000 -66000 5000;
9 res;
C 0 T -67000 5000;
(SymbolCall res);
5 2 RB2;
5 11 R.RB2 1;
5 10 4 0 -51000 5000 RB2+;
5 10 12 1 -51000 -5000 RB2-;
5 15 -52000 4000 0 -1 "<v>/<value>O";
1 Bound -52250 -5000 -50000 5000;
9 res;
C 0 T -51000 5000;
(SymbolCall res);
5 2 RB3;
5 11 R.RB3 2;
5 10 5 0 -35000 5000 RB3+;
5 10 14 1 -35000 -5000 RB3-;
5 15 -36000 4000 0 -1 "<v>/<value>O";
1 Bound -36250 -5000 -34000 5000;
9 res;
C 0 T -35000 5000;
L SCED;
5 10 3;
W2 0 -73000 5000 -67000 5000;
5 10 4;
W2 0 -57000 5000 -51000 5000;
5 10 5;
W2 0 -41000 5000 -35000 5000;
L NAME;
5 16 I 0 11;
94 <<IB1>> -75250 23750 320 1350 1000;
5 16 I 1 11;
94 <<IB2>> -59250 23750 320 1575 1000;
5 16 I 2 11;
94 <<IB3>> -43250 23750 320 1575 1000;
5 16 L 0 11;
94 <<LB1>> -73250 13750 320 1650 1000;
5 16 L 1 11;
94 <<LB2>> -57250 13750 320 1875 1000;
5 16 L 2 11;
94 <<L2_0>> -41250 13750 320 2475 1000;
5 16 L 3 11;
94 <<L1>> -82750 6750 0 1050 1000;
5 16 L 4 11;
94 <<L2>> -66750 6750 0 1275 1000;
5 16 L 5 11;
94 <<L3>> -50750 6750 0 1275 1000;
5 16 L 6 11;
94 <<L4>> -34750 6750 0 1275 1000;
5 16 B 0 11;
94 <<B1>> -74750 3750 320 1050 1000;
5 16 R 0 11;
94 <<RB1>> -68500 3750 320 1650 1000;
5 16 B 1 11;
94 <<B2>> -58750 3750 320 1275 1000;
5 16 R 1 11;
94 <<RB2>> -52500 3750 320 1875 1000;
5 16 B 2 11;
94 <<B3>> -42750 3750 320 1275 1000;
5 16 R 2 11;
94 <<RB3>> -36500 3750 320 1875 1000;
5 16 L 7 11;
94 <<LP1>> -73250 -6250 320 1650 1000;
5 16 L 8 11;
94 <<LRB1>> -67250 -6250 320 2250 1000;
5 16 L 9 11;
94 <<LP2>> -57250 -6250 320 1875 1000;
5 16 L 10 11;
94 <<LRB2>> -51250 -6250 320 2475 1000;
5 16 L 11 11;
94 <<LP3>> -41250 -6250 320 1875 1000;
5 16 L 12 11;
94 <<LRB3>> -35250 -6250 320 2475 1000;
L MODL;
5 16 B 0 1;
94 <<jjmit>> -71250 4750 256 2550 1000;
5 16 B 1 1;
94 <<jjmit>> -55250 4750 256 2550 1000;
5 16 B 2 1;
94 <<jjmit>> -39250 4750 256 2550 1000;
L VALU;
5 16 I 0 2;
94 <<pwl(0 0 5p IB1)>> -70750 24750 33024 7650 1000;
5 16 I 1 2;
94 <<pwl(0 0 5p IB2)>> -54750 24750 33024 7875 1000;
5 16 I 2 2;
94 <<pwl(0 0 5p IB3)>> -38750 24750 33024 7875 1000;
5 16 L 0 2;
94 <<LB1>> -71250 14750 33024 1650 1000;
5 16 L 1 2;
94 <<LB2>> -55250 14750 33024 1875 1000;
5 16 L 2 2;
94 <<0.2p>> -39250 14750 33024 2100 1000;
5 16 L 3 2;
94 <<L1>> -73250 4750 33088 1050 1000;
5 16 R 0 2;
94 <<RB1>> -65750 4750 33024 1650 1000;
5 16 L 4 2;
94 <<L2>> -57250 4750 33088 1275 1000;
5 16 R 1 2;
94 <<RB2>> -49750 4750 33024 1875 1000;
5 16 L 5 2;
94 <<L3>> -41250 4750 33088 1275 1000;
5 16 R 2 2;
94 <<RB3>> -33750 4750 33024 1875 1000;
5 16 L 6 2;
94 <<L4>> -25250 4750 33088 1275 1000;
5 16 L 7 2;
94 <<LP1>> -71250 -5250 33024 1650 1000;
5 16 L 8 2;
94 <<LRB1>> -65250 -5250 33024 2250 1000;
5 16 L 9 2;
94 <<LP2>> -55250 -5250 33024 1875 1000;
5 16 L 10 2;
94 <<LRB2>> -49250 -5250 33024 2475 1000;
5 16 L 11 2;
94 <<LP3>> -39250 -5250 33024 1875 1000;
5 16 L 12 2;
94 <<LRB3>> -33250 -5250 33024 2475 1000;
L PARM;
5 16 B 0 3;
94 <<area=B1>> -71250 -4750 32768 3975 1000;
5 16 B 1 3;
94 <<area=B2>> -55250 -4750 32768 4200 1000;
5 16 B 2 3;
94 <<area=B3>> -39250 -4750 32768 4200 1000;
DF;
E
* Generated by Xic from cell LSmitll_ptlrx_v2p1_schematic
.tran 0.5p 200p 0 0.25p UIC
B1 3 9 15 jjmit area=B1
B2 4 11 16 jjmit area=B2
B3 5 13 17 jjmit area=B3
IB1 0 6 pwl(0 0 5p IB1)
IB2 0 7 pwl(0 0 5p IB2)
IB3 0 8 pwl(0 0 5p IB3)
L1 A 3 L1
L2 3 4 L2
L2_0 8 5 0.2p
L3 4 5 L3
L4 5 Q L4
LB1 6 3 LB1
LB2 7 4 LB2
LP1 9 0 LP1
LP2 11 0 LP2
LP3 13 0 LP3
LRB1 10 0 LRB1
LRB2 12 0 LRB2
LRB3 14 0 LRB3
RB1 3 10 RB1
RB2 4 12 RB2
RB3 5 14 RB3
.model jjmit jj(rtype=1, vg=2.8mV, cap=0.07pF, r0=160, rn=16, icrit=0.1mA)


* Nb 30 A/cm2
.save @IB1[c]
.save @IB3[c]
.save @IB2[c]
