(Symbol LSmitll_SPLIT_v1p6_schematic);
($Id:$);
(PHYSICAL);
(RESOLUTION 1000);
9 LSmitll_SPLIT_v1p6_schematic;
DS 0 1 1;
DF;
E
(ELECTRICAL);
(RESOLUTION 1000);
5 10 1 0 -32000 13000 0x0 A;
5 10 2 1 70000 38000 0x0 Q0;
5 10 3 2 70000 -1000 0x0 Q1;
5 11 X 0 subckt;
9 LSmitll_SPLIT_v1p6_schematic;
DS 0 1 1;
(SymbolCall gnd);
5 10 0 0 51000 58000;
1 Bound 50000 58000 52000 60600;
( Rotate 180 );
9 gnd;
C 0 R -1 0 T 52000 59000;
(SymbolCall gnd);
5 10 0 0 -22000 33000;
1 Bound -23000 33000 -21000 35600;
( Rotate 180 );
9 gnd;
C 0 R -1 0 T -21000 34000;
(SymbolCall gnd);
5 10 0 0 -4000 33000;
1 Bound -5000 33000 -3000 35600;
( Rotate 180 );
9 gnd;
C 0 R -1 0 T -3000 34000;
(SymbolCall gnd);
5 10 0 0 35000 19000;
1 Bound 34000 19000 36000 21600;
( Rotate 180 );
9 gnd;
C 0 R -1 0 T 36000 20000;
(SymbolCall gnd);
5 10 0 0 51000 18000;
1 Bound 50000 15400 52000 18000;
9 gnd;
C 0 T 50000 17000;
(SymbolCall gnd);
5 10 0 0 57000 18000;
1 Bound 56000 15400 58000 18000;
9 gnd;
C 0 T 56000 17000;
(SymbolCall gnd);
5 10 0 0 -22000 -7000;
1 Bound -23000 -9600 -21000 -7000;
9 gnd;
C 0 T -23000 -8000;
(SymbolCall gnd);
5 10 0 0 -16000 -7000;
1 Bound -17000 -9600 -15000 -7000;
9 gnd;
C 0 T -17000 -8000;
(SymbolCall gnd);
5 10 0 0 -4000 -7000;
1 Bound -5000 -9600 -3000 -7000;
9 gnd;
C 0 T -5000 -8000;
(SymbolCall gnd);
5 10 0 0 2000 -7000;
1 Bound 1000 -9600 3000 -7000;
9 gnd;
C 0 T 1000 -8000;
(SymbolCall gnd);
5 10 0 0 35000 -21000;
1 Bound 34000 -23600 36000 -21000;
9 gnd;
C 0 T 34000 -22000;
(SymbolCall gnd);
5 10 0 0 41000 -21000;
1 Bound 40000 -23600 42000 -21000;
9 gnd;
C 0 T 40000 -22000;
(SymbolCall ind);
5 2 LB3;
5 11 L.LB3 0;
5 15 52000 47000 0 -1;
5 10 4 1 51000 38000 LB3-;
5 10 9 0 51000 48000 LB3+;
1 Bound 51000 38000 52500 48000;
9 ind;
C 0 T 50000 38000;
(SymbolCall ind);
5 2 L5;
5 11 L.L5 1;
5 10 4 0 57000 38000 L5+;
5 10 2 1 67000 38000 L5-;
5 15 58000 39000 1 0;
1 Bound 57000 38000 67000 39500;
( Rotate 90 );
9 ind;
C 0 R 0 1 T 67000 37000;
(SymbolCall ind);
5 2 LP3;
5 11 L.LP3 2;
5 15 52000 27000 0 -1;
5 10 0 1 51000 18000 LP3-;
5 10 10 0 51000 28000 LP3+;
1 Bound 51000 18000 52500 28000;
9 ind;
C 0 T 50000 18000;
(SymbolCall ind);
5 2 LRB3;
5 11 L.LRB3 3;
5 15 58000 27000 0 -1;
5 10 0 1 57000 18000 LRB3-;
5 10 11 0 57000 28000 LRB3+;
1 Bound 57000 18000 58500 28000;
9 ind;
C 0 T 56000 18000;
(SymbolCall ind);
5 2 L4;
5 15 14000 26000 0 -1;
5 11 L 4;
5 10 5 1 13000 17000 L4-;
5 10 4 0 13000 27000 L4+;
1 Bound 13000 17000 14500 27000;
9 ind;
C 0 T 12000 17000;
(SymbolCall ind);
5 2 LB1;
5 11 L.LB1 5;
5 10 12 0 -22000 23000 LB1+;
5 10 6 1 -22000 13000 LB1-;
5 15 -21000 22000 0 -1;
1 Bound -22000 13000 -20500 23000;
9 ind;
C 0 T -23000 13000;
(SymbolCall ind);
5 2 LB2;
5 11 L.LB2 6;
5 10 13 0 -4000 23000 LB2+;
5 10 7 1 -4000 13000 LB2-;
5 15 -3000 22000 0 -1;
1 Bound -4000 13000 -2500 23000;
9 ind;
C 0 T -5000 13000;
(SymbolCall ind);
5 2 L1;
5 11 L.L1 7;
5 10 6 1 -22000 13000 L1-;
5 10 1 0 -32000 13000 L1+;
5 15 -31000 14000 1 0;
1 Bound -32000 13000 -22000 14500;
( Rotate 90 );
9 ind;
C 0 R 0 1 T -22000 12000;
(SymbolCall ind);
5 2 L2;
5 11 L.L2 8;
5 10 7 1 -6000 13000 L2-;
5 10 6 0 -16000 13000 L2+;
5 15 -15000 14000 1 0;
1 Bound -16000 13000 -6000 14500;
( Rotate 90 );
9 ind;
C 0 R 0 1 T -6000 12000;
(SymbolCall ind);
5 2 L3;
5 11 L.L3 9;
5 10 7 0 2000 13000 L3+;
5 10 5 1 12000 13000 L3-;
5 15 3000 14000 1 0;
1 Bound 2000 13000 12000 14500;
( Rotate 90 );
9 ind;
C 0 R 0 1 T 12000 12000;
(SymbolCall ind);
5 2 L6;
5 11 L.L6 10;
5 15 14000 9000 0 -1;
5 10 8 1 13000 0 L6-;
5 10 5 0 13000 10000 L6+;
1 Bound 13000 0 14500 10000;
9 ind;
C 0 T 12000 0;
(SymbolCall ind);
5 2 LB4;
5 11 L.LB4 11;
5 10 14 0 35000 9000 LB4+;
5 10 8 1 35000 -1000 LB4-;
5 15 36000 8000 0 -1;
1 Bound 35000 -1000 36500 9000;
9 ind;
C 0 T 34000 -1000;
(SymbolCall ind);
5 2 LP1;
5 11 L.LP1 12;
5 10 0 1 -22000 -7000 LP1-;
5 10 15 0 -22000 3000 LP1+;
5 15 -21000 2000 0 -1;
1 Bound -22000 -7000 -20500 3000;
9 ind;
C 0 T -23000 -7000;
(SymbolCall ind);
5 2 LRB1;
5 11 L.LRB1 13;
5 15 -15000 2000 0 -1;
5 10 0 1 -16000 -7000 LRB1-;
5 10 16 0 -16000 3000 LRB1+;
1 Bound -16000 -7000 -14500 3000;
9 ind;
C 0 T -17000 -7000;
(SymbolCall ind);
5 2 LP2;
5 11 L.LP2 14;
5 10 17 0 -4000 3000 LP2+;
5 10 0 1 -4000 -7000 LP2-;
5 15 -3000 2000 0 -1;
1 Bound -4000 -7000 -2500 3000;
9 ind;
C 0 T -5000 -7000;
(SymbolCall ind);
5 2 LRB2;
5 11 L.LRB2 15;
5 10 18 0 2000 3000 LRB2+;
5 10 0 1 2000 -7000 LRB2-;
5 15 3000 2000 0 -1;
1 Bound 2000 -7000 3500 3000;
9 ind;
C 0 T 1000 -7000;
(SymbolCall ind);
5 2 L7;
5 11 L.L7 16;
5 10 3 1 51000 -1000 L7-;
5 10 8 0 41000 -1000 L7+;
5 15 42000 0 1 0;
1 Bound 41000 -1000 51000 500;
( Rotate 90 );
9 ind;
C 0 R 0 1 T 51000 -2000;
(SymbolCall ind);
5 2 LP4;
5 11 L.LP4 17;
5 15 36000 -12000 0 -1;
5 10 0 1 35000 -21000 LP4-;
5 10 19 0 35000 -11000 LP4+;
1 Bound 35000 -21000 36500 -11000;
9 ind;
C 0 T 34000 -21000;
(SymbolCall ind);
5 2 LRB4;
5 11 L.LRB4 18;
5 15 42000 -12000 0 -1;
5 10 0 1 41000 -21000 LRB4-;
5 10 20 0 41000 -11000 LRB4+;
1 Bound 41000 -21000 42500 -11000;
9 ind;
C 0 T 40000 -21000;
(SymbolCall isrc);
5 2 pwl(0 0 5p IB3);
5 11 I.IB3 0;
5 5 nophys;
5 15 51000 52000 0 -1 @<name>[c];
5 10 9 1 51000 48000 IB3_1;
5 10 0 0 51000 58000 IB3_0;
1 Bound 49000 48000 53000 58000;
9 isrc;
C 0 T 49000 48000;
(SymbolCall isrc);
5 2 pwl(0 0 5p IB1);
5 11 I.IB1 1;
5 5 nophys;
5 10 0 0 -22000 33000 IB1_0;
5 10 12 1 -22000 23000 IB1_1;
5 15 -22000 27000 0 -1 @<name>[c];
1 Bound -24000 23000 -20000 33000;
9 isrc;
C 0 T -24000 23000;
(SymbolCall isrc);
5 2 pwl(0 0 5p IB2);
5 11 I.IB2 2;
5 10 0 0 -4000 33000 IB2_0;
5 10 13 1 -4000 23000 IB2_1;
5 5 nophys;
5 15 -4000 27000 0 -1 @<name>[c];
1 Bound -6000 23000 -2000 33000;
9 isrc;
C 0 T -6000 23000;
(SymbolCall isrc);
5 2 pwl(0 0 5p IB4);
5 11 I.IB4 3;
5 10 0 0 35000 19000 IB4_0;
5 10 14 1 35000 9000 IB4_1;
5 5 nophys;
5 15 35000 13000 0 -1 @<name>[c];
1 Bound 33000 9000 37000 19000;
9 isrc;
C 0 T 33000 9000;
(SymbolCall jj);
5 3 area=B3;
5 1 jjmit;
5 11 B.B3 0;
5 10 21 2 50000 36000 B3_2;
5 10 10 1 51000 28000 B3-;
5 10 4 0 51000 38000 B3+;
1 Bound 49500 28000 52500 38000;
9 jj;
C 0 T 50000 28000;
(SymbolCall jj);
5 3 area=B1;
5 1 jjmit;
5 10 22 2 -23000 11000 B1_2;
5 10 15 1 -22000 3000 B1-;
5 10 6 0 -22000 13000 B1+;
5 11 B 1;
1 Bound -23500 3000 -20500 13000;
9 jj;
C 0 T -23000 3000;
(SymbolCall jj);
5 3 area=B2;
5 1 jjmit;
5 11 B 2;
5 10 7 0 -4000 13000 B2+;
5 10 17 1 -4000 3000 B2-;
5 10 23 2 -5000 11000 B2_2;
1 Bound -5500 3000 -2500 13000;
9 jj;
C 0 T -5000 3000;
(SymbolCall jj);
5 3 area=B4;
5 1 jjmit;
5 11 B.B4 3;
5 10 24 2 34000 -3000 B4_2;
5 10 19 1 35000 -11000 B4-;
5 10 8 0 35000 -1000 B4+;
1 Bound 33500 -11000 36500 -1000;
9 jj;
C 0 T 34000 -11000;
(SymbolCall res);
5 2 RB3;
5 11 R.RB3 0;
5 15 56000 37000 0 -1 "<v>/<value>O";
5 10 11 1 57000 28000 RB3-;
5 10 4 0 57000 38000 RB3+;
1 Bound 55750 28000 58000 38000;
9 res;
C 0 T 57000 38000;
(SymbolCall res);
5 2 RB1;
5 11 R.RB1 1;
5 10 16 1 -16000 3000 RB1-;
5 10 6 0 -16000 13000 RB1+;
5 15 -17000 12000 0 -1 "<v>/<value>O";
1 Bound -17250 3000 -15000 13000;
9 res;
C 0 T -16000 13000;
(SymbolCall res);
5 2 RB2;
5 11 R.RB2 2;
5 10 7 0 2000 13000 RB2+;
5 10 18 1 2000 3000 RB2-;
5 15 1000 12000 0 -1 "<v>/<value>O";
1 Bound 750 3000 3000 13000;
9 res;
C 0 T 2000 13000;
(SymbolCall res);
5 2 RB4;
5 11 R.RB4 3;
5 15 40000 -2000 0 -1 "<v>/<value>O";
5 10 20 1 41000 -11000 RB4-;
5 10 8 0 41000 -1000 RB4+;
1 Bound 39750 -11000 42000 -1000;
9 res;
C 0 T 41000 -1000;
L SCED;
5 10 4;
W2 0 57000 38000 51000 38000 13000 38000 13000 27000;
5 10 2;
W2 0 67000 38000 70000 38000;
5 10 5;
W2 0 13000 17000 13000 13000;
5 10 6;
W2 0 -22000 13000 -16000 13000;
5 10 7;
W2 0 -6000 13000 -4000 13000 2000 13000;
5 10 5;
W2 0 12000 13000 13000 13000 13000 10000;
5 10 8;
W2 0 13000 0 13000 -1000 35000 -1000 41000 -1000;
5 10 3;
W2 0 51000 -1000 70000 -1000;
L NAME;
5 16 I 0 11;
94 <<IB3>> 48750 56750 320 1575 1000;
5 16 L 0 11;
94 <<LB3>> 50750 46750 320 1875 1000;
5 16 L 1 11;
94 <<L5>> 57250 39750 0 1275 1000;
5 16 B 0 11;
94 <<B3>> 49250 36750 320 1275 1000;
5 16 R 0 11;
94 <<RB3>> 55500 36750 320 1875 1000;
5 16 I 1 11;
94 <<IB1>> -24250 31750 320 1350 1000;
5 16 I 2 11;
94 <<IB2>> -6250 31750 320 1575 1000;
5 16 L 2 11;
94 <<LP3>> 50750 26750 320 1875 1000;
5 16 L 3 11;
94 <<LRB3>> 56750 26750 320 2475 1000;
5 16 L 4 11;
94 <<L4>> 12750 25750 320 1275 1000;
5 16 L 5 11;
94 <<LB1>> -22250 21750 320 1650 1000;
5 16 L 6 11;
94 <<LB2>> -4250 21750 320 1875 1000;
5 16 I 3 11;
94 <<IB4>> 32750 17750 320 1575 1000;
5 16 L 7 11;
94 <<L1>> -31750 14750 0 1050 1000;
5 16 L 8 11;
94 <<L2>> -15750 14750 0 1275 1000;
5 16 L 9 11;
94 <<L3>> 2250 14750 0 1275 1000;
5 16 B 1 11;
94 <<B1>> -23750 11750 320 1050 1000;
5 16 R 1 11;
94 <<RB1>> -17500 11750 320 1650 1000;
5 16 B 2 11;
94 <<B2>> -5750 11750 320 1275 1000;
5 16 R 2 11;
94 <<RB2>> 500 11750 320 1875 1000;
5 16 L 10 11;
94 <<L6>> 12750 8750 320 1275 1000;
5 16 L 11 11;
94 <<LB4>> 34750 7750 320 1875 1000;
5 16 L 12 11;
94 <<LP1>> -22250 1750 320 1650 1000;
5 16 L 13 11;
94 <<LRB1>> -16250 1750 320 2250 1000;
5 16 L 14 11;
94 <<LP2>> -4250 1750 320 1875 1000;
5 16 L 15 11;
94 <<LRB2>> 1750 1750 320 2475 1000;
5 16 L 16 11;
94 <<L7>> 41250 750 0 1275 1000;
5 16 B 3 11;
94 <<B4>> 33250 -2250 320 1275 1000;
5 16 R 3 11;
94 <<RB4>> 39500 -2250 320 1875 1000;
5 16 L 17 11;
94 <<LP4>> 34750 -12250 320 1875 1000;
5 16 L 18 11;
94 <<LRB4>> 40750 -12250 320 2475 1000;
L MODL;
5 16 B 0 1;
94 <<jjmit>> 52750 37750 256 2550 1000;
5 16 B 1 1;
94 <<jjmit>> -20250 12750 256 2550 1000;
5 16 B 2 1;
94 <<jjmit>> -2250 12750 256 2550 1000;
5 16 B 3 1;
94 <<jjmit>> 36750 -1250 256 2550 1000;
L VALU;
5 16 I 0 2;
94 <<pwl(0 0 5p IB3)>> 53250 57750 33024 7875 1000;
5 16 L 0 2;
94 <<LB3>> 52750 47750 33024 1875 1000;
5 16 R 0 2;
94 <<RB3>> 62250 37750 33024 1875 1000;
5 16 L 1 2;
94 <<L5>> 66750 37750 33088 1275 1000;
5 16 I 1 2;
94 <<pwl(0 0 5p IB1)>> -19750 32750 33024 7650 1000;
5 16 I 2 2;
94 <<pwl(0 0 5p IB2)>> -1750 32750 33024 7875 1000;
5 16 L 2 2;
94 <<LP3>> 52750 27750 33024 1875 1000;
5 16 L 3 2;
94 <<LRB3>> 58750 27750 33024 2475 1000;
5 16 L 4 2;
94 <<L4>> 14750 26750 33024 1275 1000;
5 16 L 5 2;
94 <<LB1>> -20250 22750 33024 1650 1000;
5 16 L 6 2;
94 <<LB2>> -2250 22750 33024 1875 1000;
5 16 I 3 2;
94 <<pwl(0 0 5p IB4)>> 37250 18750 33024 7875 1000;
5 16 L 7 2;
94 <<L1>> -22250 12750 33088 1050 1000;
5 16 R 1 2;
94 <<RB1>> -14750 12750 33024 1650 1000;
5 16 L 8 2;
94 <<L2>> -6250 12750 33088 1275 1000;
5 16 R 2 2;
94 <<RB2>> 3250 12750 33024 1875 1000;
5 16 L 9 2;
94 <<L3>> 11750 12750 33088 1275 1000;
5 16 L 10 2;
94 <<L6>> 14750 9750 33024 1275 1000;
5 16 L 11 2;
94 <<LB4>> 36750 8750 33024 1875 1000;
5 16 L 12 2;
94 <<LP1>> -20250 2750 33024 1650 1000;
5 16 L 13 2;
94 <<LRB1>> -14250 2750 33024 2250 1000;
5 16 L 14 2;
94 <<LP2>> -2250 2750 33024 1875 1000;
5 16 L 15 2;
94 <<LRB2>> 3750 2750 33024 2475 1000;
5 16 R 3 2;
94 <<RB4>> 42250 -1250 33024 1875 1000;
5 16 L 16 2;
94 <<L7>> 50750 -1250 33088 1275 1000;
5 16 L 17 2;
94 <<LP4>> 36750 -11250 33024 1875 1000;
5 16 L 18 2;
94 <<LRB4>> 42750 -11250 33024 2475 1000;
L PARM;
5 16 B 0 3;
94 <<area=B3>> 52750 28250 32768 4200 1000;
5 16 B 1 3;
94 <<area=B1>> -20250 3250 32768 3975 1000;
5 16 B 2 3;
94 <<area=B2>> -2250 3250 32768 4200 1000;
5 16 B 3 3;
94 <<area=B4>> 36750 -10750 32768 4200 1000;
DF;
E
* Generated by Xic from cell noname
B1 6 15 22 jjmit area=B1
B2 7 17 23 jjmit area=B2
B3 4 10 21 jjmit area=B3
B4 8 19 24 jjmit area=B4
IB1 0 12 pwl(0 0 5p IB1)
IB2 0 13 pwl(0 0 5p IB2)
IB3 0 9 pwl(0 0 5p IB3)
IB4 0 14 pwl(0 0 5p IB4)
L1 A 6 L1
L2 6 7 L2
L3 7 5 L3
L4 4 5 L4
L5 4 Q0 L5
L6 5 8 L6
L7 8 Q1 L7
LB1 12 6 LB1
LB2 13 7 LB2
LB3 9 4 LB3
LB4 14 8 LB4
LP1 15 0 LP1
LP2 17 0 LP2
LP3 10 0 LP3
LP4 19 0 LP4
LRB1 16 0 LRB1
LRB2 18 0 LRB2
LRB3 11 0 LRB3
LRB4 20 0 LRB4
RB1 6 16 RB1
RB2 7 18 RB2
RB3 4 11 RB3
RB4 8 20 RB4
.model jjmit jj(rtype=1, vg=2.8mV, cap=0.07pF, r0=160, rn=16, icrit=0.1mA)


* Nb 30 A/cm2
.save @IB1[c]
.save @IB3[c]
.save @IB2[c]
.save @IB4[c]
