(Symbol LSmitll_buff_v1p5p1_schematic);
($Id:$);
(PHYSICAL);
(RESOLUTION 1000);
9 LSmitll_buff_v1p5p1_schematic;
DS 0 1 1;
DF;
E
(ELECTRICAL);
(RESOLUTION 1000);
5 10 1 0 -46000 7000 0x0 A;
5 10 2 1 22000 7000 0x0 Q;
5 11 X 0 subckt;
9 LSmitll_buff_v1p5p1_schematic;
DS 0 1 1;
(SymbolCall gnd);
5 10 0 0 -20000 27000;
1 Bound -20000 26000 -17400 28000;
( Rotate 90 );
9 gnd;
C 0 R 0 1 T -19000 26000;
(SymbolCall gnd);
5 10 0 0 6000 27000;
1 Bound 6000 26000 8600 28000;
( Rotate 90 );
9 gnd;
C 0 R 0 1 T 7000 26000;
(SymbolCall gnd);
5 10 0 0 -36000 -13000;
1 Bound -37000 -15600 -35000 -13000;
9 gnd;
C 0 T -37000 -14000;
(SymbolCall gnd);
5 10 0 0 -30000 -13000;
1 Bound -31000 -15600 -29000 -13000;
9 gnd;
C 0 T -31000 -14000;
(SymbolCall gnd);
5 10 0 0 -10000 -13000;
1 Bound -11000 -15600 -9000 -13000;
9 gnd;
C 0 T -11000 -14000;
(SymbolCall gnd);
5 10 0 0 -4000 -13000;
1 Bound -5000 -15600 -3000 -13000;
9 gnd;
C 0 T -5000 -14000;
(SymbolCall gnd);
5 10 0 0 6000 -13000;
1 Bound 5000 -15600 7000 -13000;
9 gnd;
C 0 T 5000 -14000;
(SymbolCall gnd);
5 10 0 0 12000 -13000;
1 Bound 11000 -15600 13000 -13000;
9 gnd;
C 0 T 11000 -14000;
(SymbolCall ind);
5 10 8 1 -20000 7000 LB1-;
5 10 6 0 -20000 17000 LB1+;
5 15 -19000 16000 0 -1;
5 11 L.LB1 0;
5 2 1p;
1 Bound -20000 7000 -18500 17000;
9 ind;
C 0 T -21000 7000;
(SymbolCall ind);
5 10 5 1 6000 7000 LB2-;
5 10 7 0 6000 17000 LB2+;
5 15 7000 16000 0 -1;
5 2 1p;
5 11 L.LB2 1;
1 Bound 6000 7000 7500 17000;
9 ind;
C 0 T 5000 7000;
(SymbolCall ind);
5 10 3 1 -36000 7000 L1-;
5 10 1 0 -46000 7000 L1+;
5 15 -45000 8000 1 0;
5 2 2p;
5 11 L.L1 2;
1 Bound -46000 7000 -36000 8500;
( Rotate 90 );
9 ind;
C 0 R 0 1 T -36000 6000;
(SymbolCall ind);
5 10 8 1 -20000 7000 L2-;
5 10 3 0 -30000 7000 L2+;
5 15 -29000 8000 1 0;
5 11 L.L2 3;
5 2 2p;
1 Bound -30000 7000 -20000 8500;
( Rotate 90 );
9 ind;
C 0 R 0 1 T -20000 6000;
(SymbolCall ind);
5 10 4 1 -10000 7000 L3-;
5 10 8 0 -20000 7000 L3+;
5 15 -19000 8000 1 0;
5 11 L.L3 4;
5 2 2p;
1 Bound -20000 7000 -10000 8500;
( Rotate 90 );
9 ind;
C 0 R 0 1 T -10000 6000;
(SymbolCall ind);
5 10 5 1 6000 7000 L4-;
5 10 4 0 -4000 7000 L4+;
5 15 -3000 8000 1 0;
5 11 L.L4 5;
5 2 3.8p;
1 Bound -4000 7000 6000 8500;
( Rotate 90 );
9 ind;
C 0 R 0 1 T 6000 6000;
(SymbolCall ind);
5 10 2 1 22000 7000 L5-;
5 10 5 0 12000 7000 L5+;
5 15 13000 8000 1 0;
5 11 L.L5 6;
5 2 2p;
1 Bound 12000 7000 22000 8500;
( Rotate 90 );
9 ind;
C 0 R 0 1 T 22000 6000;
(SymbolCall ind);
5 2 0.2p;
5 10 0 1 -36000 -13000 LP1-;
5 10 9 0 -36000 -3000 LP1+;
5 15 -35000 -4000 0 -1;
5 11 L.LP1 7;
1 Bound -36000 -13000 -34500 -3000;
9 ind;
C 0 T -37000 -13000;
(SymbolCall ind);
5 2 1.55p;
5 10 0 1 -30000 -13000 LRB1-;
5 10 10 0 -30000 -3000 LRB1+;
5 15 -29000 -4000 0 -1;
5 11 L.LRB1 8;
1 Bound -30000 -13000 -28500 -3000;
9 ind;
C 0 T -31000 -13000;
(SymbolCall ind);
5 2 0.2p;
5 10 0 1 -10000 -13000 LP2-;
5 10 11 0 -10000 -3000 LP2+;
5 15 -9000 -4000 0 -1;
5 11 L.LP2 9;
1 Bound -10000 -13000 -8500 -3000;
9 ind;
C 0 T -11000 -13000;
(SymbolCall ind);
5 2 1.55p;
5 10 0 1 -4000 -13000 LRB2-;
5 10 12 0 -4000 -3000 LRB2+;
5 15 -3000 -4000 0 -1;
5 11 L.LRB2 10;
1 Bound -4000 -13000 -2500 -3000;
9 ind;
C 0 T -5000 -13000;
(SymbolCall ind);
5 2 0.2p;
5 10 0 1 6000 -13000 LP3-;
5 10 13 0 6000 -3000 LP3+;
5 15 7000 -4000 0 -1;
5 11 L.LP3 11;
1 Bound 6000 -13000 7500 -3000;
9 ind;
C 0 T 5000 -13000;
(SymbolCall ind);
5 2 1.55p;
5 10 0 1 12000 -13000 LRB3-;
5 10 14 0 12000 -3000 LRB3+;
5 15 13000 -4000 0 -1;
5 11 L.LRB3 12;
1 Bound 12000 -13000 13500 -3000;
9 ind;
C 0 T 11000 -13000;
(SymbolCall isrc);
5 10 6 1 -20000 17000 IB1_1;
5 10 0 0 -20000 27000 IB1_0;
5 15 -20000 21000 0 -1 @<name>[c];
5 2 pwl(0 0 5p 325u);
5 11 I.IB1 0;
5 5 nophys;
1 Bound -22000 17000 -18000 27000;
9 isrc;
C 0 T -22000 17000;
(SymbolCall isrc);
5 10 7 1 6000 17000 IB2_1;
5 10 0 0 6000 27000 IB2_0;
5 15 6000 21000 0 -1 @<name>[c];
5 2 pwl(0 0 5p 175u);
5 11 I.IB2 1;
5 5 nophys;
1 Bound 4000 17000 8000 27000;
9 isrc;
C 0 T 4000 17000;
(SymbolCall jj);
5 10 15 2 -37000 5000 B1_2;
5 10 9 1 -36000 -3000 B1-;
5 10 3 0 -36000 7000 B1+;
5 3 area=2.5;
5 1 jjmit;
5 11 B.B1 0;
1 Bound -37500 -3000 -34500 7000;
9 jj;
C 0 T -37000 -3000;
(SymbolCall jj);
5 10 16 2 -11000 5000 B2_2;
5 10 11 1 -10000 -3000 B2-;
5 10 4 0 -10000 7000 B2+;
5 11 B.B2 1;
5 1 jjmit;
5 3 area=2.5;
1 Bound -11500 -3000 -8500 7000;
9 jj;
C 0 T -11000 -3000;
(SymbolCall jj);
5 10 17 2 5000 5000 B3_2;
5 10 13 1 6000 -3000 B3-;
5 10 5 0 6000 7000 B3+;
5 1 jjmit;
5 3 area=2.5;
5 11 B.B3 2;
1 Bound 4500 -3000 7500 7000;
9 jj;
C 0 T 5000 -3000;
(SymbolCall res);
5 2 2.744;
5 10 10 1 -30000 -3000 RB1-;
5 10 3 0 -30000 7000 RB1+;
5 15 -31000 6000 0 -1 "<v>/<value>O";
5 11 R.RB1 0;
1 Bound -31250 -3000 -29000 7000;
9 res;
C 0 T -30000 7000;
(SymbolCall res);
5 2 2.744;
5 10 12 1 -4000 -3000 RB2-;
5 10 4 0 -4000 7000 RB2+;
5 15 -5000 6000 0 -1 "<v>/<value>O";
5 11 R.RB2 1;
1 Bound -5250 -3000 -3000 7000;
9 res;
C 0 T -4000 7000;
(SymbolCall res);
5 2 2.744;
5 10 14 1 12000 -3000 RB3-;
5 10 5 0 12000 7000 RB3+;
5 15 11000 6000 0 -1 "<v>/<value>O";
5 11 R.RB3 2;
1 Bound 10750 -3000 13000 7000;
9 res;
C 0 T 12000 7000;
L SCED;
5 10 3;
W2 0 -36000 7000 -30000 7000;
5 10 4;
W2 0 -10000 7000 -4000 7000;
5 10 5;
W2 0 6000 7000 12000 7000;
L NAME;
5 16 I 0 11;
94 <<IB1>> -22250 25750 320 1350 1000;
5 16 I 1 11;
94 <<IB2>> 3750 25750 320 1575 1000;
5 16 L 0 11;
94 <<LB1>> -20250 15750 320 1650 1000;
5 16 L 1 11;
94 <<LB2>> 5750 15750 320 1875 1000;
5 16 L 2 11;
94 <<L1>> -45750 8750 0 1050 1000;
5 16 L 3 11;
94 <<L2>> -29750 8750 0 1275 1000;
5 16 L 4 11;
94 <<L3>> -19750 8750 0 1275 1000;
5 16 L 5 11;
94 <<L4>> -3750 8750 0 1275 1000;
5 16 L 6 11;
94 <<L5>> 12250 8750 0 1275 1000;
5 16 B 0 11;
94 <<B1>> -37750 5750 320 1050 1000;
5 16 R 0 11;
94 <<RB1>> -31500 5750 320 1650 1000;
5 16 B 1 11;
94 <<B2>> -11750 5750 320 1275 1000;
5 16 R 1 11;
94 <<RB2>> -5500 5750 320 1875 1000;
5 16 B 2 11;
94 <<B3>> 3500 5750 320 1275 1000;
5 16 R 2 11;
94 <<RB3>> 9750 5750 320 1875 1000;
5 16 L 7 11;
94 <<LP1>> -36250 -4250 320 1650 1000;
5 16 L 8 11;
94 <<LRB1>> -30250 -4250 320 2250 1000;
5 16 L 9 11;
94 <<LP2>> -10250 -4250 320 1875 1000;
5 16 L 10 11;
94 <<LRB2>> -4250 -4250 320 2475 1000;
5 16 L 11 11;
94 <<LP3>> 5750 -4250 320 1875 1000;
5 16 L 12 11;
94 <<LRB3>> 11750 -4250 320 2475 1000;
L MODL;
5 16 B 0 1;
94 <<jjmit>> -33250 6750 256 2550 1000;
5 16 B 1 1;
94 <<jjmit>> -8250 6750 256 2550 1000;
5 16 B 2 1;
94 <<jjmit>> 7750 6750 256 2550 1000;
L VALU;
5 16 I 0 2;
94 <<pwl(0 0 5p 325u)>> -17750 26750 33024 8775 1000;
5 16 I 1 2;
94 <<pwl(0 0 5p 175u)>> 8250 26750 33024 8550 1000;
5 16 L 0 2;
94 <<1p>> -18250 16750 33024 1050 1000;
5 16 L 1 2;
94 <<1p>> 7750 16750 33024 1050 1000;
5 16 L 2 2;
94 <<2p>> -36250 6750 33088 1275 1000;
5 16 R 0 2;
94 <<2.744>> -28750 6750 33024 2700 1000;
5 16 L 3 2;
94 <<2p>> -20250 6750 33088 1275 1000;
5 16 L 4 2;
94 <<2p>> -10250 6750 33088 1275 1000;
5 16 R 1 2;
94 <<2.744>> -2750 6750 33024 2700 1000;
5 16 L 5 2;
94 <<3.8p>> 5750 6750 33088 2100 1000;
5 16 R 2 2;
94 <<2.744>> 13250 6750 33024 2700 1000;
5 16 L 6 2;
94 <<2p>> 21750 6750 33088 1275 1000;
5 16 L 7 2;
94 <<0.2p>> -34250 -3250 33024 2100 1000;
5 16 L 8 2;
94 <<1.55p>> -28250 -3250 33024 2475 1000;
5 16 L 9 2;
94 <<0.2p>> -8250 -3250 33024 2100 1000;
5 16 L 10 2;
94 <<1.55p>> -2250 -3250 33024 2475 1000;
5 16 L 11 2;
94 <<0.2p>> 7750 -3250 33024 2100 1000;
5 16 L 12 2;
94 <<1.55p>> 13750 -3250 33024 2475 1000;
L PARM;
5 16 B 0 3;
94 <<area=2.5>> -34250 -2750 32768 4425 1000;
5 16 B 1 3;
94 <<area=2.5>> -8250 -2750 32768 4425 1000;
5 16 B 2 3;
94 <<area=2.5>> 7750 -2750 32768 4425 1000;
DF;
E
* Generated by Xic from cell LSmitll_buff_v1p5p1_schematic
B1 3 9 15 jjmit area=2.5
B2 4 11 16 jjmit area=2.5
B3 5 13 17 jjmit area=2.5
IB1 0 6 pwl(0 0 5p 325u)
IB2 0 7 pwl(0 0 5p 175u)
L1 A 3 2p
L2 3 8 2p
L3 8 4 2p
L4 4 5 3.8p
L5 5 Q 2p
LB1 6 8 1p
LB2 7 5 1p
LP1 9 0 0.2p
LP2 11 0 0.2p
LP3 13 0 0.2p
LRB1 10 0 1.55p
LRB2 12 0 1.55p
LRB3 14 0 1.55p
RB1 3 10 2.744
RB2 4 12 2.744
RB3 5 14 2.744
.model jjmit jj(rtype=1, vg=2.8mV, cap=0.07pF, r0=160, rn=16, icrit=0.1mA)

*MIT-LL model
.save @IB1[c]
.save @IB2[c]
