(Symbol LSmitll_JTLT_v1p5p1);
($Id:$);
(PHYSICAL);
(RESOLUTION 1000);
9 LSmitll_JTLT_v1p5p1;
DS 0 1 1;
DF;
E
(ELECTRICAL);
(RESOLUTION 1000);
5 7101 tran 0.5p 100p 0 0.25p UIC;
5 10 1 0 -59000:-80000 -5000:-5000 0x0 A;
5 10 2 1 25000:41000 -5000:-5000 0x0 Q;
5 18 0
  L ETC2:
  B 47500 29900 -19550 -5550:
  94 <<JTLT>> -28200 -8500 0 16896 7168:
  W 0 4200 -8405 3516 -8338 2859 -8138 2253 -7814 1722 -7378 1286 -6847
 962 -6241 762 -5584 695 -4900 762 -4216 962 -3559 1286 -2953 1722 -2422
 2253 -1986 2859 -1662 3516 -1462 4200 -1395:
  W 0 -43300 -8505 -42616 -8438 -41959 -8238 -41353 -7914 -40822 -7478
 -40386 -6947 -40062 -6341 -39862 -5684 -39795 -5000 -39862 -4316 -40062 -3659
 -40386 -3053 -40822 -2522 -41353 -2086 -41959 -1762 -42616 -1562 -43300 -1495:
  W 0 -78400 -5000 -43300 -5000:
  W 0 39700 -5000 4200 -5000:
;
5 11 X 0 subckt;
9 LSmitll_JTLT_v1p5p1;
DS 0 1 1;
(SymbolCall gnd);
5 10 0 0 -49000 15000;
1 Bound -49000 14000 -46400 16000;
( Rotate 90 );
9 gnd;
C 0 R 0 1 T -48000 14000;
(SymbolCall gnd);
5 10 0 0 -11000 15000;
1 Bound -11000 14000 -8400 16000;
( Rotate 90 );
9 gnd;
C 0 R 0 1 T -10000 14000;
(SymbolCall gnd);
5 10 0 0 -49000 -25000;
1 Bound -50000 -27600 -48000 -25000;
9 gnd;
C 0 T -50000 -26000;
(SymbolCall gnd);
5 10 0 0 -43000 -25000;
1 Bound -44000 -27600 -42000 -25000;
9 gnd;
C 0 T -44000 -26000;
(SymbolCall gnd);
5 10 0 0 -27000 -25000;
1 Bound -28000 -27600 -26000 -25000;
9 gnd;
C 0 T -28000 -26000;
(SymbolCall gnd);
5 10 0 0 -21000 -25000;
1 Bound -22000 -27600 -20000 -25000;
9 gnd;
C 0 T -22000 -26000;
(SymbolCall gnd);
5 10 0 0 -1000 -25000;
1 Bound -2000 -27600 0 -25000;
9 gnd;
C 0 T -2000 -26000;
(SymbolCall gnd);
5 10 0 0 5000 -25000;
1 Bound 4000 -27600 6000 -25000;
9 gnd;
C 0 T 4000 -26000;
(SymbolCall ind);
5 10 3 1 -49000 -5000 LB1-;
5 10 6 0 -49000 5000 LB1+;
5 15 -48000 4000 0 -1;
5 11 L.LB1 0;
5 2 2e-13;
1 Bound -49000 -5000 -47500 5000;
9 ind;
C 0 T -50000 -5000;
(SymbolCall ind);
5 10 8 1 -11000 -5000 LB2-;
5 10 7 0 -11000 5000 LB2+;
5 15 -10000 4000 0 -1;
5 11 L.LB2 1;
5 2 2e-13;
1 Bound -11000 -5000 -9500 5000;
9 ind;
C 0 T -12000 -5000;
(SymbolCall ind);
5 10 3 1 -49000 -5000 L1-;
5 10 1 0 -59000 -5000 L1+;
5 15 -58000 -4000 1 0;
5 2 2p;
5 11 L.L1 2;
1 Bound -59000 -5000 -49000 -3500;
( Rotate 90 );
9 ind;
C 0 R 0 1 T -49000 -6000;
(SymbolCall ind);
5 10 4 1 -27000 -5000 L2-;
5 10 3 0 -37000 -5000 L2+;
5 15 -36000 -4000 1 0;
5 2 6.46p;
5 11 L.L2 3;
1 Bound -37000 -5000 -27000 -3500;
( Rotate 90 );
9 ind;
C 0 R 0 1 T -27000 -6000;
(SymbolCall ind);
5 10 8 1 -11000 -5000 L3-;
5 10 4 0 -21000 -5000 L3+;
5 15 -20000 -4000 1 0;
5 2 2.58p;
5 11 L.L3 4;
1 Bound -21000 -5000 -11000 -3500;
( Rotate 90 );
9 ind;
C 0 R 0 1 T -11000 -6000;
(SymbolCall ind);
5 10 5 1 -1000 -5000 L4-;
5 10 8 0 -11000 -5000 L4+;
5 15 -10000 -4000 1 0;
5 2 2.58p;
5 11 L.L4 5;
1 Bound -11000 -5000 -1000 -3500;
( Rotate 90 );
9 ind;
C 0 R 0 1 T -1000 -6000;
(SymbolCall ind);
5 10 9 1 15000 -5000 L5-;
5 10 5 0 5000 -5000 L5+;
5 15 6000 -4000 1 0;
5 2 2p;
5 11 L.L5 6;
1 Bound 5000 -5000 15000 -3500;
( Rotate 90 );
9 ind;
C 0 R 0 1 T 15000 -6000;
(SymbolCall ind);
5 10 0 1 -49000 -25000 LP1-;
5 10 10 0 -49000 -15000 LP1+;
5 15 -48000 -16000 0 -1;
5 11 L.LP1 7;
5 2 2e-13;
1 Bound -49000 -25000 -47500 -15000;
9 ind;
C 0 T -50000 -25000;
(SymbolCall ind);
5 10 0 1 -43000 -25000 LRB1-;
5 10 11 0 -43000 -15000 LRB1+;
5 15 -42000 -16000 0 -1;
5 2 1p;
5 11 L.LRB1 8;
1 Bound -43000 -25000 -41500 -15000;
9 ind;
C 0 T -44000 -25000;
(SymbolCall ind);
5 10 0 1 -27000 -25000 LP2-;
5 10 12 0 -27000 -15000 LP2+;
5 15 -26000 -16000 0 -1;
5 11 L.LP2 9;
5 2 2e-13;
1 Bound -27000 -25000 -25500 -15000;
9 ind;
C 0 T -28000 -25000;
(SymbolCall ind);
5 10 0 1 -21000 -25000 LRB2-;
5 10 13 0 -21000 -15000 LRB2+;
5 15 -20000 -16000 0 -1;
5 2 1p;
5 11 L.LRB2 10;
1 Bound -21000 -25000 -19500 -15000;
9 ind;
C 0 T -22000 -25000;
(SymbolCall ind);
5 10 0 1 -1000 -25000 LP3-;
5 10 14 0 -1000 -15000 LP3+;
5 15 0 -16000 0 -1;
5 11 L.LP3 11;
5 2 2e-13;
1 Bound -1000 -25000 500 -15000;
9 ind;
C 0 T -2000 -25000;
(SymbolCall ind);
5 10 0 1 5000 -25000 LRB3-;
5 10 15 0 5000 -15000 LRB3+;
5 15 6000 -16000 0 -1;
5 2 1p;
5 11 L.LRB3 12;
1 Bound 5000 -25000 6500 -15000;
9 ind;
C 0 T 4000 -25000;
(SymbolCall isrc);
5 10 6 1 -49000 5000 IB1_1;
5 10 0 0 -49000 15000 IB1_0;
5 15 -49000 9000 0 -1 @<name>[c];
5 2 pwl(0 0 5p 112u);
5 11 I.IB1 0;
5 5 nophys;
1 Bound -51000 5000 -47000 15000;
9 isrc;
C 0 T -51000 5000;
(SymbolCall isrc);
5 10 7 1 -11000 5000 IB2_1;
5 10 0 0 -11000 15000 IB2_0;
5 15 -11000 9000 0 -1 @<name>[c];
5 2 pwl(0 0 5p 315u);
5 11 I.IB2 1;
5 5 nophys;
1 Bound -13000 5000 -9000 15000;
9 isrc;
C 0 T -13000 5000;
(SymbolCall jj);
5 10 16 2 -50000 -7000 B1_2;
5 10 10 1 -49000 -15000 B1-;
5 10 3 0 -49000 -5000 B1+;
5 3 area=1.6;
5 1 jjmit;
5 11 B.B1 0;
1 Bound -50500 -15000 -47500 -5000;
9 jj;
C 0 T -50000 -15000;
(SymbolCall jj);
5 10 17 2 -28000 -7000 B2_2;
5 10 12 1 -27000 -15000 B2-;
5 10 4 0 -27000 -5000 B2+;
5 3 area=2;
5 1 jjmit;
5 11 B.B2 1;
1 Bound -28500 -15000 -25500 -5000;
9 jj;
C 0 T -28000 -15000;
(SymbolCall jj);
5 10 18 2 -2000 -7000 B3_2;
5 10 14 1 -1000 -15000 B3-;
5 10 5 0 -1000 -5000 B3+;
5 3 area=2.5;
5 1 jjmit;
5 11 B.B3 2;
1 Bound -2500 -15000 500 -5000;
9 jj;
C 0 T -2000 -15000;
(SymbolCall res);
5 10 2 1 25000 -5000 RD-;
5 10 9 0 15000 -5000 RD+;
5 15 16000 -6000 1 0 "<v>/<value>O";
5 11 R.RD 0;
5 2 1.36;
1 Bound 15000 -6250 25000 -4000;
( Rotate 90 );
9 res;
C 0 R 0 1 T 15000 -5000;
(SymbolCall res);
5 10 11 1 -43000 -15000 RB1-;
5 10 3 0 -43000 -5000 RB1+;
5 15 -44000 -6000 0 -1 "<v>/<value>O";
5 2 6.063;
5 11 R.RB1 1;
1 Bound -44250 -15000 -42000 -5000;
9 res;
C 0 T -43000 -5000;
(SymbolCall res);
5 10 13 1 -21000 -15000 RB2-;
5 10 4 0 -21000 -5000 RB2+;
5 15 -22000 -6000 0 -1 "<v>/<value>O";
5 2 3.43;
5 11 R.RB2 2;
1 Bound -22250 -15000 -20000 -5000;
9 res;
C 0 T -21000 -5000;
(SymbolCall res);
5 10 15 1 5000 -15000 RB3-;
5 10 5 0 5000 -5000 RB3+;
5 15 4000 -6000 0 -1 "<v>/<value>O";
5 11 R.RB3 3;
5 2 2.744;
1 Bound 3750 -15000 6000 -5000;
9 res;
C 0 T 5000 -5000;
L SCED;
5 10 3;
W2 0 -49000 -5000 -43000 -5000 -37000 -5000;
5 10 4;
W2 0 -27000 -5000 -21000 -5000;
5 10 5;
W2 0 -1000 -5000 5000 -5000;
L NAME;
5 16 I 0 11;
94 <<IB1>> -51250 13750 320 1350 1000;
5 16 I 1 11;
94 <<IB2>> -13250 13750 320 1575 1000;
5 16 L 0 11;
94 <<LB1>> -49250 3750 320 1650 1000;
5 16 L 1 11;
94 <<LB2>> -11250 3750 320 1875 1000;
5 16 L 2 11;
94 <<L1>> -58750 -3250 0 1050 1000;
5 16 L 3 11;
94 <<L2>> -36750 -3250 0 1275 1000;
5 16 L 4 11;
94 <<L3>> -20750 -3250 0 1275 1000;
5 16 L 5 11;
94 <<L4>> -10750 -3250 0 1275 1000;
5 16 L 6 11;
94 <<L5>> 5250 -3250 0 1275 1000;
5 16 R 0 11;
94 <<RD>> 15250 -3750 0 1275 1000;
5 16 B 0 11;
94 <<B1>> -50750 -6250 320 1050 1000;
5 16 R 1 11;
94 <<RB1>> -44500 -6250 320 1650 1000;
5 16 B 1 11;
94 <<B2>> -28750 -6250 320 1275 1000;
5 16 R 2 11;
94 <<RB2>> -22500 -6250 320 1875 1000;
5 16 B 2 11;
94 <<B3>> -2750 -6250 320 1275 1000;
5 16 R 3 11;
94 <<RB3>> 3500 -6250 320 1875 1000;
5 16 L 7 11;
94 <<LP1>> -49250 -16250 320 1650 1000;
5 16 L 8 11;
94 <<LRB1>> -43250 -16250 320 2250 1000;
5 16 L 9 11;
94 <<LP2>> -27250 -16250 320 1875 1000;
5 16 L 10 11;
94 <<LRB2>> -21250 -16250 320 2475 1000;
5 16 L 11 11;
94 <<LP3>> -1250 -16250 320 1875 1000;
5 16 L 12 11;
94 <<LRB3>> 4750 -16250 320 2475 1000;
L MODL;
5 16 B 0 1;
94 <<jjmit>> -47250 -5250 256 2550 1000;
5 16 B 1 1;
94 <<jjmit>> -25250 -5250 256 2550 1000;
5 16 B 2 1;
94 <<jjmit>> 750 -5250 256 2550 1000;
L VALU;
5 16 I 0 2;
94 <<pwl(0 0 5p 112u)>> -46750 14750 33024 8325 1000;
5 16 I 1 2;
94 <<pwl(0 0 5p 315u)>> -8750 14750 33024 8550 1000;
5 16 L 0 2;
94 <<2e-13>> -47250 4750 33024 2850 1000;
5 16 L 1 2;
94 <<2e-13>> -9250 4750 33024 2850 1000;
5 16 L 2 2;
94 <<2p>> -49250 -5250 33088 1275 1000;
5 16 R 1 2;
94 <<6.063>> -41750 -5250 33024 2700 1000;
5 16 L 3 2;
94 <<6.46p>> -27250 -5250 33088 2700 1000;
5 16 R 2 2;
94 <<3.43>> -19750 -5250 33024 2100 1000;
5 16 L 4 2;
94 <<2.58p>> -11250 -5250 33088 2700 1000;
5 16 L 5 2;
94 <<2.58p>> -1250 -5250 33088 2700 1000;
5 16 R 3 2;
94 <<2.744>> 6250 -5250 33024 2700 1000;
5 16 L 6 2;
94 <<2p>> 14750 -5250 33088 1275 1000;
5 16 R 0 2;
94 <<1.36>> 24750 -6500 33088 1875 1000;
5 16 L 7 2;
94 <<2e-13>> -47250 -15250 33024 2850 1000;
5 16 L 8 2;
94 <<1p>> -41250 -15250 33024 1050 1000;
5 16 L 9 2;
94 <<2e-13>> -25250 -15250 33024 2850 1000;
5 16 L 10 2;
94 <<1p>> -19250 -15250 33024 1050 1000;
5 16 L 11 2;
94 <<2e-13>> 750 -15250 33024 2850 1000;
5 16 L 12 2;
94 <<1p>> 6750 -15250 33024 1050 1000;
L PARM;
5 16 B 0 3;
94 <<area=1.6>> -47250 -14750 32768 4200 1000;
5 16 B 1 3;
94 <<area=2>> -25250 -14750 32768 3600 1000;
5 16 B 2 3;
94 <<area=2.5>> 750 -14750 32768 4425 1000;
DF;
E
* Generated by Xic from cell LSmitll_JTLT_v1p5p1
.tran 0.5p 100p 0 0.25p UIC
B1 3 10 16 jjmit area=1.6
B2 4 12 17 jjmit area=2
B3 5 14 18 jjmit area=2.5
IB1 0 6 pwl(0 0 5p 112u)
IB2 0 7 pwl(0 0 5p 315u)
L1 A 3 2p
L2 3 4 6.46p
L3 4 8 2.58p
L4 8 5 2.58p
L5 5 9 2p
LB1 6 3 2e-13
LB2 7 8 2e-13
LP1 10 0 2e-13
LP2 12 0 2e-13
LP3 14 0 2e-13
LRB1 11 0 1p
LRB2 13 0 1p
LRB3 15 0 1p
RB1 3 11 6.063
RB2 4 13 3.43
RB3 5 15 2.744
RD 9 Q 1.36
.model jjmit jj(rtype=1, vg=2.8mV, cap=0.07pF, r0=160, rn=16, icrit=0.1mA)

*MIT-LL model
.save @IB1[c]
.save @IB2[c]
