(Symbol LSmitll_SFQDC_v1p5p1);
($Id:$);
(PHYSICAL);
(RESOLUTION 1000);
9 LSmitll_SFQDC_v1p5p1;
DS 0 1 1;
DF;
E
(ELECTRICAL);
(RESOLUTION 1000);
5 7101 tran 0.5p 200p 0 0.25p UIC;
5 10 1 0 -72000 5000 0x0 A;
5 10 2 1 108000 5000 0x0 Q;
5 11 X 0 subckt;
9 LSmitll_SFQDC_v1p5p1;
DS 0 1 1;
(SymbolCall gnd);
5 10 0 0 -21000 31000;
1 Bound -22000 31000 -20000 33600;
( Rotate 180 );
9 gnd;
C 0 R -1 0 T -20000 32000;
(SymbolCall gnd);
5 10 0 0 52000 21000;
1 Bound 51000 21000 53000 23600;
( Rotate 180 );
9 gnd;
C 0 R -1 0 T 53000 22000;
(SymbolCall gnd);
5 10 0 0 10000 21000;
1 Bound 10000 20000 12600 22000;
( Rotate 90 );
9 gnd;
C 0 R 0 1 T 11000 20000;
(SymbolCall gnd);
5 10 0 0 -62000 15000;
1 Bound -63000 15000 -61000 17600;
( Rotate 180 );
9 gnd;
C 0 R -1 0 T -61000 16000;
(SymbolCall gnd);
5 10 0 0 82000 15000;
1 Bound 81000 15000 83000 17600;
( Rotate 180 );
9 gnd;
C 0 R -1 0 T 83000 16000;
(SymbolCall gnd);
5 10 0 0 10000 15000;
1 Bound 10000 14000 12600 16000;
( Rotate 90 );
9 gnd;
C 0 R 0 1 T 11000 14000;
(SymbolCall gnd);
5 10 0 0 10000 -3000;
1 Bound 10000 -4000 12600 -2000;
( Rotate 90 );
9 gnd;
C 0 R 0 1 T 11000 -4000;
(SymbolCall gnd);
5 10 0 0 10000 -13000;
1 Bound 10000 -14000 12600 -12000;
( Rotate 90 );
9 gnd;
C 0 R 0 1 T 11000 -14000;
(SymbolCall gnd);
5 10 0 0 -62000 -15000;
1 Bound -63000 -17600 -61000 -15000;
9 gnd;
C 0 T -63000 -16000;
(SymbolCall gnd);
5 10 0 0 -56000 -15000;
1 Bound -57000 -17600 -55000 -15000;
9 gnd;
C 0 T -57000 -16000;
(SymbolCall gnd);
5 10 0 0 66000 -15000;
1 Bound 65000 -17600 67000 -15000;
9 gnd;
C 0 T 65000 -16000;
(SymbolCall gnd);
5 10 0 0 72000 -15000;
1 Bound 71000 -17600 73000 -15000;
9 gnd;
C 0 T 71000 -16000;
(SymbolCall gnd);
5 10 0 0 92000 -15000;
1 Bound 91000 -17600 93000 -15000;
9 gnd;
C 0 T 91000 -16000;
(SymbolCall gnd);
5 10 0 0 98000 -15000;
1 Bound 97000 -17600 99000 -15000;
9 gnd;
C 0 T 97000 -16000;
(SymbolCall gnd);
5 10 0 0 10000 -19000;
1 Bound 10000 -20000 12600 -18000;
( Rotate 90 );
9 gnd;
C 0 R 0 1 T 11000 -20000;
(SymbolCall ind);
5 10 14 1 -31000 21000 LB3-;
5 10 3 0 -41000 21000 LB3+;
5 15 -40000 22000 1 0;
5 2 LB3;
5 11 L.LB3 0;
1 Bound -41000 21000 -31000 22500;
( Rotate 90 );
9 ind;
C 0 R 0 1 T -31000 20000;
(SymbolCall ind);
5 10 15 1 0 21000 LB5-;
5 10 5 0 -10000 21000 LB5+;
5 15 -9000 22000 1 0;
5 2 LB5;
5 11 L.LB5 1;
1 Bound -10000 21000 0 22500;
( Rotate 90 );
9 ind;
C 0 R 0 1 T 0 20000;
(SymbolCall ind);
5 10 5 1 -10000 15000 L4B-;
5 10 4 0 -20000 15000 L4B+;
5 15 -19000 16000 1 0;
5 2 L4b;
5 11 L.L4b 2;
1 Bound -20000 15000 -10000 16500;
( Rotate 90 );
9 ind;
C 0 R 0 1 T -10000 14000;
(SymbolCall ind);
5 10 0 1 10000 15000 LP5-;
5 10 16 0 0 15000 LP5+;
5 15 1000 16000 1 0;
5 2 LP5;
5 11 L.LP5 3;
1 Bound 0 15000 10000 16500;
( Rotate 90 );
9 ind;
C 0 R 0 1 T 10000 14000;
(SymbolCall ind);
5 10 17 1 -41000 5000 L4-;
5 10 3 0 -41000 15000 L4+;
5 15 -40000 14000 0 -1;
5 2 L4;
5 11 L.L4 4;
1 Bound -41000 5000 -39500 15000;
9 ind;
C 0 T -42000 5000;
(SymbolCall ind);
5 10 9 1 -10000 5000 L6-;
5 10 5 0 -10000 15000 L6+;
5 15 -9000 14000 0 -1;
5 2 L6;
5 11 L.L6 5;
1 Bound -10000 5000 -8500 15000;
9 ind;
C 0 T -11000 5000;
(SymbolCall ind);
5 10 19 1 42000 11000 LB6-;
5 10 6 0 32000 11000 LB6+;
5 15 33000 12000 1 0;
5 2 LB6;
5 11 L.LB6 6;
1 Bound 32000 11000 42000 12500;
( Rotate 90 );
9 ind;
C 0 R 0 1 T 42000 10000;
(SymbolCall ind);
5 10 8 1 -62000 5000 L1-;
5 10 1 0 -72000 5000 L1+;
5 15 -71000 6000 1 0;
5 2 L1;
5 11 L.L1 7;
1 Bound -72000 5000 -62000 6500;
( Rotate 90 );
9 ind;
C 0 R 0 1 T -62000 4000;
(SymbolCall ind);
5 10 17 1 -41000 5000 L3-;
5 10 8 0 -51000 5000 L3+;
5 15 -50000 6000 1 0;
5 2 L3;
5 11 L.L3 8;
1 Bound -51000 5000 -41000 6500;
( Rotate 90 );
9 ind;
C 0 R 0 1 T -41000 4000;
(SymbolCall ind);
5 10 6 1 32000 5000 L10-;
5 10 9 0 22000 5000 L10+;
5 15 23000 6000 1 0;
5 2 L10;
5 11 L.L10 9;
1 Bound 22000 5000 32000 6500;
( Rotate 90 );
9 ind;
C 0 R 0 1 T 32000 4000;
(SymbolCall ind);
5 10 10 1 66000 5000 L19-;
5 10 7 0 56000 5000 L19+;
5 15 57000 6000 1 0;
5 2 L19;
5 11 L.L19 10;
1 Bound 56000 5000 66000 6500;
( Rotate 90 );
9 ind;
C 0 R 0 1 T 66000 4000;
(SymbolCall ind);
5 10 18 1 82000 5000 L13-;
5 10 10 0 72000 5000 L13+;
5 15 73000 6000 1 0;
5 2 L13;
5 11 L.L13 11;
1 Bound 72000 5000 82000 6500;
( Rotate 90 );
9 ind;
C 0 R 0 1 T 82000 4000;
(SymbolCall ind);
5 10 11 1 92000 5000 L18-;
5 10 18 0 82000 5000 L18+;
5 15 83000 6000 1 0;
5 2 L18;
5 11 L.L18 12;
1 Bound 82000 5000 92000 6500;
( Rotate 90 );
9 ind;
C 0 R 0 1 T 92000 4000;
(SymbolCall ind);
5 10 2 1 108000 5000 L17-;
5 10 11 0 98000 5000 L17+;
5 15 99000 6000 1 0;
5 2 L17;
5 11 L.L17 13;
1 Bound 98000 5000 108000 6500;
( Rotate 90 );
9 ind;
C 0 R 0 1 T 108000 4000;
(SymbolCall ind);
5 10 21 1 -56000 -5000 LB1-;
5 10 8 0 -56000 5000 LB1+;
5 15 -55000 4000 0 -1;
5 2 LB1;
5 11 L.LB1 14;
1 Bound -56000 -5000 -54500 5000;
9 ind;
C 0 T -57000 -5000;
(SymbolCall ind);
5 10 12 1 -41000 -5000 L5-;
5 10 17 0 -41000 5000 L5+;
5 15 -40000 4000 0 -1;
5 2 L5;
5 11 L.L5 15;
1 Bound -41000 -5000 -39500 5000;
9 ind;
C 0 T -42000 -5000;
(SymbolCall ind);
5 10 23 1 72000 -5000 LB7-;
5 10 10 0 72000 5000 LB7+;
5 15 73000 4000 0 -1;
5 2 LB7;
5 11 L.LB7 16;
1 Bound 72000 -5000 73500 5000;
9 ind;
C 0 T 71000 -5000;
(SymbolCall ind);
5 10 25 1 98000 -5000 LB8-;
5 10 11 0 98000 5000 LB8+;
5 15 99000 4000 0 -1;
5 2 LB8;
5 11 L.LB8 17;
1 Bound 98000 -5000 99500 5000;
9 ind;
C 0 T 97000 -5000;
(SymbolCall ind);
5 10 26 1 0 -3000 LR1-;
5 10 9 0 -10000 -3000 LR1+;
5 15 -9000 -2000 1 0;
5 2 LR1;
5 11 L.LR1 18;
1 Bound -10000 -3000 0 -1500;
( Rotate 90 );
9 ind;
C 0 R 0 1 T 0 -4000;
(SymbolCall ind);
5 10 13 1 -10000 -13000 L7-;
5 10 9 0 -10000 -3000 L7+;
5 15 -9000 -4000 0 -1;
5 2 L7;
5 11 L.L7 19;
1 Bound -10000 -13000 -8500 -3000;
9 ind;
C 0 T -11000 -13000;
(SymbolCall ind);
5 10 0 1 -62000 -15000 LP1-;
5 10 20 0 -62000 -5000 LP1+;
5 15 -61000 -6000 0 -1;
5 2 LP1;
5 11 L.LP1 20;
1 Bound -62000 -15000 -60500 -5000;
9 ind;
C 0 T -63000 -15000;
(SymbolCall ind);
5 10 0 1 66000 -15000 LP7-;
5 10 22 0 66000 -5000 LP7+;
5 15 67000 -6000 0 -1;
5 2 LP7;
5 11 L.LP7 21;
1 Bound 66000 -15000 67500 -5000;
9 ind;
C 0 T 65000 -15000;
(SymbolCall ind);
5 10 0 1 92000 -15000 LP8-;
5 10 24 0 92000 -5000 LP8+;
5 15 93000 -6000 0 -1;
5 2 LP8;
5 11 L.LP8 22;
1 Bound 92000 -15000 93500 -5000;
9 ind;
C 0 T 91000 -15000;
(SymbolCall ind);
5 10 27 1 -31000 -13000 LB2-;
5 10 12 0 -41000 -13000 LB2+;
5 15 -40000 -12000 1 0;
5 2 LB2;
5 11 L.LB2 23;
1 Bound -41000 -13000 -31000 -11500;
( Rotate 90 );
9 ind;
C 0 R 0 1 T -31000 -14000;
(SymbolCall ind);
5 10 28 1 0 -13000 LB4-;
5 10 13 0 -10000 -13000 LB4+;
5 15 -9000 -12000 1 0;
5 2 LB4;
5 11 L.LB4 24;
1 Bound -10000 -13000 0 -11500;
( Rotate 90 );
9 ind;
C 0 R 0 1 T 0 -14000;
(SymbolCall ind);
5 10 0 1 10000 -19000 LP4-;
5 10 29 0 0 -19000 LP4+;
5 15 1000 -18000 1 0;
5 2 LP4;
5 11 L.LP4 25;
1 Bound 0 -19000 10000 -17500;
( Rotate 90 );
9 ind;
C 0 R 0 1 T 10000 -20000;
(SymbolCall isrc);
5 10 4 1 -21000 21000 IB2_1;
5 10 0 0 -21000 31000 IB2_0;
5 15 -21000 25000 0 -1 @<name>[c];
5 2 pwl(0 0 5p IB2);
5 11 I.IB2 0;
5 5 nophys;
1 Bound -23000 21000 -19000 31000;
9 isrc;
C 0 T -23000 21000;
(SymbolCall isrc);
5 10 7 1 52000 11000 IB3_1;
5 10 0 0 52000 21000 IB3_0;
5 15 52000 15000 0 -1 @<name>[c];
5 2 pwl(0 0 5p IB3);
5 11 I.IB3 1;
5 5 nophys;
1 Bound 50000 11000 54000 21000;
9 isrc;
C 0 T 50000 11000;
(SymbolCall isrc);
5 10 8 1 -62000 5000 IB1_1;
5 10 0 0 -62000 15000 IB1_0;
5 15 -62000 9000 0 -1 @<name>[c];
5 2 pwl(0 0 5p IB1);
5 11 I.IB1 2;
5 5 nophys;
1 Bound -64000 5000 -60000 15000;
9 isrc;
C 0 T -64000 5000;
(SymbolCall isrc);
5 10 18 1 82000 5000 IB4_1;
5 10 0 0 82000 15000 IB4_0;
5 15 82000 9000 0 -1 @<name>[c];
5 2 pwl(0 0 5p IB4);
5 11 I.IB4 3;
5 5 nophys;
1 Bound 80000 5000 84000 15000;
9 isrc;
C 0 T 80000 5000;
(SymbolCall jj);
5 1 jjmit;
5 10 30 2 -39000 14000 B3_2;
5 10 4 1 -31000 15000 B3-;
5 10 3 0 -41000 15000 B3+;
5 3 area=B3;
5 11 B.B3 0;
1 Bound -41000 13500 -31000 16500;
( Rotate 90 );
9 jj;
C 0 R 0 1 T -31000 14000;
(SymbolCall jj);
5 1 jjmit;
5 10 31 2 -8000 14000 B5_2;
5 10 16 1 0 15000 B5-;
5 10 5 0 -10000 15000 B5+;
5 3 area=B5;
5 11 B.B5 1;
1 Bound -10000 13500 0 16500;
( Rotate 90 );
9 jj;
C 0 R 0 1 T 0 14000;
(SymbolCall jj);
5 1 jjmit;
5 10 32 2 34000 4000 B6_2;
5 10 7 1 42000 5000 B6-;
5 10 6 0 32000 5000 B6+;
5 3 area=B6;
5 11 B.B6 2;
1 Bound 32000 3500 42000 6500;
( Rotate 90 );
9 jj;
C 0 R 0 1 T 42000 4000;
(SymbolCall jj);
5 1 jjmit;
5 10 33 2 -63000 3000 B1_2;
5 10 20 1 -62000 -5000 B1-;
5 10 8 0 -62000 5000 B1+;
5 3 area=B1;
5 11 B.B1 3;
1 Bound -63500 -5000 -60500 5000;
9 jj;
C 0 T -63000 -5000;
(SymbolCall jj);
5 1 jjmit;
5 10 34 2 65000 3000 B7_2;
5 10 22 1 66000 -5000 B7-;
5 10 10 0 66000 5000 B7+;
5 3 area=B7;
5 11 B.B7 4;
1 Bound 64500 -5000 67500 5000;
9 jj;
C 0 T 65000 -5000;
(SymbolCall jj);
5 1 jjmit;
5 10 35 2 91000 3000 B8_2;
5 10 24 1 92000 -5000 B8-;
5 10 11 0 92000 5000 B8+;
5 3 area=B8;
5 11 B.B8 5;
1 Bound 90500 -5000 93500 5000;
9 jj;
C 0 T 91000 -5000;
(SymbolCall jj);
5 1 jjmit;
5 10 36 2 -39000 -20000 B2_2;
5 10 13 1 -31000 -19000 B2-;
5 10 12 0 -41000 -19000 B2+;
5 3 area=B2;
5 11 B.B2 6;
1 Bound -41000 -20500 -31000 -17500;
( Rotate 90 );
9 jj;
C 0 R 0 1 T -31000 -20000;
(SymbolCall jj);
5 1 jjmit;
5 10 37 2 -8000 -20000 B4_2;
5 10 29 1 0 -19000 B4-;
5 10 13 0 -10000 -19000 B4+;
5 3 area=B4;
5 11 B.B4 7;
1 Bound -10000 -20500 0 -17500;
( Rotate 90 );
9 jj;
C 0 R 0 1 T 0 -20000;
(SymbolCall res);
5 10 4 1 -21000 21000 RB3-;
5 10 14 0 -31000 21000 RB3+;
5 15 -30000 20000 1 0 "<v>/<value>O";
5 1 RB3;
5 11 R.RB3 0;
1 Bound -31000 19750 -21000 22000;
( Rotate 90 );
9 res;
C 0 R 0 1 T -31000 21000;
(SymbolCall res);
5 10 0 1 10000 21000 RB5-;
5 10 15 0 0 21000 RB5+;
5 15 1000 20000 1 0 "<v>/<value>O";
5 1 RB5;
5 11 R.RB5 1;
1 Bound 0 19750 10000 22000;
( Rotate 90 );
9 res;
C 0 R 0 1 T 0 21000;
(SymbolCall res);
5 10 7 1 52000 11000 RB6-;
5 10 19 0 42000 11000 RB6+;
5 15 43000 10000 1 0 "<v>/<value>O";
5 1 RB6;
5 11 R.RB6 2;
1 Bound 42000 9750 52000 12000;
( Rotate 90 );
9 res;
C 0 R 0 1 T 42000 11000;
(SymbolCall res);
5 10 0 1 10000 -3000 R1-;
5 10 26 0 0 -3000 R1+;
5 15 1000 -4000 1 0 "<v>/<value>O";
5 1 R1;
5 11 R.R1 3;
1 Bound 0 -4250 10000 -2000;
( Rotate 90 );
9 res;
C 0 R 0 1 T 0 -3000;
(SymbolCall res);
5 10 0 1 -56000 -15000 RB1-;
5 10 21 0 -56000 -5000 RB1+;
5 15 -57000 -6000 0 -1 "<v>/<value>O";
5 1 RB1;
5 11 R.RB1 4;
1 Bound -57250 -15000 -55000 -5000;
9 res;
C 0 T -56000 -5000;
(SymbolCall res);
5 10 0 1 72000 -15000 RB7-;
5 10 23 0 72000 -5000 RB7+;
5 15 71000 -6000 0 -1 "<v>/<value>O";
5 1 RB7;
5 11 R.RB7 5;
1 Bound 70750 -15000 73000 -5000;
9 res;
C 0 T 72000 -5000;
(SymbolCall res);
5 10 0 1 98000 -15000 RB8-;
5 10 25 0 98000 -5000 RB8+;
5 15 97000 -6000 0 -1 "<v>/<value>O";
5 1 RB8;
5 11 R.RB8 6;
1 Bound 96750 -15000 99000 -5000;
9 res;
C 0 T 98000 -5000;
(SymbolCall res);
5 10 13 1 -21000 -13000 RB2-;
5 10 27 0 -31000 -13000 RB2+;
5 15 -30000 -14000 1 0 "<v>/<value>O";
5 1 RB2;
5 11 R.RB2 7;
1 Bound -31000 -14250 -21000 -12000;
( Rotate 90 );
9 res;
C 0 R 0 1 T -31000 -13000;
(SymbolCall res);
5 10 0 1 10000 -13000 RB4-;
5 10 28 0 0 -13000 RB4+;
5 15 1000 -14000 1 0 "<v>/<value>O";
5 1 RB4;
5 11 R.RB4 8;
1 Bound 0 -14250 10000 -12000;
( Rotate 90 );
9 res;
C 0 R 0 1 T 0 -13000;
L SCED;
5 10 3;
W2 0 -41000 21000 -41000 15000;
5 10 4;
W2 0 -31000 15000 -21000 15000 -21000 21000;
5 10 5;
W2 0 -10000 21000 -10000 15000;
5 10 4;
W2 0 -21000 15000 -20000 15000;
5 10 6;
W2 0 32000 11000 32000 5000;
5 10 7;
W2 0 52000 11000 52000 5000 42000 5000;
5 10 8;
W2 0 -62000 5000 -56000 5000 -51000 5000;
5 10 9;
W2 0 -10000 -3000 -10000 5000 22000 5000;
5 10 7;
W2 0 52000 5000 56000 5000;
5 10 10;
W2 0 66000 5000 72000 5000;
5 10 11;
W2 0 92000 5000 98000 5000;
5 10 12;
W2 0 -41000 -5000 -41000 -13000 -41000 -19000;
5 10 13;
W2 0 -31000 -19000 -21000 -19000 -21000 -13000;
5 10 13;
W2 0 -21000 -19000 -10000 -19000 -10000 -13000;
L NAME;
5 16 I 0 11;
94 <<IB2>> -23250 29750 320 1575 1000;
5 16 L 0 11;
94 <<LB3>> -40750 22750 0 1875 1000;
5 16 L 1 11;
94 <<LB5>> -9750 22750 0 1875 1000;
5 16 R 0 11;
94 <<RB3>> -30750 22250 0 1875 1000;
5 16 R 1 11;
94 <<RB5>> 250 22250 0 1875 1000;
5 16 I 1 11;
94 <<IB3>> 49750 19750 320 1575 1000;
5 16 B 0 11;
94 <<B3>> -40750 16750 0 1275 1000;
5 16 L 2 11;
94 <<L4b>> -19750 16750 0 1875 1000;
5 16 B 1 11;
94 <<B5>> -9750 16750 0 1275 1000;
5 16 L 3 11;
94 <<LP5>> 250 16750 0 1875 1000;
5 16 I 2 11;
94 <<IB1>> -64250 13750 320 1350 1000;
5 16 L 4 11;
94 <<L4>> -41250 13750 320 1275 1000;
5 16 L 5 11;
94 <<L6>> -10250 13750 320 1275 1000;
5 16 L 6 11;
94 <<LB6>> 32250 12750 0 1875 1000;
5 16 I 3 11;
94 <<IB4>> 79750 13750 320 1575 1000;
5 16 R 2 11;
94 <<RB6>> 42250 12250 0 1875 1000;
5 16 L 7 11;
94 <<L1>> -71750 6750 0 1050 1000;
5 16 L 8 11;
94 <<L3>> -50750 6750 0 1275 1000;
5 16 L 9 11;
94 <<L10>> 22250 6750 0 1650 1000;
5 16 B 2 11;
94 <<B6>> 32250 6750 0 1275 1000;
5 16 L 10 11;
94 <<L19>> 56250 6750 0 1650 1000;
5 16 L 11 11;
94 <<L13>> 72250 6750 0 1650 1000;
5 16 L 12 11;
94 <<L18>> 82250 6750 0 1650 1000;
5 16 L 13 11;
94 <<L17>> 98250 6750 0 1650 1000;
5 16 B 3 11;
94 <<B1>> -63750 3750 320 1050 1000;
5 16 L 14 11;
94 <<LB1>> -56250 3750 320 1650 1000;
5 16 L 15 11;
94 <<L5>> -41250 3750 320 1275 1000;
5 16 B 4 11;
94 <<B7>> 64250 3750 320 1275 1000;
5 16 L 16 11;
94 <<LB7>> 71750 3750 320 1875 1000;
5 16 B 5 11;
94 <<B8>> 90250 3750 320 1275 1000;
5 16 L 17 11;
94 <<LB8>> 97750 3750 320 1875 1000;
5 16 L 18 11;
94 <<LR1>> -9750 -1250 0 1650 1000;
5 16 R 3 11;
94 <<R1>> 250 -1750 0 1050 1000;
5 16 L 19 11;
94 <<L7>> -10250 -4250 320 1275 1000;
5 16 L 20 11;
94 <<LP1>> -62250 -6250 320 1650 1000;
5 16 R 4 11;
94 <<RB1>> -57500 -6250 320 1650 1000;
5 16 L 21 11;
94 <<LP7>> 65750 -6250 320 1875 1000;
5 16 R 5 11;
94 <<RB7>> 70500 -6250 320 1875 1000;
5 16 L 22 11;
94 <<LP8>> 91750 -6250 320 1875 1000;
5 16 R 6 11;
94 <<RB8>> 96500 -6250 320 1875 1000;
5 16 L 23 11;
94 <<LB2>> -40750 -11250 0 1875 1000;
5 16 L 24 11;
94 <<LB4>> -9750 -11250 0 1875 1000;
5 16 R 7 11;
94 <<RB2>> -30750 -11750 0 1875 1000;
5 16 R 8 11;
94 <<RB4>> 250 -11750 0 1875 1000;
5 16 B 6 11;
94 <<B2>> -40750 -17250 0 1275 1000;
5 16 B 7 11;
94 <<B4>> -9750 -17250 0 1275 1000;
5 16 L 25 11;
94 <<LP4>> 250 -17250 0 1875 1000;
L MODL;
5 16 R 0 1;
94 <<RB3>> -21250 19500 320 1875 1000;
5 16 R 1 1;
94 <<RB5>> 9750 19500 320 1875 1000;
5 16 B 0 1;
94 <<jjmit>> -31250 13250 320 2550 1000;
5 16 B 1 1;
94 <<jjmit>> -250 13250 320 2550 1000;
5 16 R 2 1;
94 <<RB6>> 51750 9500 320 1875 1000;
5 16 B 3 1;
94 <<jjmit>> -60250 4750 256 2550 1000;
5 16 B 4 1;
94 <<jjmit>> 67750 4750 256 2550 1000;
5 16 B 5 1;
94 <<jjmit>> 93750 4750 256 2550 1000;
5 16 B 2 1;
94 <<jjmit>> 41750 3250 320 2550 1000;
5 16 R 3 1;
94 <<R1>> 9750 -4500 320 1050 1000;
5 16 R 4 1;
94 <<RB1>> -54750 -5250 256 1650 1000;
5 16 R 5 1;
94 <<RB7>> 73250 -5250 256 1875 1000;
5 16 R 6 1;
94 <<RB8>> 99250 -5250 256 1875 1000;
5 16 R 7 1;
94 <<RB2>> -21250 -14500 320 1875 1000;
5 16 R 8 1;
94 <<RB4>> 9750 -14500 320 1875 1000;
5 16 B 6 1;
94 <<jjmit>> -31250 -20750 320 2550 1000;
5 16 B 7 1;
94 <<jjmit>> -250 -20750 320 2550 1000;
L VALU;
5 16 I 0 2;
94 <<pwl(0 0 5p IB2)>> -18750 30750 33024 7875 1000;
5 16 L 0 2;
94 <<LB3>> -31250 20750 33088 1875 1000;
5 16 L 1 2;
94 <<LB5>> -250 20750 33088 1875 1000;
5 16 I 1 2;
94 <<pwl(0 0 5p IB3)>> 54250 20750 33024 7875 1000;
5 16 I 2 2;
94 <<pwl(0 0 5p IB1)>> -59750 14750 33024 7650 1000;
5 16 L 4 2;
94 <<L4>> -39250 14750 33024 1275 1000;
5 16 L 2 2;
94 <<L4b>> -10250 14750 33088 1875 1000;
5 16 L 5 2;
94 <<L6>> -8250 14750 33024 1275 1000;
5 16 L 3 2;
94 <<LP5>> 9750 14750 33088 1875 1000;
5 16 I 3 2;
94 <<pwl(0 0 5p IB4)>> 84250 14750 33024 7875 1000;
5 16 L 6 2;
94 <<LB6>> 41750 10750 33088 1875 1000;
5 16 L 7 2;
94 <<L1>> -62250 4750 33088 1050 1000;
5 16 L 14 2;
94 <<LB1>> -54250 4750 33024 1650 1000;
5 16 L 8 2;
94 <<L3>> -41250 4750 33088 1275 1000;
5 16 L 15 2;
94 <<L5>> -39250 4750 33024 1275 1000;
5 16 L 9 2;
94 <<L10>> 31750 4750 33088 1650 1000;
5 16 L 10 2;
94 <<L19>> 65750 4750 33088 1650 1000;
5 16 L 16 2;
94 <<LB7>> 73750 4750 33024 1875 1000;
5 16 L 11 2;
94 <<L13>> 81750 4750 33088 1650 1000;
5 16 L 12 2;
94 <<L18>> 91750 4750 33088 1650 1000;
5 16 L 17 2;
94 <<LB8>> 99750 4750 33024 1875 1000;
5 16 L 13 2;
94 <<L17>> 107750 4750 33088 1650 1000;
5 16 L 19 2;
94 <<L7>> -8250 -3250 33024 1275 1000;
5 16 L 18 2;
94 <<LR1>> -250 -3250 33088 1650 1000;
5 16 L 20 2;
94 <<LP1>> -60250 -5250 33024 1650 1000;
5 16 L 21 2;
94 <<LP7>> 67750 -5250 33024 1875 1000;
5 16 L 22 2;
94 <<LP8>> 93750 -5250 33024 1875 1000;
5 16 L 23 2;
94 <<LB2>> -31250 -13250 33088 1875 1000;
5 16 L 24 2;
94 <<LB4>> -250 -13250 33088 1875 1000;
5 16 L 25 2;
94 <<LP4>> 9750 -19250 33088 1875 1000;
L PARM;
5 16 B 0 3;
94 <<area=B3>> -40750 12250 33024 4200 1000;
5 16 B 1 3;
94 <<area=B5>> -9750 12250 33024 4200 1000;
5 16 B 2 3;
94 <<area=B6>> 32250 2250 33024 4200 1000;
5 16 B 3 3;
94 <<area=B1>> -60250 -4750 32768 3975 1000;
5 16 B 4 3;
94 <<area=B7>> 67750 -4750 32768 4200 1000;
5 16 B 5 3;
94 <<area=B8>> 93750 -4750 32768 4200 1000;
5 16 B 6 3;
94 <<area=B2>> -40750 -21750 33024 4200 1000;
5 16 B 7 3;
94 <<area=B4>> -9750 -21750 33024 4200 1000;
L SPTX;
94 <<.include LSmitll_SFQDC1_models.inc>> -66000 84600 0 17325 1000;
94 <<.param B0=1>> -66000 83600 0 6000 1000;
94 <<.param Ic0=0.0001>> -66000 82600 0 8925 1000;
94 <<.param IcRs=100u*6.859904418>> -66000 81600 0 15300 1000;
94 <<.param B0Rs=IcRs/Ic0*B0>> -66000 80600 0 12825 1000;
94 <<.param Rsheet=2 >> -66000 79600 0 9150 1000;
94 <<.param Lsheet=1.13e-12 >> -66000 78600 0 12300 1000;
94 <<.param B1=3.25>> -66000 77600 0 7425 1000;
94 <<.param B2=2.00>> -66000 76600 0 7650 1000;
94 <<.param B3=1.50>> -66000 75600 0 7425 1000;
94 <<.param B4=3.00>> -66000 74600 0 7650 1000;
94 <<.param B5=1.75>> -66000 73600 0 7425 1000;
94 <<.param B6=1.50>> -66000 72600 0 7425 1000;
94 <<.param B7=1.50>> -66000 71600 0 7425 1000;
94 <<.param B8=2.00>> -66000 70600 0 7650 1000;
94 <<.param L1=1.522p>> -66000 69600 0 8400 1000;
94 <<.param L3=0.827p>> -66000 68600 0 8850 1000;
94 <<.param L4=1.12884p>> -66000 67600 0 9600 1000;
94 <<.param L5=1.11098p>> -66000 66600 0 9375 1000;
94 <<.param L6=5.940p>> -66000 65600 0 8850 1000;
94 <<.param L7=3.216p>> -66000 64600 0 8625 1000;
94 <<.param L10=0.215p>> -66000 63600 0 9000 1000;
94 <<.param L13=3.699p>> -66000 62600 0 9225 1000;
94 <<.param L17=1.510p>> -66000 61600 0 8775 1000;
94 <<.param L18=2.010p>> -66000 60600 0 9000 1000;
94 <<.param L19=0.954p>> -66000 59600 0 9225 1000;
94 <<.param L4b=0.178p>> -66000 58600 0 9225 1000;
94 <<.param LB1=(RB1/Rsheet)*Lsheet>> -66000 57600 0 16425 1000;
94 <<.param LB2=(RB2/Rsheet)*Lsheet>> -66000 56600 0 16875 1000;
94 <<.param LB3=(RB3/Rsheet)*Lsheet>> -66000 55600 0 16875 1000;
94 <<.param LB4=(RB4/Rsheet)*Lsheet>> -66000 54600 0 16875 1000;
94 <<.param LB5=(RB5/Rsheet)*Lsheet>> -66000 53600 0 16875 1000;
94 <<.param LB6=(RB6/Rsheet)*Lsheet>> -66000 52600 0 16875 1000;
94 <<.param LB7=(RB7/Rsheet)*Lsheet>> -66000 51600 0 16875 1000;
94 <<.param LB8=(RB8/Rsheet)*Lsheet>> -66000 50600 0 16875 1000;
94 <<.param LP1=0.140p>> -66000 49600 0 9000 1000;
94 <<.param LP4=0.524p>> -66000 48600 0 9450 1000;
94 <<.param LP5=0.516p>> -66000 47600 0 9225 1000;
94 <<.param LP7=0.086p>> -66000 46600 0 9450 1000;
94 <<.param LP8=0.226p>> -66000 45600 0 9450 1000;
94 <<.param LR1=0.91p>> -66000 44600 0 8400 1000;
94 <<.param R1=0.375>> -66000 43600 0 8025 1000;
94 <<.param RB1=B0Rs/B1>> -66000 42600 0 9975 1000;
94 <<.param RB2=B0Rs/B2>> -66000 41600 0 10425 1000;
94 <<.param RB3=B0Rs/B3>> -66000 40600 0 10425 1000;
94 <<.param RB4=B0Rs/B4>> -66000 39600 0 10425 1000;
94 <<.param RB5=B0Rs/B5>> -66000 38600 0 10425 1000;
94 <<.param RB6=B0Rs/B6>> -66000 37600 0 10425 1000;
94 <<.param RB7=B0Rs/B7>> -66000 36600 0 10425 1000;
94 <<.param RB8=B0Rs/B8>> -66000 35600 0 10425 1000;
94 <<.param IB1=280u>> -66000 34600 0 8100 1000;
94 <<.param IB2=150u>> -66000 33600 0 8100 1000;
94 <<.param IB3=220u>> -66000 32600 0 8325 1000;
94 <<.param IB4=80u>> -66000 31600 0 7725 1000;
DF;
E
* Generated by Xic from cell LSmitll_SFQDC_v1p5p1
.tran 0.5p 200p 0 0.25p UIC
.include LSmitll_SFQDC1_models.inc
.param B0=1
.param Ic0=0.0001
.param IcRs=100u*6.859904418
.param B0Rs=IcRs/Ic0*B0
.param Rsheet=2 
.param Lsheet=1.13e-12 
.param B1=3.25
.param B2=2.00
.param B3=1.50
.param B4=3.00
.param B5=1.75
.param B6=1.50
.param B7=1.50
.param B8=2.00
.param L1=1.522p
.param L3=0.827p
.param L4=1.12884p
.param L5=1.11098p
.param L6=5.940p
.param L7=3.216p
.param L10=0.215p
.param L13=3.699p
.param L17=1.510p
.param L18=2.010p
.param L19=0.954p
.param L4b=0.178p
.param LB1=(RB1/Rsheet)*Lsheet
.param LB2=(RB2/Rsheet)*Lsheet
.param LB3=(RB3/Rsheet)*Lsheet
.param LB4=(RB4/Rsheet)*Lsheet
.param LB5=(RB5/Rsheet)*Lsheet
.param LB6=(RB6/Rsheet)*Lsheet
.param LB7=(RB7/Rsheet)*Lsheet
.param LB8=(RB8/Rsheet)*Lsheet
.param LP1=0.140p
.param LP4=0.524p
.param LP5=0.516p
.param LP7=0.086p
.param LP8=0.226p
.param LR1=0.91p
.param R1=0.375
.param RB1=B0Rs/B1
.param RB2=B0Rs/B2
.param RB3=B0Rs/B3
.param RB4=B0Rs/B4
.param RB5=B0Rs/B5
.param RB6=B0Rs/B6
.param RB7=B0Rs/B7
.param RB8=B0Rs/B8
.param IB1=280u
.param IB2=150u
.param IB3=220u
.param IB4=80u
B1 8 20 33 jjmit area=B1
B2 12 13 36 jjmit area=B2
B3 3 4 30 jjmit area=B3
B4 13 29 37 jjmit area=B4
B5 5 16 31 jjmit area=B5
B6 6 7 32 jjmit area=B6
B7 10 22 34 jjmit area=B7
B8 11 24 35 jjmit area=B8
IB1 0 8 pwl(0 0 5p IB1)
IB2 0 4 pwl(0 0 5p IB2)
IB3 0 7 pwl(0 0 5p IB3)
IB4 0 18 pwl(0 0 5p IB4)
L1 A 8 L1
L3 8 17 L3
L4 3 17 L4
L6 5 9 L6
L7 9 13 L7
L10 9 6 L10
L13 10 18 L13
L17 11 Q L17
L18 18 11 L18
L19 7 10 L19
L4b 4 5 L4b
L5 17 12 L5
LB1 8 21 LB1
LB2 12 27 LB2
LB3 3 14 LB3
LB4 13 28 LB4
LB5 5 15 LB5
LB6 6 19 LB6
LB7 10 23 LB7
LB8 11 25 LB8
LP1 20 0 LP1
LP4 29 0 LP4
LP5 16 0 LP5
LP7 22 0 LP7
LP8 24 0 LP8
LR1 9 26 LR1
R1 26 0 R1
RB1 21 0 RB1
RB2 27 13 RB2
RB3 14 4 RB3
RB4 28 0 RB4
RB5 15 0 RB5
RB6 19 7 RB6
RB7 23 0 RB7
RB8 25 0 RB8
.model jjmit jj(rtype=1, vg=2.8mV, cap=0.07pF, r0=160, rn=16, icrit=0.1mA)

*MIT-LL model
.save @IB2[c]
.save @IB3[c]
.save @IB1[c]
.save @IB4[c]
