(Symbol LSmitll_NDRO_v1p6);
($Id:$);
(PHYSICAL);
(RESOLUTION 1000);
9 LSmitll_NDRO_v1p6;
DS 0 1 1;
DF;
E
(ELECTRICAL);
(RESOLUTION 1000);
5 11 X 0 subckt;
9 LSmitll_NDRO_v1p6;
DS 0 1 1;
(SymbolCall gnd);
5 10 0 0 -17000 23000;
1 Bound -17000 22000 -14400 24000;
( Rotate 90 );
9 gnd;
C 0 R 0 1 T -16000 22000;
(SymbolCall gnd);
5 10 0 0 28000 23000;
1 Bound 28000 22000 30600 24000;
( Rotate 90 );
9 gnd;
C 0 R 0 1 T 29000 22000;
(SymbolCall gnd);
5 10 0 0 -17000 -17000;
1 Bound -18000 -19600 -16000 -17000;
9 gnd;
C 0 T -18000 -18000;
(SymbolCall gnd);
5 10 0 0 -9000 -17000;
1 Bound -10000 -19600 -8000 -17000;
9 gnd;
C 0 T -10000 -18000;
(SymbolCall gnd);
5 10 0 0 28000 -17000;
1 Bound 27000 -19600 29000 -17000;
9 gnd;
C 0 T 27000 -18000;
(SymbolCall gnd);
5 10 0 0 36000 -17000;
1 Bound 35000 -19600 37000 -17000;
9 gnd;
C 0 T 35000 -18000;
(SymbolCall gnd);
5 10 0 0 -18000 -26000;
1 Bound -18000 -27000 -15400 -25000;
( Rotate 90 );
9 gnd;
C 0 R 0 1 T -17000 -27000;
(SymbolCall gnd);
5 10 0 0 -18000 -66000;
1 Bound -19000 -68600 -17000 -66000;
9 gnd;
C 0 T -19000 -67000;
(SymbolCall gnd);
5 10 0 0 -10000 -66000;
1 Bound -11000 -68600 -9000 -66000;
9 gnd;
C 0 T -11000 -67000;
(SymbolCall gnd);
5 10 0 0 27000 -66000;
1 Bound 26000 -68600 28000 -66000;
9 gnd;
C 0 T 26000 -67000;
(SymbolCall gnd);
5 10 0 0 35000 -66000;
1 Bound 34000 -68600 36000 -66000;
9 gnd;
C 0 T 34000 -67000;
(SymbolCall gnd);
5 10 0 0 -18000 -86000;
1 Bound -18000 -87000 -15400 -85000;
( Rotate 90 );
9 gnd;
C 0 R 0 1 T -17000 -87000;
(SymbolCall gnd);
5 10 0 0 29000 -85000;
1 Bound 28000 -87600 30000 -85000;
9 gnd;
C 0 T 28000 -86000;
(SymbolCall gnd);
5 10 0 0 76000 -86000;
1 Bound 76000 -87000 78600 -85000;
( Rotate 90 );
9 gnd;
C 0 R 0 1 T 77000 -87000;
(SymbolCall gnd);
5 10 0 0 -18000 -126000;
1 Bound -19000 -128600 -17000 -126000;
9 gnd;
C 0 T -19000 -127000;
(SymbolCall gnd);
5 10 0 0 -10000 -126000;
1 Bound -11000 -128600 -9000 -126000;
9 gnd;
C 0 T -11000 -127000;
(SymbolCall gnd);
5 10 0 0 51000 -126000;
1 Bound 50000 -128600 52000 -126000;
9 gnd;
C 0 T 50000 -127000;
(SymbolCall gnd);
5 10 0 0 59000 -126000;
1 Bound 58000 -128600 60000 -126000;
9 gnd;
C 0 T 58000 -127000;
(SymbolCall gnd);
5 10 0 0 76000 -126000;
1 Bound 75000 -128600 77000 -126000;
9 gnd;
C 0 T 75000 -127000;
(SymbolCall gnd);
5 10 0 0 84000 -126000;
1 Bound 83000 -128600 85000 -126000;
9 gnd;
C 0 T 83000 -127000;
(SymbolCall ind);
5 10 3 1 -17000 3000 LB1-;
5 10 14 0 -17000 13000 LB1+;
5 15 -16000 12000 0 -1;
5 2 LB1;
5 11 L.LB1 0;
1 Bound -17000 3000 -15500 13000;
9 ind;
C 0 T -18000 3000;
(SymbolCall ind);
5 10 2 1 28000 3000 LB2-;
5 10 15 0 28000 13000 LB2+;
5 15 29000 12000 0 -1;
5 2 LB2;
5 11 L.LB2 1;
1 Bound 28000 3000 29500 13000;
9 ind;
C 0 T 27000 3000;
(SymbolCall ind);
5 2 LRB2;
5 11 L.LRB2 2;
5 10 2 1 24000 11000 LRB2-;
5 10 16 0 14000 11000 LRB2+;
5 15 15000 12000 1 0;
1 Bound 14000 11000 24000 12500;
( Rotate 90 );
9 ind;
C 0 R 0 1 T 24000 10000;
(SymbolCall ind);
5 10 3 1 -17000 3000 L1-;
5 10 38 0 -27000 3000 L1+;
5 15 -26000 4000 1 0;
5 2 L1;
5 11 L.L1 3;
1 Bound -27000 3000 -17000 4500;
( Rotate 90 );
9 ind;
C 0 R 0 1 T -17000 2000;
(SymbolCall ind);
5 10 1 1 2000 3000 L2-;
5 10 3 0 -8000 3000 L2+;
5 15 -7000 4000 1 0;
5 2 L2;
5 11 L.L2 4;
1 Bound -8000 3000 2000 4500;
( Rotate 90 );
9 ind;
C 0 R 0 1 T 2000 2000;
(SymbolCall ind);
5 10 4 1 51000 3000 L3-;
5 10 2 0 41000 3000 L3+;
5 15 42000 4000 1 0;
5 2 L3;
5 11 L.L3 5;
1 Bound 41000 3000 51000 4500;
( Rotate 90 );
9 ind;
C 0 R 0 1 T 51000 2000;
(SymbolCall ind);
5 2 LP1;
5 11 L.LP1 6;
5 10 0 1 -17000 -17000 LP1-;
5 10 17 0 -17000 -7000 LP1+;
5 15 -16000 -8000 0 -1;
1 Bound -17000 -17000 -15500 -7000;
9 ind;
C 0 T -18000 -17000;
(SymbolCall ind);
5 2 LRB1;
5 11 L.LRB1 7;
5 10 0 1 -9000 -17000 LRB1-;
5 10 18 0 -9000 -7000 LRB1+;
5 15 -8000 -8000 0 -1;
1 Bound -9000 -17000 -7500 -7000;
9 ind;
C 0 T -10000 -17000;
(SymbolCall ind);
5 2 LP3;
5 11 L.LP3 8;
5 10 0 1 28000 -17000 LP3-;
5 10 19 0 28000 -7000 LP3+;
5 15 29000 -8000 0 -1;
1 Bound 28000 -17000 29500 -7000;
9 ind;
C 0 T 27000 -17000;
(SymbolCall ind);
5 2 LRB3;
5 11 L.LRB3 9;
5 10 0 1 36000 -17000 LRB3-;
5 10 20 0 36000 -7000 LRB3+;
5 15 37000 -8000 0 -1;
1 Bound 36000 -17000 37500 -7000;
9 ind;
C 0 T 35000 -17000;
(SymbolCall ind);
5 10 7 1 -18000 -46000 LB3-;
5 10 21 0 -18000 -36000 LB3+;
5 15 -17000 -37000 0 -1;
5 2 LB3;
5 11 L.LB3 10;
1 Bound -18000 -46000 -16500 -36000;
9 ind;
C 0 T -19000 -46000;
(SymbolCall ind);
5 10 6 1 24000 -38000 LRB5-;
5 10 22 0 14000 -38000 LRB5+;
5 15 15000 -37000 1 0;
5 2 LRB5;
5 11 L.LRB5 11;
1 Bound 14000 -38000 24000 -36500;
( Rotate 90 );
9 ind;
C 0 R 0 1 T 24000 -39000;
(SymbolCall ind);
5 10 7 1 -18000 -46000 L4-;
5 10 42 0 -28000 -46000 L4+;
5 15 -27000 -45000 1 0;
5 2 L4;
5 11 L.L4 12;
1 Bound -28000 -46000 -18000 -44500;
( Rotate 90 );
9 ind;
C 0 R 0 1 T -18000 -47000;
(SymbolCall ind);
5 10 5 1 2000 -46000 L5-;
5 10 7 0 -8000 -46000 L5+;
5 15 -7000 -45000 1 0;
5 2 L5;
5 11 L.L5 13;
1 Bound -8000 -46000 2000 -44500;
( Rotate 90 );
9 ind;
C 0 R 0 1 T 2000 -47000;
(SymbolCall ind);
5 10 4 1 47000 -46000 L6-;
5 10 6 0 37000 -46000 L6+;
5 15 38000 -45000 1 0;
5 2 L6;
5 11 L.L6 14;
1 Bound 37000 -46000 47000 -44500;
( Rotate 90 );
9 ind;
C 0 R 0 1 T 47000 -47000;
(SymbolCall ind);
5 10 0 1 -18000 -66000 LP4-;
5 10 23 0 -18000 -56000 LP4+;
5 15 -17000 -57000 0 -1;
5 2 LP4;
5 11 L.LP4 15;
1 Bound -18000 -66000 -16500 -56000;
9 ind;
C 0 T -19000 -66000;
(SymbolCall ind);
5 10 0 1 -10000 -66000 LRB4-;
5 10 24 0 -10000 -56000 LRB4+;
5 15 -9000 -57000 0 -1;
5 2 LRB4;
5 11 L.LRB4 16;
1 Bound -10000 -66000 -8500 -56000;
9 ind;
C 0 T -11000 -66000;
(SymbolCall ind);
5 2 LP6;
5 11 L.LP6 17;
5 10 0 1 27000 -66000 LP6-;
5 10 25 0 27000 -56000 LP6+;
5 15 28000 -57000 0 -1;
1 Bound 27000 -66000 28500 -56000;
9 ind;
C 0 T 26000 -66000;
(SymbolCall ind);
5 2 LRB6;
5 11 L.LRB6 18;
5 10 0 1 35000 -66000 LRB6-;
5 10 26 0 35000 -56000 LRB6+;
5 15 36000 -57000 0 -1;
1 Bound 35000 -66000 36500 -56000;
9 ind;
C 0 T 34000 -66000;
(SymbolCall ind);
5 2 LRB7;
5 11 L.LRB7 19;
5 10 8 1 59000 -72000 LRB7-;
5 10 27 0 59000 -62000 LRB7+;
5 15 60000 -63000 0 -1;
1 Bound 59000 -72000 60500 -62000;
9 ind;
C 0 T 58000 -72000;
(SymbolCall ind);
5 10 9 1 51000 -82000 L7-;
5 10 8 0 51000 -72000 L7+;
5 15 52000 -73000 0 -1;
5 2 L7;
5 11 L.L7 20;
1 Bound 51000 -82000 52500 -72000;
9 ind;
C 0 T 50000 -82000;
(SymbolCall ind);
5 10 9 1 49000 -85000 LB5-;
5 10 28 0 39000 -85000 LB5+;
5 15 40000 -84000 1 0;
5 2 LB5;
5 11 L.LB5 21;
1 Bound 39000 -85000 49000 -83500;
( Rotate 90 );
9 ind;
C 0 R 0 1 T 49000 -86000;
(SymbolCall ind);
5 10 10 1 51000 -97000 L8-;
5 10 9 0 51000 -87000 L8+;
5 15 52000 -88000 0 -1;
5 2 L8;
5 11 L.L8 22;
1 Bound 51000 -97000 52500 -87000;
9 ind;
C 0 T 50000 -97000;
(SymbolCall ind);
5 10 11 1 -18000 -106000 LB4-;
5 10 29 0 -18000 -96000 LB4+;
5 15 -17000 -97000 0 -1;
5 2 LB4;
5 11 L.LB4 23;
1 Bound -18000 -106000 -16500 -96000;
9 ind;
C 0 T -19000 -106000;
(SymbolCall ind);
5 10 13 1 76000 -106000 LB6-;
5 10 30 0 76000 -96000 LB6+;
5 15 77000 -97000 0 -1;
5 2 LB6;
5 11 L.LB6 24;
1 Bound 76000 -106000 77500 -96000;
9 ind;
C 0 T 75000 -106000;
(SymbolCall ind);
5 2 LRB9;
5 11 L.LRB9 25;
5 10 12 1 16000 -98000 LRB9-;
5 10 31 0 6000 -98000 LRB9+;
5 15 7000 -97000 1 0;
1 Bound 6000 -98000 16000 -96500;
( Rotate 90 );
9 ind;
C 0 R 0 1 T 16000 -99000;
(SymbolCall ind);
5 10 11 1 -18000 -106000 L9-;
5 10 47 0 -28000 -106000 L9+;
5 15 -27000 -105000 1 0;
5 2 L9;
5 11 L.L9 26;
1 Bound -28000 -106000 -18000 -104500;
( Rotate 90 );
9 ind;
C 0 R 0 1 T -18000 -107000;
(SymbolCall ind);
5 10 10 1 29000 -106000 L10-;
5 10 12 0 19000 -106000 L10+;
5 15 20000 -105000 1 0;
5 2 L10;
5 11 L.L10 27;
1 Bound 19000 -106000 29000 -104500;
( Rotate 90 );
9 ind;
C 0 R 0 1 T 29000 -107000;
(SymbolCall ind);
5 10 13 1 72000 -106000 L11-;
5 10 10 0 62000 -106000 L11+;
5 15 63000 -105000 1 0;
5 2 L11;
5 11 L.L11 28;
1 Bound 62000 -106000 72000 -104500;
( Rotate 90 );
9 ind;
C 0 R 0 1 T 72000 -107000;
(SymbolCall ind);
5 10 49 1 96000 -106000 L12-;
5 10 13 0 86000 -106000 L12+;
5 15 87000 -105000 1 0;
5 2 L12;
5 11 L.L12 29;
1 Bound 86000 -106000 96000 -104500;
( Rotate 90 );
9 ind;
C 0 R 0 1 T 96000 -107000;
(SymbolCall ind);
5 2 LP8;
5 11 L.LP8 30;
5 10 0 1 -18000 -126000 LP8-;
5 10 32 0 -18000 -116000 LP8+;
5 15 -17000 -117000 0 -1;
1 Bound -18000 -126000 -16500 -116000;
9 ind;
C 0 T -19000 -126000;
(SymbolCall ind);
5 2 LRB8;
5 11 L.LRB8 31;
5 10 0 1 -10000 -126000 LRB8-;
5 10 33 0 -10000 -116000 LRB8+;
5 15 -9000 -117000 0 -1;
1 Bound -10000 -126000 -8500 -116000;
9 ind;
C 0 T -11000 -126000;
(SymbolCall ind);
5 2 LP10;
5 11 L.LP10 32;
5 10 0 1 51000 -126000 LP10-;
5 10 34 0 51000 -116000 LP10+;
5 15 52000 -117000 0 -1;
1 Bound 51000 -126000 52500 -116000;
9 ind;
C 0 T 50000 -126000;
(SymbolCall ind);
5 2 LRB10;
5 11 L.LRB10 33;
5 10 0 1 59000 -126000 LRB10-;
5 10 35 0 59000 -116000 LRB10+;
5 15 60000 -117000 0 -1;
1 Bound 59000 -126000 60500 -116000;
9 ind;
C 0 T 58000 -126000;
(SymbolCall ind);
5 2 LP11;
5 11 L.LP11 34;
5 10 0 1 76000 -126000 LP11-;
5 10 36 0 76000 -116000 LP11+;
5 15 77000 -117000 0 -1;
1 Bound 76000 -126000 77500 -116000;
9 ind;
C 0 T 75000 -126000;
(SymbolCall ind);
5 2 LRB11;
5 11 L.LRB11 35;
5 10 0 1 84000 -126000 LRB11-;
5 10 37 0 84000 -116000 LRB11+;
5 15 85000 -117000 0 -1;
1 Bound 84000 -126000 85500 -116000;
9 ind;
C 0 T 83000 -126000;
(SymbolCall isrc);
5 10 14 1 -17000 13000 IB1_1;
5 10 0 0 -17000 23000 IB1_0;
5 15 -17000 17000 0 -1 @<name>[c];
5 2 pwl(0 0 5p IB1);
5 11 I.IB1 0;
5 5 nophys;
1 Bound -19000 13000 -15000 23000;
9 isrc;
C 0 T -19000 13000;
(SymbolCall isrc);
5 10 15 1 28000 13000 IB2_1;
5 10 0 0 28000 23000 IB2_0;
5 15 28000 17000 0 -1 @<name>[c];
5 2 pwl(0 0 5p IB2);
5 11 I.IB2 1;
5 5 nophys;
1 Bound 26000 13000 30000 23000;
9 isrc;
C 0 T 26000 13000;
(SymbolCall isrc);
5 10 21 1 -18000 -36000 IB3_1;
5 10 0 0 -18000 -26000 IB3_0;
5 15 -18000 -32000 0 -1 @<name>[c];
5 2 pwl(0 0 5p IB3);
5 11 I.IB3 2;
5 5 nophys;
1 Bound -20000 -36000 -16000 -26000;
9 isrc;
C 0 T -20000 -36000;
(SymbolCall isrc);
5 10 28 1 39000 -85000 IB5_1;
5 10 0 0 29000 -85000 IB5_0;
5 15 35000 -85000 1 0 @<name>[c];
5 2 pwl(0 0 5p IB5);
5 11 I.IB5 3;
5 5 nophys;
1 Bound 29000 -87000 39000 -83000;
( Rotate 90 );
9 isrc;
C 0 R 0 1 T 39000 -87000;
(SymbolCall isrc);
5 10 29 1 -18000 -96000 IB4_1;
5 10 0 0 -18000 -86000 IB4_0;
5 15 -18000 -92000 0 -1 @<name>[c];
5 2 pwl(0 0 5p IB4);
5 11 I.IB4 4;
5 5 nophys;
1 Bound -20000 -96000 -16000 -86000;
9 isrc;
C 0 T -20000 -96000;
(SymbolCall isrc);
5 10 30 1 76000 -96000 IB6_1;
5 10 0 0 76000 -86000 IB6_0;
5 15 76000 -92000 0 -1 @<name>[c];
5 2 pwl(0 0 5p IB6);
5 11 I.IB6 5;
5 5 nophys;
1 Bound 74000 -96000 78000 -86000;
9 isrc;
C 0 T 74000 -96000;
(SymbolCall jj);
5 3 area=B2;
5 11 B.B2 0;
5 10 39 2 6000 2000 B2_2;
5 10 2 1 14000 3000 B2-;
5 10 1 0 4000 3000 B2+;
5 1 jjmit;
1 Bound 4000 1500 14000 4500;
( Rotate 90 );
9 jj;
C 0 R 0 1 T 14000 2000;
(SymbolCall jj);
5 3 area=B1;
5 11 B.B1 1;
5 10 40 2 -18000 1000 B1_2;
5 10 17 1 -17000 -7000 B1-;
5 10 3 0 -17000 3000 B1+;
5 1 jjmit;
1 Bound -18500 -7000 -15500 3000;
9 jj;
C 0 T -18000 -7000;
(SymbolCall jj);
5 3 area=B3;
5 11 B.B3 2;
5 10 41 2 27000 1000 B3_2;
5 10 19 1 28000 -7000 B3-;
5 10 2 0 28000 3000 B3+;
5 1 jjmit;
1 Bound 26500 -7000 29500 3000;
9 jj;
C 0 T 27000 -7000;
(SymbolCall jj);
5 10 43 2 6000 -47000 B5_2;
5 10 6 1 14000 -46000 B5-;
5 10 5 0 4000 -46000 B5+;
5 3 area=B5;
5 11 B.B5 3;
5 1 jjmit;
1 Bound 4000 -47500 14000 -44500;
( Rotate 90 );
9 jj;
C 0 R 0 1 T 14000 -47000;
(SymbolCall jj);
5 10 44 2 -19000 -48000 B4_2;
5 10 23 1 -18000 -56000 B4-;
5 10 7 0 -18000 -46000 B4+;
5 3 area=B4;
5 11 B.B4 4;
5 1 jjmit;
1 Bound -19500 -56000 -16500 -46000;
9 jj;
C 0 T -19000 -56000;
(SymbolCall jj);
5 3 area=B6;
5 11 B.B6 5;
5 10 45 2 26000 -48000 B6_2;
5 10 25 1 27000 -56000 B6-;
5 10 6 0 27000 -46000 B6+;
5 1 jjmit;
1 Bound 25500 -56000 28500 -46000;
9 jj;
C 0 T 26000 -56000;
(SymbolCall jj);
5 3 area=B7;
5 11 B.B7 6;
5 10 46 2 50000 -54000 B7_2;
5 10 8 1 51000 -62000 B7-;
5 10 4 0 51000 -52000 B7+;
5 1 jjmit;
1 Bound 49500 -62000 52500 -52000;
9 jj;
C 0 T 50000 -62000;
(SymbolCall jj);
5 3 area=B9;
5 11 B.B9 7;
5 10 48 2 -2000 -107000 B9_2;
5 10 12 1 6000 -106000 B9-;
5 10 11 0 -4000 -106000 B9+;
5 1 jjmit;
1 Bound -4000 -107500 6000 -104500;
( Rotate 90 );
9 jj;
C 0 R 0 1 T 6000 -107000;
(SymbolCall jj);
5 3 area=B8;
5 11 B.B8 8;
5 10 50 2 -19000 -108000 B8_2;
5 10 32 1 -18000 -116000 B8-;
5 10 11 0 -18000 -106000 B8+;
5 1 jjmit;
1 Bound -19500 -116000 -16500 -106000;
9 jj;
C 0 T -19000 -116000;
(SymbolCall jj);
5 3 area=B10;
5 11 B.B10 9;
5 10 51 2 50000 -108000 B10_2;
5 10 34 1 51000 -116000 B10-;
5 10 10 0 51000 -106000 B10+;
5 1 jjmit;
1 Bound 49500 -116000 52500 -106000;
9 jj;
C 0 T 50000 -116000;
(SymbolCall jj);
5 3 area=B11;
5 11 B.B11 10;
5 10 52 2 75000 -108000 B11_2;
5 10 36 1 76000 -116000 B11-;
5 10 13 0 76000 -106000 B11+;
5 1 jjmit;
1 Bound 74500 -116000 77500 -106000;
9 jj;
C 0 T 75000 -116000;
(SymbolCall res);
5 2 RB2;
5 11 R.RB2 0;
5 10 16 1 14000 11000 RB2-;
5 10 1 0 4000 11000 RB2+;
5 15 5000 10000 1 0 "<v>/<value>O";
1 Bound 4000 9750 14000 12000;
( Rotate 90 );
9 res;
C 0 R 0 1 T 4000 11000;
(SymbolCall res);
5 2 RB1;
5 11 R.RB1 1;
5 10 18 1 -9000 -7000 RB1-;
5 10 3 0 -9000 3000 RB1+;
5 15 -10000 2000 0 -1 "<v>/<value>O";
1 Bound -10250 -7000 -8000 3000;
9 res;
C 0 T -9000 3000;
(SymbolCall res);
5 2 RB3;
5 11 R.RB3 2;
5 10 20 1 36000 -7000 RB3-;
5 10 2 0 36000 3000 RB3+;
5 15 35000 2000 0 -1 "<v>/<value>O";
1 Bound 34750 -7000 37000 3000;
9 res;
C 0 T 36000 3000;
(SymbolCall res);
5 10 22 1 14000 -38000 RB5-;
5 10 5 0 4000 -38000 RB5+;
5 15 5000 -39000 1 0 "<v>/<value>O";
5 2 RB5;
5 11 R.RB5 3;
1 Bound 4000 -39250 14000 -37000;
( Rotate 90 );
9 res;
C 0 R 0 1 T 4000 -38000;
(SymbolCall res);
5 10 24 1 -10000 -56000 RB4-;
5 10 7 0 -10000 -46000 RB4+;
5 15 -11000 -47000 0 -1 "<v>/<value>O";
5 2 RB4;
5 11 R.RB4 4;
1 Bound -11250 -56000 -9000 -46000;
9 res;
C 0 T -10000 -46000;
(SymbolCall res);
5 2 RB6;
5 11 R.RB6 5;
5 10 26 1 35000 -56000 RB6-;
5 10 6 0 35000 -46000 RB6+;
5 15 34000 -47000 0 -1 "<v>/<value>O";
1 Bound 33750 -56000 36000 -46000;
9 res;
C 0 T 35000 -46000;
(SymbolCall res);
5 2 RB7;
5 11 R.RB7 6;
5 10 27 1 59000 -62000 RB7-;
5 10 4 0 59000 -52000 RB7+;
5 15 58000 -53000 0 -1 "<v>/<value>O";
1 Bound 57750 -62000 60000 -52000;
9 res;
C 0 T 59000 -52000;
(SymbolCall res);
5 2 RB9;
5 11 R.RB9 7;
5 10 31 1 6000 -98000 RB9-;
5 10 11 0 -4000 -98000 RB9+;
5 15 -3000 -99000 1 0 "<v>/<value>O";
1 Bound -4000 -99250 6000 -97000;
( Rotate 90 );
9 res;
C 0 R 0 1 T -4000 -98000;
(SymbolCall res);
5 2 RB8;
5 11 R.RB8 8;
5 10 33 1 -10000 -116000 RB8-;
5 10 11 0 -10000 -106000 RB8+;
5 15 -11000 -107000 0 -1 "<v>/<value>O";
1 Bound -11250 -116000 -9000 -106000;
9 res;
C 0 T -10000 -106000;
(SymbolCall res);
5 2 RB10;
5 11 R.RB10 9;
5 10 35 1 59000 -116000 RB10-;
5 10 10 0 59000 -106000 RB10+;
5 15 58000 -107000 0 -1 "<v>/<value>O";
1 Bound 57750 -116000 60000 -106000;
9 res;
C 0 T 59000 -106000;
(SymbolCall res);
5 2 RB11;
5 11 R.RB11 10;
5 10 37 1 84000 -116000 RB11-;
5 10 13 0 84000 -106000 RB11+;
5 15 83000 -107000 0 -1 "<v>/<value>O";
1 Bound 82750 -116000 85000 -106000;
9 res;
C 0 T 84000 -106000;
L SCED;
5 10 1;
W2 0 2000 3000 4000 3000 4000 11000;
5 10 2;
W2 0 14000 3000 24000 3000 24000 11000;
5 10 3;
W2 0 -17000 3000 -9000 3000 -8000 3000;
5 10 2;
W2 0 24000 3000 28000 3000 36000 3000 41000 3000;
5 10 4;
W2 0 51000 3000 51000 -46000 47000 -46000;
5 10 5;
W2 0 2000 -46000 4000 -46000 4000 -38000;
5 10 6;
W2 0 14000 -46000 24000 -46000 24000 -38000;
5 10 7;
W2 0 -18000 -46000 -10000 -46000 -8000 -46000;
5 10 6;
W2 0 24000 -46000 27000 -46000 35000 -46000 37000 -46000;
5 10 4;
W2 0 51000 -46000 51000 -52000 59000 -52000;
5 10 8;
W2 0 59000 -72000 51000 -72000 51000 -62000;
5 10 9;
W2 0 51000 -82000 51000 -85000 51000 -87000;
5 10 9;
W2 0 49000 -85000 51000 -85000;
5 10 10;
W2 0 51000 -97000 51000 -106000 59000 -106000 62000 -106000;
5 10 11;
W2 0 -18000 -106000 -10000 -106000 -4000 -106000 -4000 -98000;
5 10 12;
W2 0 16000 -98000 16000 -106000 6000 -106000;
5 10 12;
W2 0 19000 -106000 16000 -106000;
5 10 10;
W2 0 29000 -106000 51000 -106000;
5 10 13;
W2 0 72000 -106000 76000 -106000 84000 -106000 86000 -106000;
L NAME;
5 16 I 0 11;
94 <<IB1>> -19250 21750 320 1350 1000;
5 16 I 1 11;
94 <<IB2>> 25750 21750 320 1575 1000;
5 16 L 2 11;
94 <<LRB2>> 14250 12750 0 2475 1000;
5 16 R 0 11;
94 <<RB2>> 4250 12250 0 1875 1000;
5 16 L 0 11;
94 <<LB1>> -17250 11750 320 1650 1000;
5 16 L 1 11;
94 <<LB2>> 27750 11750 320 1875 1000;
5 16 L 3 11;
94 <<L1>> -26750 4750 0 1050 1000;
5 16 L 4 11;
94 <<L2>> -7750 4750 0 1275 1000;
5 16 B 0 11;
94 <<B2>> 4250 4750 0 1275 1000;
5 16 L 5 11;
94 <<L3>> 41250 4750 0 1275 1000;
5 16 B 1 11;
94 <<B1>> -18750 1750 320 1050 1000;
5 16 R 1 11;
94 <<RB1>> -10500 1750 320 1650 1000;
5 16 B 2 11;
94 <<B3>> 26250 1750 320 1275 1000;
5 16 R 2 11;
94 <<RB3>> 34500 1750 320 1875 1000;
5 16 L 6 11;
94 <<LP1>> -17250 -8250 320 1650 1000;
5 16 L 7 11;
94 <<LRB1>> -9250 -8250 320 2250 1000;
5 16 L 8 11;
94 <<LP3>> 27750 -8250 320 1875 1000;
5 16 L 9 11;
94 <<LRB3>> 35750 -8250 320 2475 1000;
5 16 I 2 11;
94 <<IB3>> -20250 -27250 320 1575 1000;
5 16 L 11 11;
94 <<LRB5>> 14250 -36250 0 2475 1000;
5 16 R 3 11;
94 <<RB5>> 4250 -36750 0 1875 1000;
5 16 L 10 11;
94 <<LB3>> -18250 -37250 320 1875 1000;
5 16 L 12 11;
94 <<L4>> -27750 -44250 0 1275 1000;
5 16 L 13 11;
94 <<L5>> -7750 -44250 0 1275 1000;
5 16 B 3 11;
94 <<B5>> 4250 -44250 0 1275 1000;
5 16 L 14 11;
94 <<L6>> 37250 -44250 0 1275 1000;
5 16 B 4 11;
94 <<B4>> -19750 -47250 320 1275 1000;
5 16 R 4 11;
94 <<RB4>> -11500 -47250 320 1875 1000;
5 16 B 5 11;
94 <<B6>> 25250 -47250 320 1275 1000;
5 16 R 5 11;
94 <<RB6>> 33500 -47250 320 1875 1000;
5 16 B 6 11;
94 <<B7>> 49250 -53250 320 1275 1000;
5 16 R 6 11;
94 <<RB7>> 57500 -53250 320 1875 1000;
5 16 L 15 11;
94 <<LP4>> -18250 -57250 320 1875 1000;
5 16 L 16 11;
94 <<LRB4>> -10250 -57250 320 2475 1000;
5 16 L 17 11;
94 <<LP6>> 26750 -57250 320 1875 1000;
5 16 L 18 11;
94 <<LRB6>> 34750 -57250 320 2475 1000;
5 16 L 19 11;
94 <<LRB7>> 58750 -63250 320 2475 1000;
5 16 L 20 11;
94 <<L7>> 50750 -73250 320 1275 1000;
5 16 I 3 11;
94 <<IB5>> 29250 -82750 0 1575 1000;
5 16 L 21 11;
94 <<LB5>> 39250 -83250 0 1875 1000;
5 16 I 4 11;
94 <<IB4>> -20250 -87250 320 1575 1000;
5 16 I 5 11;
94 <<IB6>> 73750 -87250 320 1575 1000;
5 16 L 22 11;
94 <<L8>> 50750 -88250 320 1275 1000;
5 16 L 25 11;
94 <<LRB9>> 6250 -96250 0 2475 1000;
5 16 R 7 11;
94 <<RB9>> -3750 -96750 0 1875 1000;
5 16 L 23 11;
94 <<LB4>> -18250 -97250 320 1875 1000;
5 16 L 24 11;
94 <<LB6>> 75750 -97250 320 1875 1000;
5 16 L 26 11;
94 <<L9>> -27750 -104250 0 1275 1000;
5 16 B 7 11;
94 <<B9>> -3750 -104250 0 1275 1000;
5 16 L 27 11;
94 <<L10>> 19250 -104250 0 1650 1000;
5 16 L 28 11;
94 <<L11>> 62250 -104250 0 1425 1000;
5 16 L 29 11;
94 <<L12>> 86250 -104250 0 1650 1000;
5 16 B 8 11;
94 <<B8>> -19750 -107250 320 1275 1000;
5 16 R 8 11;
94 <<RB8>> -11500 -107250 320 1875 1000;
5 16 B 9 11;
94 <<B10>> 49250 -107250 320 1650 1000;
5 16 R 9 11;
94 <<RB10>> 57500 -107250 320 2250 1000;
5 16 B 10 11;
94 <<B11>> 74250 -107250 320 1425 1000;
5 16 R 10 11;
94 <<RB11>> 82500 -107250 320 2025 1000;
5 16 L 30 11;
94 <<LP8>> -18250 -117250 320 1875 1000;
5 16 L 31 11;
94 <<LRB8>> -10250 -117250 320 2475 1000;
5 16 L 32 11;
94 <<LP10>> 50750 -117250 320 2250 1000;
5 16 L 33 11;
94 <<LRB10>> 58750 -117250 320 2850 1000;
5 16 L 34 11;
94 <<LP11>> 75750 -117250 320 2025 1000;
5 16 L 35 11;
94 <<LRB11>> 83750 -117250 320 2625 1000;
L MODL;
5 16 B 1 1;
94 <<jjmit>> -15250 2750 256 2550 1000;
5 16 B 2 1;
94 <<jjmit>> 29750 2750 256 2550 1000;
5 16 B 0 1;
94 <<jjmit>> 13750 1250 320 2550 1000;
5 16 B 4 1;
94 <<jjmit>> -16250 -46250 256 2550 1000;
5 16 B 5 1;
94 <<jjmit>> 28750 -46250 256 2550 1000;
5 16 B 3 1;
94 <<jjmit>> 13750 -47750 320 2550 1000;
5 16 B 6 1;
94 <<jjmit>> 52750 -52250 256 2550 1000;
5 16 B 8 1;
94 <<jjmit>> -16250 -106250 256 2550 1000;
5 16 B 9 1;
94 <<jjmit>> 52750 -106250 256 2550 1000;
5 16 B 10 1;
94 <<jjmit>> 77750 -106250 256 2550 1000;
5 16 B 7 1;
94 <<jjmit>> 5750 -107750 320 2550 1000;
L VALU;
5 16 I 0 2;
94 <<pwl(0 0 5p IB1)>> -14750 22750 33024 7650 1000;
5 16 I 1 2;
94 <<pwl(0 0 5p IB2)>> 30250 22750 33024 7875 1000;
5 16 L 0 2;
94 <<LB1>> -15250 12750 33024 1650 1000;
5 16 L 1 2;
94 <<LB2>> 29750 12750 33024 1875 1000;
5 16 L 2 2;
94 <<LRB2>> 23750 10750 33088 2475 1000;
5 16 R 0 2;
94 <<RB2>> 13750 9500 33088 1875 1000;
5 16 L 3 2;
94 <<L1>> -17250 2750 33088 1050 1000;
5 16 R 1 2;
94 <<RB1>> -7750 2750 33024 1650 1000;
5 16 L 4 2;
94 <<L2>> 1750 2750 33088 1275 1000;
5 16 R 2 2;
94 <<RB3>> 37250 2750 33024 1875 1000;
5 16 L 5 2;
94 <<L3>> 50750 2750 33088 1275 1000;
5 16 L 6 2;
94 <<LP1>> -15250 -7250 33024 1650 1000;
5 16 L 7 2;
94 <<LRB1>> -7250 -7250 33024 2250 1000;
5 16 L 8 2;
94 <<LP3>> 29750 -7250 33024 1875 1000;
5 16 L 9 2;
94 <<LRB3>> 37750 -7250 33024 2475 1000;
5 16 I 2 2;
94 <<pwl(0 0 5p IB3)>> -15750 -26250 33024 7875 1000;
5 16 L 10 2;
94 <<LB3>> -16250 -36250 33024 1875 1000;
5 16 L 11 2;
94 <<LRB5>> 23750 -38250 33088 2475 1000;
5 16 R 3 2;
94 <<RB5>> 13750 -39500 33088 1875 1000;
5 16 L 12 2;
94 <<L4>> -18250 -46250 33088 1275 1000;
5 16 R 4 2;
94 <<RB4>> -8750 -46250 33024 1875 1000;
5 16 L 13 2;
94 <<L5>> 1750 -46250 33088 1275 1000;
5 16 R 5 2;
94 <<RB6>> 36250 -46250 33024 1875 1000;
5 16 L 14 2;
94 <<L6>> 46750 -46250 33088 1275 1000;
5 16 R 6 2;
94 <<RB7>> 60250 -52250 33024 1875 1000;
5 16 L 15 2;
94 <<LP4>> -16250 -56250 33024 1875 1000;
5 16 L 16 2;
94 <<LRB4>> -8250 -56250 33024 2475 1000;
5 16 L 17 2;
94 <<LP6>> 28750 -56250 33024 1875 1000;
5 16 L 18 2;
94 <<LRB6>> 36750 -56250 33024 2475 1000;
5 16 L 19 2;
94 <<LRB7>> 60750 -62250 33024 2475 1000;
5 16 L 20 2;
94 <<L7>> 52750 -72250 33024 1275 1000;
5 16 L 21 2;
94 <<LB5>> 48750 -85250 33088 1875 1000;
5 16 I 4 2;
94 <<pwl(0 0 5p IB4)>> -15750 -86250 33024 7875 1000;
5 16 I 5 2;
94 <<pwl(0 0 5p IB6)>> 78250 -86250 33024 7875 1000;
5 16 I 3 2;
94 <<pwl(0 0 5p IB5)>> 38750 -87250 33088 7875 1000;
5 16 L 22 2;
94 <<L8>> 52750 -87250 33024 1275 1000;
5 16 L 23 2;
94 <<LB4>> -16250 -96250 33024 1875 1000;
5 16 L 24 2;
94 <<LB6>> 77750 -96250 33024 1875 1000;
5 16 L 25 2;
94 <<LRB9>> 15750 -98250 33088 2475 1000;
5 16 R 7 2;
94 <<RB9>> 5750 -99500 33088 1875 1000;
5 16 L 26 2;
94 <<L9>> -18250 -106250 33088 1275 1000;
5 16 R 8 2;
94 <<RB8>> -8750 -106250 33024 1875 1000;
5 16 L 27 2;
94 <<L10>> 28750 -106250 33088 1650 1000;
5 16 R 9 2;
94 <<RB10>> 60250 -106250 33024 2250 1000;
5 16 L 28 2;
94 <<L11>> 71750 -106250 33088 1425 1000;
5 16 R 10 2;
94 <<RB11>> 85250 -106250 33024 2025 1000;
5 16 L 29 2;
94 <<L12>> 95750 -106250 33088 1650 1000;
5 16 L 30 2;
94 <<LP8>> -16250 -116250 33024 1875 1000;
5 16 L 31 2;
94 <<LRB8>> -8250 -116250 33024 2475 1000;
5 16 L 32 2;
94 <<LP10>> 52750 -116250 33024 2250 1000;
5 16 L 33 2;
94 <<LRB10>> 60750 -116250 33024 2850 1000;
5 16 L 34 2;
94 <<LP11>> 77750 -116250 33024 2025 1000;
5 16 L 35 2;
94 <<LRB11>> 85750 -116250 33024 2625 1000;
L PARM;
5 16 B 0 3;
94 <<area=B2>> 4250 250 33024 4200 1000;
5 16 B 1 3;
94 <<area=B1>> -15250 -6750 32768 3975 1000;
5 16 B 2 3;
94 <<area=B3>> 29750 -6750 32768 4200 1000;
5 16 B 3 3;
94 <<area=B5>> 4250 -48750 33024 4200 1000;
5 16 B 4 3;
94 <<area=B4>> -16250 -55750 32768 4200 1000;
5 16 B 5 3;
94 <<area=B6>> 28750 -55750 32768 4200 1000;
5 16 B 6 3;
94 <<area=B7>> 52750 -61750 32768 4200 1000;
5 16 B 7 3;
94 <<area=B9>> -3750 -108750 33024 4200 1000;
5 16 B 8 3;
94 <<area=B8>> -16250 -115750 32768 4200 1000;
5 16 B 9 3;
94 <<area=B10>> 52750 -115750 32768 4575 1000;
5 16 B 10 3;
94 <<area=B11>> 77750 -115750 32768 4350 1000;
DF;
E
* Generated by Xic from cell LSmitll_NDRO_v1p6
B1 3 17 40 jjmit area=B1
B2 1 2 39 jjmit area=B2
B3 2 19 41 jjmit area=B3
B4 7 23 44 jjmit area=B4
B5 5 6 43 jjmit area=B5
B6 6 25 45 jjmit area=B6
B7 4 8 46 jjmit area=B7
B8 11 32 50 jjmit area=B8
B9 11 12 48 jjmit area=B9
B10 10 34 51 jjmit area=B10
B11 13 36 52 jjmit area=B11
IB1 0 14 pwl(0 0 5p IB1)
IB2 0 15 pwl(0 0 5p IB2)
IB3 0 21 pwl(0 0 5p IB3)
IB4 0 29 pwl(0 0 5p IB4)
IB5 0 28 pwl(0 0 5p IB5)
IB6 0 30 pwl(0 0 5p IB6)
L2 3 1 L2
L3 2 4 L3
L5 7 5 L5
L6 6 4 L6
L7 8 9 L7
L8 9 10 L8
L10 12 10 L10
L11 10 13 L11
LB1 14 3 LB1
LB2 15 2 LB2
LB3 21 7 LB3
LB4 29 11 LB4
LB5 28 9 LB5
LB6 30 13 LB6
LP1 17 0 LP1
LP3 19 0 LP3
LP4 23 0 LP4
LP6 25 0 LP6
LP8 32 0 LP8
LP10 34 0 LP10
LP11 36 0 LP11
LRB1 18 0 LRB1
LRB2 16 2 LRB2
LRB3 20 0 LRB3
LRB4 24 0 LRB4
LRB5 22 6 LRB5
LRB6 26 0 LRB6
LRB7 27 8 LRB7
LRB8 33 0 LRB8
LRB9 31 12 LRB9
LRB10 35 0 LRB10
LRB11 37 0 LRB11
RB1 3 18 RB1
RB2 1 16 RB2
RB3 2 20 RB3
RB4 7 24 RB4
RB5 5 22 RB5
RB6 6 26 RB6
RB7 4 27 RB7
RB8 11 33 RB8
RB9 11 31 RB9
RB10 10 35 RB10
RB11 13 37 RB11
.model jjmit jj(rtype=1, vg=2.8mV, cap=0.07pF, r0=160, rn=16, icrit=0.1mA)


* Nb 30 A/cm2
.save @IB6[c]
.save @IB1[c]
.save @IB2[c]
.save @IB3[c]
.save @IB5[c]
.save @IB4[c]
