(Symbol LSmitll_SPLITT);
($Id:$);
(xic.exe 4.3.5 Win32 i386 01/17/2019 10:13 GMT);
(PHYSICAL);
(RESOLUTION 1000);
( CREATED 1/17/2019 10:13:29, MODIFIED 1/17/2019 10:13:29 );
5 7100 grid 25 1;
9 LSmitll_SPLITT;
DS 0 1 1;
(SymbolCall M4M7connection);
1 Bound -11325 11300 -7775 13400;
( Rotate 90 );
9 M4M7connection;
C 0 R 0 1 T -10625 12350;
(SymbolCall M4M7connection);
1 Bound 11350 7775 14900 9875;
( Rotate 90 );
9 M4M7connection;
C 0 R 0 1 T 12050 8825;
(SymbolCall M4M7connection);
1 Bound 17400 -21125 19500 -17575;
9 M4M7connection;
C 0 T 18450 -18275;
(SymbolCall M4M7connection);
1 Bound 10050 -21200 12150 -17650;
9 M4M7connection;
C 0 T 11100 -18350;
(SymbolCall M4M7connection);
1 Bound -12425 -21275 -10325 -17725;
9 M4M7connection;
C 0 T -11375 -18425;
(SymbolCall M4M7connection);
1 Bound -19550 -21325 -17450 -17775;
9 M4M7connection;
C 0 T -18500 -18475;
(SymbolCall M5M6connection);
1 Bound 11000 17800 12700 19500;
9 M5M6connection;
C 0 T 11850 18650;
(SymbolCall M5M6connection);
1 Bound 17300 14850 19000 16550;
9 M5M6connection;
C 0 T 18150 15700;
(SymbolCall M5M6connection);
1 Bound 17525 12000 19225 13700;
9 M5M6connection;
C 0 T 18375 12850;
(SymbolCall M5M6connection);
1 Bound -19750 9400 -18050 11100;
9 M5M6connection;
C 0 T -18900 10250;
(SymbolCall PTLconnection);
1 Bound -20000 10000 -10000 20000;
9 PTLconnection;
C 0 T -15000 15000;
(SymbolCall PTLconnection);
1 Bound -20000 -30000 -10000 -20000;
9 PTLconnection;
C 0 T -15000 -25000;
(SymbolCall PTLconnection);
1 Bound 10000 -30000 20000 -20000;
9 PTLconnection;
C 0 T 15000 -25000;
(SymbolCall RC5M6connection);
1 Bound 825 14600 2225 16700;
( Rotate 180 );
9 RC5M6connection;
C 0 R -1 0 T 1875 15650;
(SymbolCall RC5M6connection);
1 Bound 11150 14600 12550 16700;
9 RC5M6connection;
C 0 T 11500 15650;
(SymbolCall RC5M6connection);
1 Bound 5500 10575 6900 12675;
( Rotate 180 );
9 RC5M6connection;
C 0 R -1 0 T 6550 11625;
(SymbolCall RC5M6connection);
1 Bound 9800 10575 11200 12675;
9 RC5M6connection;
C 0 T 10150 11625;
(SymbolCall RC5M6connection);
1 Bound -17850 9550 -15750 10950;
( Rotate 90 );
9 RC5M6connection;
C 0 R 0 1 T -16800 9900;
(SymbolCall RC5M6connection);
1 Bound 17250 9550 19350 10950;
( Rotate 90 );
9 RC5M6connection;
C 0 R 0 1 T 18300 9900;
(SymbolCall RC5M6connection);
1 Bound -17850 -8200 -15750 -6800;
( Rotate 270 );
9 RC5M6connection;
C 0 R 0 -1 T -16800 -7150;
(SymbolCall RC5M6connection);
1 Bound 17250 -8200 19350 -6800;
( Rotate 270 );
9 RC5M6connection;
C 0 R 0 -1 T 18300 -7150;
(SymbolCall ROUT);
1 Bound -16575 -20475 -13425 -16975;
( Rotate 90 );
9 ROUT;
C 0 MY R 0 1 T -16575 -20475;
(SymbolCall ROUT);
1 Bound 13425 -20475 16575 -16975;
( Rotate 90 );
9 ROUT;
C 0 R 0 1 T 16575 -20475;
(SymbolCall jjsg100_7);
1 Bound -10450 8200 -2850 10400;
( Rotate 270 );
9 jjsg100_7;
C 0 MY R 0 -1 T -3950 9300;
(SymbolCall jjsg120_95);
1 Bound -3925 -13525 -1625 -6125;
( Rotate 180 );
9 jjsg120_95;
C 0 R -1 0 T -2775 -7275;
(SymbolCall jjsg120_95);
1 Bound 1625 -13525 3925 -6125;
( Rotate 180 );
9 jjsg120_95;
C 0 R -1 0 T 2775 -7275;
(SymbolCall jjsg169_6);
1 Bound -8850 2225 -1250 4725;
( Rotate 270 );
9 jjsg169_6;
C 0 R 0 -1 T -7600 3475;
(SymbolCall jjsg169_93);
1 Bound -13025 -8825 -10525 -1225;
( Rotate 180 );
9 jjsg169_93;
C 0 MY R -1 0 T -11775 -7575;
(SymbolCall jjsg169_93);
1 Bound 10525 -8825 13025 -1225;
9 jjsg169_93;
C 0 T 11775 -7575;
L M4;
P -10000 20000 20000 20000 20000 -20000 10000 -20000 10000 -30000
  -10000 -30000 -10000 -20000 -20000 -20000 -20000 10000 -10000 10000
  -10000 10450 3175 10450 3175 5475 -1100 5475 -1100 8125 -2125 8125
  -2125 5475 3175 5475 3175 3400 15475 3400 15475 -775 -13900 -775 -13900 950
  -6075 950 -6075 375 -1100 375 -1100 1475 -6075 1475 -6075 950 -15425 950
  -15425 -5600 -13900 -5600 -13900 -2025 -5200 -2025 -5200 -5400 -4400 -5400
  -4400 -2025 4325 -2025 4325 -5450 13875 -5450 13875 -5650 900 -5650
  900 -4600 -825 -4600 -825 -13200 900 -13200 900 -9875 8725 -9875 8725 -13400
  -13600 -13400 -13600 -9150 -17450 -9150 -17450 -10075 -14675 -10075
  -14675 -13400 8725 -13400 8725 -15650 9800 -15650 9800 -9875 13725 -9875
  13725 -13500 14625 -13500 14625 -9675 18725 -9675 18725 -8800 13725 -8800
  13725 -9875 900 -9875 900 -5650 16875 -5650 16875 -4775 13875 -4775
  13875 -5450 5200 -5450 5200 -1975 4325 -1975 4325 -2025 -13900 -2025
  -13900 -775 16575 -775 16575 9700 15475 9700 15475 3400 4425 3400 4425 11300
  3175 11300 3175 10450 -1000 10450 -1000 13625 9800 13625 9800 14425
  4025 14425 4025 13625 -1000 13625 -1000 14550 -2250 14550 -2250 10450
  -10000 10450 -10000 16300 -4175 16300 -4175 17375 -9050 17375 -9050 16300
  -10000 16300 -10000 20000;
L M5;
P 14500 19350 14500 20000 15500 20000 15500 19350 19050 19350 19050 12000
  17925 12000 17925 18075 -18250 18075 -18250 10325 -19375 10325 -19375 19350
  14500 19350;
L R5;
B 9625 1000 6687 15650;
B 3600 1000 8350 11625;
B 1000 17050 -16800 1375;
B 1000 17050 18300 1375;
L M6;
B 1400 1250 11850 17325;
P -12925 17050 -11450 15575 -3400 15575 -3400 10200 -4475 10200 -4475 14400
  -11450 14400 -12925 12925 -12925 17050;
P 17575 16400 17575 15000 16000 15000 16000 10775 11150 10775 11150 12125
  14775 12125 14775 16400 17575 16400;
P 825 9800 825 14600 2225 14600 2225 8875 -3000 8875 -3000 9800 825 9800;
B 1400 1275 18375 11562;
B 550 1400 -18075 10250;
P 5500 1625 5500 10575 6900 10575 6900 425 525 425 525 -2650 3500 -2650
  3500 -6500 2200 -6500 2200 -3825 -2175 -3825 -2175 -6550 -3475 -6550
  -3475 -2650 -525 -2650 -525 -1325 -8100 -1325 -8100 2375 -7150 2375
  -7150 -350 -300 -350 -300 1625 5500 1625;
P -4575 7175 -4575 8475 -3200 8475 -3200 5925 -6800 5925 -6800 4575 -8200 4575
  -8200 7175 -4575 7175;
B 7225 2000 -7237 -7375;
B 7200 2000 7250 -7375;
B 3025 1400 -14287 -7500;
B 4425 1400 15037 -7500;
P 12775 -8200 12775 -14250 16575 -14250 16575 -16975 13425 -16975 13425 -15900
  10975 -15900 10975 -8200 12775 -8200;
P -12775 -8300 -10975 -8300 -10975 -15900 -13425 -15900 -13425 -16975
  -16575 -16975 -16575 -14250 -12775 -14250 -12775 -8300;
P -13425 -22450 -13425 -20475 -16575 -20475 -16575 -22450 -17075 -22950
  -12925 -22950 -13425 -22450;
P 13425 -22450 13425 -20475 16575 -20475 16575 -22450 17075 -22950
  12925 -22950 13425 -22450;
L M7;
P -20000 20000 20000 20000 20000 -30000 -20000 -30000 -20000 10450 3175 10450
  3175 5475 -1100 5475 -1100 8125 -2125 8125 -2125 5475 3175 5475 3175 3400
  15475 3400 15475 -775 -13900 -775 -13900 950 -6075 950 -6075 375 -1100 375
  -1100 1475 -6075 1475 -6075 950 -15425 950 -15425 -5600 -13900 -5600
  -13900 -2025 -5200 -2025 -5200 -5400 -4400 -5400 -4400 -2025 4325 -2025
  4325 -5450 13875 -5450 13875 -5650 900 -5650 900 -4600 -825 -4600
  -825 -13200 900 -13200 900 -9875 8725 -9875 8725 -13400 -13600 -13400
  -13600 -9150 -17450 -9150 -17450 -10075 -14675 -10075 -14675 -13400
  8725 -13400 8725 -15650 9800 -15650 9800 -9875 13725 -9875 13725 -13500
  14625 -13500 14625 -9675 18725 -9675 18725 -8800 13725 -8800 13725 -9875
  900 -9875 900 -5650 16875 -5650 16875 -4775 13875 -4775 13875 -5450
  5200 -5450 5200 -1975 4325 -1975 4325 -2025 -13900 -2025 -13900 -775
  16575 -775 16575 9700 15475 9700 15475 3400 4425 3400 4425 11300 3175 11300
  3175 10450 -1000 10450 -1000 13625 9800 13625 9800 14425 4025 14425
  4025 13625 -1000 13625 -1000 14550 -2250 14550 -2250 10450 -20000 10450
  -20000 16300 -4175 16300 -4175 17375 -9050 17375 -9050 16300 -20000 16300
  -20000 20000;
L TERM;
W2 200 -9950 15950 -9950 14100;
94 <<P1 M6 M4>> -9950 15075 0 248 56;
W2 200 500 13650 2425 13650;
94 <<PB1 M6 M4>> 1400 13625 0 488 98;
94 <<J1 M6 M5>> -3950 9225 0 1309 296;
94 <<J2 M6 M5>> -7725 3275 0 1195 257;
W2 200 3725 1825 3725 225;
94 <<PB2 M6 M4>> 3775 900 0 385 74;
W2 200 16425 -6475 16425 -8325;
W2 200 -15025 -6550 -15025 -8450;
94 <<J5 M6 M5>> 2750 -7300 0 2389 515;
94 <<J4 M6 M5>> -11825 -7200 0 1576 340;
94 <<J3 M6 M5>> -2750 -7475 0 2389 515;
94 <<J6 M6 M5>> 11925 -7750 0 2389 515;
94 <<PB4 M6 M4>> -15025 -7650 0 1770 340;
94 <<PB3 M6 M4>> 16425 -7650 0 771 148;
94 <<P3 M6 M4>> -15025 -16325 0 1195 257;
W2 200 -17325 -16250 -12850 -16250;
W2 200 12875 -16700 17275 -16700;
94 <<P2 M6 M4>> 14850 -16725 0 260 56;
DF;
E
(ELECTRICAL);
(RESOLUTION 1000);
5 7101 tran 0.5p 600p 0 0.25p UIC;
5 10 1 0 -113000 -3000 0x0 IN;
5 10 2 1 -12000 16000 0x0 OUT_1;
5 10 3 2 -12000 -13000 0x0 OUT_2;
5 18 0
  L ETC2:
  B 55800 68100 -59400 2450:
  94 <<SPLITT>> -72600 23100 0 26466 8234:
  W 0 -31500 19300 -32183 19233 -32839 19034 -33444 18710 -33975 18275
 -34410 17744 -34734 17139 -34933 16483 -35000 15800 -34933 15117 -34734 14461
 -34410 13856 -33975 13325 -33444 12890 -32839 12566 -32183 12367 -31500 12300:
  W 0 -13500 15800 -61600 15800 -61600 -13000 -13900 -13000:
  W 0 -87300 -6400 -86617 -6333 -85961 -6134 -85356 -5810 -84825 -5375
 -84390 -4844 -84066 -4239 -83867 -3583 -83800 -2900 -83867 -2217 -84066 -1561
 -84390 -956 -84825 -425 -85356 10 -85961 334 -86617 533 -87300 600:
  W 0 -111100 -2900 -61400 -2900:
  W 0 -31500 -9499 -32183 -9566 -32840 -9765 -33445 -10089 -33976 -10524
 -34411 -11055 -34735 -11660 -34934 -12317 -35001 -13000 -34934 -13683
 -34735 -14340 -34411 -14945 -33976 -15476 -33445 -15911 -32840 -16235
 -32183 -16434 -31500 -16501:
;
5 11 X 0 subckt;
9 LSmitll_SPLITT;
DS 0 1 1;
(SymbolCall gnd);
5 10 0 0 -38000 36000;
1 Bound -38000 35000 -35400 37000;
( Rotate 90 );
9 gnd;
C 0 R 0 1 T -37000 35000;
(SymbolCall gnd);
5 10 0 0 -103000 17000;
1 Bound -103000 16000 -100400 18000;
( Rotate 90 );
9 gnd;
C 0 R 0 1 T -102000 16000;
(SymbolCall gnd);
5 10 0 0 -71000 17000;
1 Bound -71000 16000 -68400 18000;
( Rotate 90 );
9 gnd;
C 0 R 0 1 T -70000 16000;
(SymbolCall gnd);
5 10 0 0 -54000 -4000;
1 Bound -55000 -6600 -53000 -4000;
9 gnd;
C 0 T -55000 -5000;
(SymbolCall gnd);
5 10 0 0 -48000 -4000;
1 Bound -49000 -6600 -47000 -4000;
9 gnd;
C 0 T -49000 -5000;
(SymbolCall gnd);
5 10 0 0 -38000 -4000;
1 Bound -39000 -6600 -37000 -4000;
9 gnd;
C 0 T -39000 -5000;
(SymbolCall gnd);
5 10 0 0 -32000 -4000;
1 Bound -33000 -6600 -31000 -4000;
9 gnd;
C 0 T -33000 -5000;
(SymbolCall gnd);
5 10 0 0 -103000 -23000;
1 Bound -104000 -25600 -102000 -23000;
9 gnd;
C 0 T -104000 -24000;
(SymbolCall gnd);
5 10 0 0 -97000 -23000;
1 Bound -98000 -25600 -96000 -23000;
9 gnd;
C 0 T -98000 -24000;
(SymbolCall gnd);
5 10 0 0 -87000 -23000;
1 Bound -88000 -25600 -86000 -23000;
9 gnd;
C 0 T -88000 -24000;
(SymbolCall gnd);
5 10 0 0 -81000 -23000;
1 Bound -82000 -25600 -80000 -23000;
9 gnd;
C 0 T -82000 -24000;
(SymbolCall gnd);
5 10 0 0 -61000 -33000;
1 Bound -62000 -35600 -60000 -33000;
9 gnd;
C 0 T -62000 -34000;
(SymbolCall gnd);
5 10 0 0 -54000 -33000;
1 Bound -55000 -35600 -53000 -33000;
9 gnd;
C 0 T -55000 -34000;
(SymbolCall gnd);
5 10 0 0 -44000 -33000;
1 Bound -45000 -35600 -43000 -33000;
9 gnd;
C 0 T -45000 -34000;
(SymbolCall gnd);
5 10 0 0 -38000 -33000;
1 Bound -39000 -35600 -37000 -33000;
9 gnd;
C 0 T -39000 -34000;
(SymbolCall gnd);
5 10 0 0 -32000 -33000;
1 Bound -33000 -35600 -31000 -33000;
9 gnd;
C 0 T -33000 -34000;
(SymbolCall ind);
5 10 5 1 -38000 16000 LPR01TX1-;
5 10 10 0 -38000 26000 LPR01TX1+;
5 15 -37000 25000 0 -1;
5 2 0.2p;
5 11 L.LPR01tx1 0;
1 Bound -38000 16000 -36500 26000;
9 ind;
C 0 T -39000 16000;
(SymbolCall ind);
5 10 5 1 -38000 16000 L5-;
5 10 4 0 -48000 16000 L5+;
5 15 -47000 17000 1 0;
5 2 L5;
5 11 L.L5 1;
1 Bound -48000 16000 -38000 17500;
( Rotate 90 );
9 ind;
C 0 R 0 1 T -38000 15000;
(SymbolCall ind);
5 10 11 1 -22000 16000 L02TX1-;
5 10 5 0 -32000 16000 L02TX1+;
5 15 -31000 17000 1 0;
5 2 L02tx1;
5 11 L.L02tx1 2;
1 Bound -32000 16000 -22000 17500;
( Rotate 90 );
9 ind;
C 0 R 0 1 T -22000 15000;
(SymbolCall ind);
5 10 6 1 -103000 -3000 LPR01RX1-;
5 10 12 0 -103000 7000 LPR01RX1+;
5 15 -102000 6000 0 -1;
5 2 0.2p;
5 11 L.LPR01rx1 3;
1 Bound -103000 -3000 -101500 7000;
9 ind;
C 0 T -104000 -3000;
(SymbolCall ind);
5 10 18 1 -71000 -3000 LPRIB1-;
5 10 13 0 -71000 7000 LPRIB1+;
5 15 -70000 6000 0 -1;
5 2 0.2p;
5 11 L.LPRIB1 4;
1 Bound -71000 -3000 -69500 7000;
9 ind;
C 0 T -72000 -3000;
(SymbolCall ind);
5 10 19 1 -61000 -3000 L4-;
5 10 4 0 -61000 7000 L4+;
5 15 -60000 6000 0 -1;
5 2 L4;
5 11 L.L4 5;
1 Bound -61000 -3000 -59500 7000;
9 ind;
C 0 T -62000 -3000;
(SymbolCall ind);
5 10 0 1 -54000 -4000 LP2-;
5 10 14 0 -54000 6000 LP2+;
5 15 -53000 5000 0 -1;
5 2 0.2p;
5 11 L.LP2 6;
1 Bound -54000 -4000 -52500 6000;
9 ind;
C 0 T -55000 -4000;
(SymbolCall ind);
5 10 0 1 -48000 -4000 LRB2-;
5 10 15 0 -48000 6000 LRB2+;
5 15 -47000 5000 0 -1;
5 2 LRB2;
5 11 L.LRB2 7;
1 Bound -48000 -4000 -46500 6000;
9 ind;
C 0 T -49000 -4000;
(SymbolCall ind);
5 10 0 1 -38000 -4000 LP01TX1-;
5 10 16 0 -38000 6000 LP01TX1+;
5 15 -37000 5000 0 -1;
5 2 0.05p;
5 11 L.LP01tx1 8;
1 Bound -38000 -4000 -36500 6000;
9 ind;
C 0 T -39000 -4000;
(SymbolCall ind);
5 10 0 1 -32000 -4000 LRB01TX1-;
5 10 17 0 -32000 6000 LRB01TX1+;
5 15 -31000 5000 0 -1;
5 2 LRB01tx1;
5 11 L.LRB01tx1 9;
1 Bound -32000 -4000 -30500 6000;
9 ind;
C 0 T -33000 -4000;
(SymbolCall ind);
5 10 6 1 -103000 -3000 L01RX1-;
5 10 1 0 -113000 -3000 L01RX1+;
5 15 -112000 -2000 1 0;
5 2 L01rx1;
5 11 L.L01rx1 10;
1 Bound -113000 -3000 -103000 -1500;
( Rotate 90 );
9 ind;
C 0 R 0 1 T -103000 -4000;
(SymbolCall ind);
5 10 7 1 -87000 -3000 L1-;
5 10 6 0 -97000 -3000 L1+;
5 15 -96000 -2000 1 0;
5 2 L1;
5 11 L.L1 11;
1 Bound -97000 -3000 -87000 -1500;
( Rotate 90 );
9 ind;
C 0 R 0 1 T -87000 -4000;
(SymbolCall ind);
5 10 18 1 -71000 -3000 L2-;
5 10 7 0 -81000 -3000 L2+;
5 15 -80000 -2000 1 0;
5 2 L2;
5 11 L.L2 12;
1 Bound -81000 -3000 -71000 -1500;
( Rotate 90 );
9 ind;
C 0 R 0 1 T -71000 -4000;
(SymbolCall ind);
5 10 19 1 -61000 -3000 L3-;
5 10 18 0 -71000 -3000 L3+;
5 15 -70000 -2000 1 0;
5 2 L3;
5 11 L.L3 13;
1 Bound -71000 -3000 -61000 -1500;
( Rotate 90 );
9 ind;
C 0 R 0 1 T -61000 -4000;
(SymbolCall ind);
5 10 8 1 -61000 -13000 L6-;
5 10 19 0 -61000 -3000 L6+;
5 15 -60000 -4000 0 -1;
5 2 L4;
5 11 L.L6 14;
1 Bound -61000 -13000 -59500 -3000;
9 ind;
C 0 T -62000 -13000;
(SymbolCall ind);
5 10 9 1 -44000 -13000 L7-;
5 10 8 0 -54000 -13000 L7+;
5 15 -53000 -12000 1 0;
5 2 L5;
5 11 L.L7 15;
1 Bound -54000 -13000 -44000 -11500;
( Rotate 90 );
9 ind;
C 0 R 0 1 T -44000 -14000;
(SymbolCall ind);
5 10 24 1 -22000 -13000 L02TX2-;
5 10 9 0 -32000 -13000 L02TX2+;
5 15 -31000 -12000 1 0;
5 2 L02tx1;
5 11 L.L02tx2 16;
1 Bound -32000 -13000 -22000 -11500;
( Rotate 90 );
9 ind;
C 0 R 0 1 T -22000 -14000;
(SymbolCall ind);
5 10 0 1 -103000 -23000 LP01RX1-;
5 10 20 0 -103000 -13000 LP01RX1+;
5 15 -102000 -14000 0 -1;
5 2 0.34p;
5 11 L.LP01rx1 17;
1 Bound -103000 -23000 -101500 -13000;
9 ind;
C 0 T -104000 -23000;
(SymbolCall ind);
5 10 0 1 -97000 -23000 LRB01RX1-;
5 10 21 0 -97000 -13000 LRB01RX1+;
5 15 -96000 -14000 0 -1;
5 2 LRB01rx1;
5 11 L.LRB01rx1 18;
1 Bound -97000 -23000 -95500 -13000;
9 ind;
C 0 T -98000 -23000;
(SymbolCall ind);
5 10 0 1 -87000 -23000 LP1-;
5 10 22 0 -87000 -13000 LP1+;
5 15 -86000 -14000 0 -1;
5 2 0.2p;
5 11 L.LP1 19;
1 Bound -87000 -23000 -85500 -13000;
9 ind;
C 0 T -88000 -23000;
(SymbolCall ind);
5 10 0 1 -81000 -23000 LRB1-;
5 10 23 0 -81000 -13000 LRB1+;
5 15 -80000 -14000 0 -1;
5 2 LRB1;
5 11 L.LRB1 20;
1 Bound -81000 -23000 -79500 -13000;
9 ind;
C 0 T -82000 -23000;
(SymbolCall ind);
5 10 27 1 -44000 -23000 LPR01TX2-;
5 10 9 0 -44000 -13000 LPR01TX2+;
5 15 -43000 -14000 0 -1;
5 2 0.2p;
5 11 L.LPR01tx2 21;
1 Bound -44000 -23000 -42500 -13000;
9 ind;
C 0 T -45000 -23000;
(SymbolCall ind);
5 10 0 1 -61000 -33000 LP3-;
5 10 25 0 -61000 -23000 LP3+;
5 15 -60000 -24000 0 -1;
5 2 0.2p;
5 11 L.LP3 22;
1 Bound -61000 -33000 -59500 -23000;
9 ind;
C 0 T -62000 -33000;
(SymbolCall ind);
5 10 0 1 -54000 -33000 LRB3-;
5 10 26 0 -54000 -23000 LRB3+;
5 15 -53000 -24000 0 -1;
5 2 LRB2;
5 11 L.LRB3 23;
1 Bound -54000 -33000 -52500 -23000;
9 ind;
C 0 T -55000 -33000;
(SymbolCall ind);
5 10 0 1 -38000 -33000 LP01TX2-;
5 10 28 0 -38000 -23000 LP01TX2+;
5 15 -37000 -24000 0 -1;
5 2 0.05p;
5 11 L.LP01tx2 24;
1 Bound -38000 -33000 -36500 -23000;
9 ind;
C 0 T -39000 -33000;
(SymbolCall ind);
5 10 0 1 -32000 -33000 LRB01TX2-;
5 10 29 0 -32000 -23000 LRB01TX2+;
5 15 -31000 -24000 0 -1;
5 2 LRB01tx1;
5 11 L.LRB01tx2 25;
1 Bound -32000 -33000 -30500 -23000;
9 ind;
C 0 T -33000 -33000;
(SymbolCall isrc);
5 10 10 1 -38000 26000 IB01TX1_1;
5 10 0 0 -38000 36000 IB01TX1_0;
5 15 -38000 30000 0 -1 @<name>[c];
5 2 pwl(0 0 5p IB01tx1);
5 11 I.IB01tx1 0;
5 5 nophys;
1 Bound -40000 26000 -36000 36000;
9 isrc;
C 0 T -40000 26000;
(SymbolCall isrc);
5 10 12 1 -103000 7000 IB01RX1_1;
5 10 0 0 -103000 17000 IB01RX1_0;
5 15 -103000 11000 0 -1 @<name>[c];
5 2 pwl(0 0 5p IB01rx1);
5 11 I.IB01rx1 1;
5 5 nophys;
1 Bound -105000 7000 -101000 17000;
9 isrc;
C 0 T -105000 7000;
(SymbolCall isrc);
5 10 13 1 -71000 7000 IB1_1;
5 10 0 0 -71000 17000 IB1_0;
5 15 -71000 11000 0 -1 @<name>[c];
5 2 pwl(0 0 5p IB1);
5 11 I.IB1 2;
5 5 nophys;
1 Bound -73000 7000 -69000 17000;
9 isrc;
C 0 T -73000 7000;
(SymbolCall isrc);
5 10 27 1 -44000 -23000 IB01TX2_1;
5 10 0 0 -44000 -33000 IB01TX2_0;
5 15 -44000 -27000 0 1 @<name>[c];
5 2 pwl(0 0 5p IB01tx1);
5 11 I.IB01tx2 3;
5 5 nophys;
1 Bound -46000 -33000 -42000 -23000;
( Rotate 180 );
9 isrc;
C 0 R -1 0 T -42000 -23000;
(SymbolCall jj);
5 10 30 2 -55000 14000 B2_2;
5 10 14 1 -54000 6000 B2-;
5 10 4 0 -54000 16000 B2+;
5 3 area=B2;
5 1 jmitll;
5 11 B.B2 0;
1 Bound -55500 6000 -52500 16000;
9 jj;
C 0 T -55000 6000;
(SymbolCall jj);
5 10 31 2 -39000 14000 B01TX1_2;
5 10 16 1 -38000 6000 B01TX1-;
5 10 5 0 -38000 16000 B01TX1+;
5 3 area=B01tx1;
5 1 jmitll;
5 11 B.B01tx1 1;
1 Bound -39500 6000 -36500 16000;
9 jj;
C 0 T -39000 6000;
(SymbolCall jj);
5 10 32 2 -104000 -5000 B01RX1_2;
5 10 20 1 -103000 -13000 B01RX1-;
5 10 6 0 -103000 -3000 B01RX1+;
5 3 area=B01rx1;
5 1 jmitll;
5 11 B.B01rx1 2;
1 Bound -104500 -13000 -101500 -3000;
9 jj;
C 0 T -104000 -13000;
(SymbolCall jj);
5 10 33 2 -88000 -5000 B1_2;
5 10 22 1 -87000 -13000 B1-;
5 10 7 0 -87000 -3000 B1+;
5 3 area=B1;
5 1 jmitll;
5 11 B.B1 3;
1 Bound -88500 -13000 -85500 -3000;
9 jj;
C 0 T -88000 -13000;
(SymbolCall jj);
5 10 34 2 -62000 -15000 B3_2;
5 10 25 1 -61000 -23000 B3-;
5 10 8 0 -61000 -13000 B3+;
5 3 area=B2;
5 1 jmitll;
5 11 B.B3 4;
1 Bound -62500 -23000 -59500 -13000;
9 jj;
C 0 T -62000 -23000;
(SymbolCall jj);
5 10 35 2 -39000 -15000 B01TX2_2;
5 10 28 1 -38000 -23000 B01TX2-;
5 10 9 0 -38000 -13000 B01TX2+;
5 3 area=B01tx1;
5 1 jmitll;
5 11 B.B01tx2 5;
1 Bound -39500 -23000 -36500 -13000;
9 jj;
C 0 T -39000 -23000;
(SymbolCall res);
5 10 2 1 -12000 16000 RINSTX1-;
5 10 11 0 -22000 16000 RINSTX1+;
5 15 -21000 15000 1 0 "<v>/<value>O";
5 2 1.36;
5 11 R.RINStx1 0;
1 Bound -22000 14750 -12000 17000;
( Rotate 90 );
9 res;
C 0 R 0 1 T -22000 16000;
(SymbolCall res);
5 10 15 1 -48000 6000 RB2-;
5 10 4 0 -48000 16000 RB2+;
5 15 -49000 15000 0 -1 "<v>/<value>O";
5 1 RB2;
5 11 R.RB2 1;
1 Bound -49250 6000 -47000 16000;
9 res;
C 0 T -48000 16000;
(SymbolCall res);
5 10 17 1 -32000 6000 RB01TX1-;
5 10 5 0 -32000 16000 RB01TX1+;
5 15 -33000 15000 0 -1 "<v>/<value>O";
5 1 RB01tx1;
5 11 R.RB01tx1 2;
1 Bound -33250 6000 -31000 16000;
9 res;
C 0 T -32000 16000;
(SymbolCall res);
5 10 21 1 -97000 -13000 RB01RX1-;
5 10 6 0 -97000 -3000 RB01RX1+;
5 15 -98000 -4000 0 -1 "<v>/<value>O";
5 1 RB01rx1;
5 11 R.RB01rx1 3;
1 Bound -98250 -13000 -96000 -3000;
9 res;
C 0 T -97000 -3000;
(SymbolCall res);
5 10 23 1 -81000 -13000 RB1-;
5 10 7 0 -81000 -3000 RB1+;
5 15 -82000 -4000 0 -1 "<v>/<value>O";
5 1 RB1;
5 11 R.RB1 4;
1 Bound -82250 -13000 -80000 -3000;
9 res;
C 0 T -81000 -3000;
(SymbolCall res);
5 10 3 1 -12000 -13000 RINSTX2-;
5 10 24 0 -22000 -13000 RINSTX2+;
5 15 -21000 -14000 1 0 "<v>/<value>O";
5 2 1.36;
5 11 R.RINStx2 5;
1 Bound -22000 -14250 -12000 -12000;
( Rotate 90 );
9 res;
C 0 R 0 1 T -22000 -13000;
(SymbolCall res);
5 10 26 1 -54000 -23000 RB3-;
5 10 8 0 -54000 -13000 RB3+;
5 15 -55000 -14000 0 -1 "<v>/<value>O";
5 1 RB2;
5 11 R.RB3 6;
1 Bound -55250 -23000 -53000 -13000;
9 res;
C 0 T -54000 -13000;
(SymbolCall res);
5 10 29 1 -32000 -23000 RB01TX2-;
5 10 9 0 -32000 -13000 RB01TX2+;
5 15 -33000 -14000 0 -1 "<v>/<value>O";
5 1 RB01tx1;
5 11 R.RB01tx2 7;
1 Bound -33250 -23000 -31000 -13000;
9 res;
C 0 T -32000 -13000;
L SCED;
5 10 4;
W2 0 -61000 7000 -61000 16000 -54000 16000 -48000 16000;
5 10 5;
W2 0 -38000 16000 -32000 16000;
5 10 6;
W2 0 -103000 -3000 -97000 -3000;
5 10 7;
W2 0 -87000 -3000 -81000 -3000;
5 10 8;
W2 0 -61000 -13000 -54000 -13000;
5 10 9;
W2 0 -44000 -13000 -38000 -13000 -32000 -13000;
L NAME;
5 16 I 0 11;
94 <<IB01tx1>> -40250 34750 320 3375 1000;
5 16 L 0 11;
94 <<LPR01tx1>> -38250 24750 320 4275 1000;
5 16 L 1 11;
94 <<L5>> -47750 17750 0 1275 1000;
5 16 L 2 11;
94 <<L02tx1>> -31750 17750 0 3300 1000;
5 16 R 0 11;
94 <<RINStx1>> -21750 17250 0 3600 1000;
5 16 I 1 11;
94 <<IB01rx1>> -105250 15750 320 3450 1000;
5 16 I 2 11;
94 <<IB1>> -73250 15750 320 1350 1000;
5 16 B 0 11;
94 <<B2>> -55750 14750 320 1275 1000;
5 16 R 1 11;
94 <<RB2>> -49500 14750 320 1875 1000;
5 16 B 1 11;
94 <<B01tx1>> -39750 14750 320 3075 1000;
5 16 R 2 11;
94 <<RB01tx1>> -33500 14750 320 3675 1000;
5 16 L 3 11;
94 <<LPR01rx1>> -103250 5750 320 4350 1000;
5 16 L 4 11;
94 <<LPRIB1>> -71250 5750 320 3150 1000;
5 16 L 5 11;
94 <<L4>> -61250 5750 320 1275 1000;
5 16 L 6 11;
94 <<LP2>> -54250 4750 320 1875 1000;
5 16 L 7 11;
94 <<LRB2>> -48250 4750 320 2475 1000;
5 16 L 8 11;
94 <<LP01tx1>> -38250 4750 320 3675 1000;
5 16 L 9 11;
94 <<LRB01tx1>> -32250 4750 320 4275 1000;
5 16 L 10 11;
94 <<L01rx1>> -112750 -1250 0 3150 1000;
5 16 L 11 11;
94 <<L1>> -96750 -1250 0 1050 1000;
5 16 L 12 11;
94 <<L2>> -80750 -1250 0 1275 1000;
5 16 L 13 11;
94 <<L3>> -70750 -1250 0 1275 1000;
5 16 B 2 11;
94 <<B01rx1>> -104750 -4250 320 3150 1000;
5 16 R 3 11;
94 <<RB01rx1>> -98500 -4250 320 3750 1000;
5 16 B 3 11;
94 <<B1>> -88750 -4250 320 1050 1000;
5 16 R 4 11;
94 <<RB1>> -82500 -4250 320 1650 1000;
5 16 L 14 11;
94 <<L6>> -61250 -4250 320 1275 1000;
5 16 L 15 11;
94 <<L7>> -53750 -11250 0 1275 1000;
5 16 L 16 11;
94 <<L02tx2>> -31750 -11250 0 3525 1000;
5 16 R 5 11;
94 <<RINStx2>> -21750 -11750 0 3825 1000;
5 16 L 17 11;
94 <<LP01rx1>> -103250 -14250 320 3750 1000;
5 16 L 18 11;
94 <<LRB01rx1>> -97250 -14250 320 4350 1000;
5 16 L 19 11;
94 <<LP1>> -87250 -14250 320 1650 1000;
5 16 L 20 11;
94 <<LRB1>> -81250 -14250 320 2250 1000;
5 16 B 4 11;
94 <<B3>> -62750 -14250 320 1275 1000;
5 16 R 6 11;
94 <<RB3>> -55500 -14250 320 1875 1000;
5 16 L 21 11;
94 <<LPR01tx2>> -44250 -14250 320 4500 1000;
5 16 B 5 11;
94 <<B01tx2>> -39750 -14250 320 3300 1000;
5 16 R 7 11;
94 <<RB01tx2>> -33500 -14250 320 3900 1000;
5 16 L 22 11;
94 <<LP3>> -61250 -24250 320 1875 1000;
5 16 L 23 11;
94 <<LRB3>> -54250 -24250 320 2475 1000;
5 16 I 3 11;
94 <<IB01tx2>> -46250 -24250 320 3600 1000;
5 16 L 24 11;
94 <<LP01tx2>> -38250 -24250 320 3900 1000;
5 16 L 25 11;
94 <<LRB01tx2>> -32250 -24250 320 4500 1000;
L MODL;
5 16 B 0 1;
94 <<jmitll>> -52250 15750 256 2625 1000;
5 16 R 1 1;
94 <<RB2>> -46750 15750 256 1875 1000;
5 16 B 1 1;
94 <<jmitll>> -36250 15750 256 2625 1000;
5 16 R 2 1;
94 <<RB01tx1>> -30750 15750 256 3675 1000;
5 16 B 2 1;
94 <<jmitll>> -101250 -3250 256 2625 1000;
5 16 R 3 1;
94 <<RB01rx1>> -95750 -3250 256 3750 1000;
5 16 B 3 1;
94 <<jmitll>> -85250 -3250 256 2625 1000;
5 16 R 4 1;
94 <<RB1>> -79750 -3250 256 1650 1000;
5 16 B 4 1;
94 <<jmitll>> -59250 -13250 256 2625 1000;
5 16 R 6 1;
94 <<RB2>> -52750 -13250 256 1875 1000;
5 16 B 5 1;
94 <<jmitll>> -36250 -13250 256 2625 1000;
5 16 R 7 1;
94 <<RB01tx1>> -30750 -13250 256 3675 1000;
L VALU;
5 16 I 0 2;
94 <<pwl(0 0 5p IB01tx1)>> -35750 35750 33024 9675 1000;
5 16 L 0 2;
94 <<0.2p>> -36250 25750 33024 2100 1000;
5 16 I 1 2;
94 <<pwl(0 0 5p IB01rx1)>> -100750 16750 33024 9750 1000;
5 16 I 2 2;
94 <<pwl(0 0 5p IB1)>> -68750 16750 33024 7650 1000;
5 16 L 1 2;
94 <<L5>> -38250 15750 33088 1275 1000;
5 16 L 2 2;
94 <<L02tx1>> -22250 15750 33088 3300 1000;
5 16 R 0 2;
94 <<1.36>> -12250 14500 33088 1875 1000;
5 16 L 3 2;
94 <<0.2p>> -101250 6750 33024 2100 1000;
5 16 L 4 2;
94 <<0.2p>> -69250 6750 33024 2100 1000;
5 16 L 5 2;
94 <<L4>> -59250 6750 33024 1275 1000;
5 16 L 6 2;
94 <<0.2p>> -52250 5750 33024 2100 1000;
5 16 L 7 2;
94 <<LRB2>> -46250 5750 33024 2475 1000;
5 16 L 8 2;
94 <<0.05p>> -36250 5750 33024 2700 1000;
5 16 L 9 2;
94 <<LRB01tx1>> -30250 5750 33024 4275 1000;
5 16 L 10 2;
94 <<L01rx1>> -103250 -3250 33088 3150 1000;
5 16 L 11 2;
94 <<L1>> -87250 -3250 33088 1050 1000;
5 16 L 12 2;
94 <<L2>> -71250 -3250 33088 1275 1000;
5 16 L 13 2;
94 <<L3>> -61250 -3250 33088 1275 1000;
5 16 L 14 2;
94 <<L4>> -59250 -3250 33024 1275 1000;
5 16 L 17 2;
94 <<0.34p>> -101250 -13250 33024 2700 1000;
5 16 L 18 2;
94 <<LRB01rx1>> -95250 -13250 33024 4350 1000;
5 16 L 19 2;
94 <<0.2p>> -85250 -13250 33024 2100 1000;
5 16 L 20 2;
94 <<LRB1>> -79250 -13250 33024 2250 1000;
5 16 L 15 2;
94 <<L5>> -44250 -13250 33088 1275 1000;
5 16 L 21 2;
94 <<0.2p>> -42250 -13250 33024 2100 1000;
5 16 L 16 2;
94 <<L02tx1>> -22250 -13250 33088 3300 1000;
5 16 R 5 2;
94 <<1.36>> -12250 -14500 33088 1875 1000;
5 16 L 22 2;
94 <<0.2p>> -59250 -23250 33024 2100 1000;
5 16 L 23 2;
94 <<LRB2>> -52250 -23250 33024 2475 1000;
5 16 I 3 2;
94 <<pwl(0 0 5p IB01tx1)>> -41750 -23250 33024 9675 1000;
5 16 L 24 2;
94 <<0.05p>> -36250 -23250 33024 2700 1000;
5 16 L 25 2;
94 <<LRB01tx1>> -30250 -23250 33024 4275 1000;
L PARM;
5 16 B 0 3;
94 <<area=B2>> -52250 6250 32768 4200 1000;
5 16 B 1 3;
94 <<area=B01tx1>> -36250 6250 32768 6000 1000;
5 16 B 2 3;
94 <<area=B01rx1>> -101250 -12750 32768 6075 1000;
5 16 B 3 3;
94 <<area=B1>> -85250 -12750 32768 3975 1000;
5 16 B 4 3;
94 <<area=B2>> -59250 -22750 32768 4200 1000;
5 16 B 5 3;
94 <<area=B01tx1>> -37250 -22750 32768 6000 1000;
L SPTX;
94 <<.include MITLL_SPLITT_models.inc>> -113300 86500 0 16725 1000;
94 <<.param Scaling=1.0>> -113300 85500 0 9225 1000;
94 <<.param B0=1>> -113300 84500 0 6000 1000;
94 <<.param Ic0=0.0001>> -113300 83500 0 8925 1000;
94 <<.param IcRs=100u*6.859904418>> -113300 82500 0 15300 1000;
94 <<.param B0Rs=IcRs/Ic0*B0>> -113300 81500 0 12825 1000;
94 <<.param Rsheet=2 >> -113300 80500 0 9150 1000;
94 <<.param Lsheet=1.13e-12 >> -113300 79500 0 12300 1000;
94 <<.param B01rx1=1.0070354868519553*Scaling>> -113300 78500 0 21675 1000;
94 <<.param B01tx1=1.6993237776942893*Scaling>> -113300 77500 0 21825 1000;
94 <<.param B1=1.6959682291689977*Scaling>> -113300 76500 0 19575 1000;
94 <<.param B2=1.209509885398233*Scaling>> -113300 75500 0 19425 1000;
94 <<.param IB01rx1=0.00013494761741656282*Scaling>> -113300 74500 0 24150 1000;
94 <<.param IB01tx1=7.626696604705507e-05*Scaling>> -113300 73500 0 24150 1000;
94 <<.param IB1=0.00035968318587602715*Scaling>> -113300 72500 0 22275 1000;
94 <<.param L01rx1=2.6757035519114777e-13*(1/Scaling-(1-Scaling))>> -113300 71500 0 30975 1000;
94 <<.param L02tx1=2.2253212527851025e-12*(1/Scaling-(1-Scaling))>> -113300 70500 0 31350 1000;
94 <<.param L1=1.5258529970572481e-12*(1/Scaling-(1-Scaling))>> -113300 69500 0 29100 1000;
94 <<.param L2=2.9153847294043574e-12*(1/Scaling-(1-Scaling))>> -113300 68500 0 29550 1000;
94 <<.param L3=4.813688043861165e-13*(1/Scaling-(1-Scaling))>> -113300 67500 0 28500 1000;
94 <<.param L4=1.2716425006912427e-12*(1/Scaling-(1-Scaling))>> -113300 66500 0 29100 1000;
94 <<.param L5=1.2572241510058017e-12*(1/Scaling-(1-Scaling))>> -113300 65500 0 28875 1000;
94 <<.param LRB01rx1=(RB01rx1/Rsheet)*Lsheet>> -113300 64500 0 21225 1000;
94 <<.param LRB01tx1=(RB01tx1/Rsheet)*Lsheet>> -113300 63500 0 21075 1000;
94 <<.param LRB1=(RB1/Rsheet)*Lsheet>> -113300 62500 0 17025 1000;
94 <<.param LRB2=(RB2/Rsheet)*Lsheet>> -113300 61500 0 17475 1000;
94 <<.param RB01rx1=B0Rs/B01rx1>> -113300 60500 0 14175 1000;
94 <<.param RB01tx1=B0Rs/B01tx1>> -113300 59500 0 14025 1000;
94 <<.param RB1=B0Rs/B1>> -113300 58500 0 9975 1000;
94 <<.param RB2=B0Rs/B2>> -113300 57500 0 10425 1000;
DF;
E
* Generated by Xic from cell LSmitll_SPLITT
.tran 0.5p 600p 0 0.25p UIC
.include MITLL_SPLITT_models.inc
.param Scaling=1.0
.param B0=1
.param Ic0=0.0001
.param IcRs=100u*6.859904418
.param B0Rs=IcRs/Ic0*B0
.param Rsheet=2 
.param Lsheet=1.13e-12 
.param B01rx1=1.0070354868519553*Scaling
.param B01tx1=1.6993237776942893*Scaling
.param B1=1.6959682291689977*Scaling
.param B2=1.209509885398233*Scaling
.param IB01rx1=0.00013494761741656282*Scaling
.param IB01tx1=7.626696604705507e-05*Scaling
.param IB1=0.00035968318587602715*Scaling
.param L01rx1=2.6757035519114777e-13*(1/Scaling-(1-Scaling))
.param L02tx1=2.2253212527851025e-12*(1/Scaling-(1-Scaling))
.param L1=1.5258529970572481e-12*(1/Scaling-(1-Scaling))
.param L2=2.9153847294043574e-12*(1/Scaling-(1-Scaling))
.param L3=4.813688043861165e-13*(1/Scaling-(1-Scaling))
.param L4=1.2716425006912427e-12*(1/Scaling-(1-Scaling))
.param L5=1.2572241510058017e-12*(1/Scaling-(1-Scaling))
.param LRB01rx1=(RB01rx1/Rsheet)*Lsheet
.param LRB01tx1=(RB01tx1/Rsheet)*Lsheet
.param LRB1=(RB1/Rsheet)*Lsheet
.param LRB2=(RB2/Rsheet)*Lsheet
.param RB01rx1=B0Rs/B01rx1
.param RB01tx1=B0Rs/B01tx1
.param RB1=B0Rs/B1
.param RB2=B0Rs/B2
B01rx1 6 20 32 jmitll area=B01rx1
B01tx1 5 16 31 jmitll area=B01tx1
B01tx2 9 28 35 jmitll area=B01tx1
B1 7 22 33 jmitll area=B1
B2 4 14 30 jmitll area=B2
B3 8 25 34 jmitll area=B2
IB01rx1 0 12 pwl(0 0 5p IB01rx1)
IB01tx1 0 10 pwl(0 0 5p IB01tx1)
IB01tx2 0 27 pwl(0 0 5p IB01tx1)
IB1 0 13 pwl(0 0 5p IB1)
L01rx1 IN 6 L01rx1
L02tx1 5 11 L02tx1
L02tx2 9 24 L02tx1
L1 6 7 L1
L2 7 18 L2
L3 18 19 L3
L4 4 19 L4
L5 4 5 L5
L6 19 8 L4
L7 8 9 L5
LP01rx1 20 0 0.34p
LP01tx1 16 0 0.05p
LP01tx2 28 0 0.05p
LP1 22 0 0.2p
LP2 14 0 0.2p
LP3 25 0 0.2p
LPR01rx1 12 6 0.2p
LPR01tx1 10 5 0.2p
LPR01tx2 9 27 0.2p
LPRIB1 13 18 0.2p
LRB01rx1 21 0 LRB01rx1
LRB01tx1 17 0 LRB01tx1
LRB01tx2 29 0 LRB01tx1
LRB1 23 0 LRB1
LRB2 15 0 LRB2
LRB3 26 0 LRB2
RB01rx1 6 21 RB01rx1
RB01tx1 5 17 RB01tx1
RB01tx2 9 29 RB01tx1
RB1 7 23 RB1
RB2 4 15 RB2
RB3 8 26 RB2
RINStx1 11 OUT_1 1.36
RINStx2 24 OUT_2 1.36
.save @IB01tx1[c]
.save @IB01rx1[c]
.save @IB1[c]
.save @IB01tx2[c]
