(Symbol MITLL_SPLITT);
($Id:$);
(xic.exe 4.3.5 Win32 i386 07/30/2018 06:46 GMT);
(PHYSICAL);
(RESOLUTION 1000);
( CREATED 7/30/2018 6:46:31, MODIFIED 7/30/2018 6:46:31 );
5 7100 grid 25 1;
9 MITLL_SPLITT;
DS 0 1 1;
DF;
E
(ELECTRICAL);
(RESOLUTION 1000);
5 7101 tran 0.5p 600p 0 0.25p UIC;
5 10 1 0 -113000 -3000 0x0 IN;
5 10 2 1 -12000 16000 0x0 OUT_1;
5 10 3 2 -12000 -13000 0x0 OUT_2;
5 11 X 0 subckt;
9 MITLL_SPLITT;
DS 0 1 1;
(SymbolCall gnd);
5 10 0 0 -38000 36000;
1 Bound -38000 35000 -35400 37000;
( Rotate 90 );
9 gnd;
C 0 R 0 1 T -37000 35000;
(SymbolCall gnd);
5 10 0 0 -103000 17000;
1 Bound -103000 16000 -100400 18000;
( Rotate 90 );
9 gnd;
C 0 R 0 1 T -102000 16000;
(SymbolCall gnd);
5 10 0 0 -71000 17000;
1 Bound -71000 16000 -68400 18000;
( Rotate 90 );
9 gnd;
C 0 R 0 1 T -70000 16000;
(SymbolCall gnd);
5 10 0 0 -54000 -4000;
1 Bound -55000 -6600 -53000 -4000;
9 gnd;
C 0 T -55000 -5000;
(SymbolCall gnd);
5 10 0 0 -48000 -4000;
1 Bound -49000 -6600 -47000 -4000;
9 gnd;
C 0 T -49000 -5000;
(SymbolCall gnd);
5 10 0 0 -38000 -4000;
1 Bound -39000 -6600 -37000 -4000;
9 gnd;
C 0 T -39000 -5000;
(SymbolCall gnd);
5 10 0 0 -32000 -4000;
1 Bound -33000 -6600 -31000 -4000;
9 gnd;
C 0 T -33000 -5000;
(SymbolCall gnd);
5 10 0 0 -103000 -23000;
1 Bound -104000 -25600 -102000 -23000;
9 gnd;
C 0 T -104000 -24000;
(SymbolCall gnd);
5 10 0 0 -97000 -23000;
1 Bound -98000 -25600 -96000 -23000;
9 gnd;
C 0 T -98000 -24000;
(SymbolCall gnd);
5 10 0 0 -87000 -23000;
1 Bound -88000 -25600 -86000 -23000;
9 gnd;
C 0 T -88000 -24000;
(SymbolCall gnd);
5 10 0 0 -81000 -23000;
1 Bound -82000 -25600 -80000 -23000;
9 gnd;
C 0 T -82000 -24000;
(SymbolCall gnd);
5 10 0 0 -61000 -33000;
1 Bound -62000 -35600 -60000 -33000;
9 gnd;
C 0 T -62000 -34000;
(SymbolCall gnd);
5 10 0 0 -54000 -33000;
1 Bound -55000 -35600 -53000 -33000;
9 gnd;
C 0 T -55000 -34000;
(SymbolCall gnd);
5 10 0 0 -44000 -33000;
1 Bound -45000 -35600 -43000 -33000;
9 gnd;
C 0 T -45000 -34000;
(SymbolCall gnd);
5 10 0 0 -38000 -33000;
1 Bound -39000 -35600 -37000 -33000;
9 gnd;
C 0 T -39000 -34000;
(SymbolCall gnd);
5 10 0 0 -32000 -33000;
1 Bound -33000 -35600 -31000 -33000;
9 gnd;
C 0 T -33000 -34000;
(SymbolCall ind);
5 2 0.2p;
5 10 5 1 -38000 16000 LPR01TX1-;
5 10 10 0 -38000 26000 LPR01TX1+;
5 15 -37000 25000 0 -1;
5 11 L.LPR01tx1 0;
1 Bound -38000 16000 -36500 26000;
9 ind;
C 0 T -39000 16000;
(SymbolCall ind);
5 2 L5;
5 10 5 1 -38000 16000 L5-;
5 10 4 0 -48000 16000 L5+;
5 15 -47000 17000 1 0;
5 11 L.L5 1;
1 Bound -48000 16000 -38000 17500;
( Rotate 90 );
9 ind;
C 0 R 0 1 T -38000 15000;
(SymbolCall ind);
5 2 L02tx1;
5 10 11 1 -22000 16000 L02TX1-;
5 10 5 0 -32000 16000 L02TX1+;
5 15 -31000 17000 1 0;
5 11 L.L02tx1 2;
1 Bound -32000 16000 -22000 17500;
( Rotate 90 );
9 ind;
C 0 R 0 1 T -22000 15000;
(SymbolCall ind);
5 2 0.2p;
5 10 6 1 -103000 -3000 LPR01RX1-;
5 10 12 0 -103000 7000 LPR01RX1+;
5 15 -102000 6000 0 -1;
5 11 L.LPR01rx1 3;
1 Bound -103000 -3000 -101500 7000;
9 ind;
C 0 T -104000 -3000;
(SymbolCall ind);
5 2 0.2p;
5 10 18 1 -71000 -3000 LPRIB1-;
5 10 13 0 -71000 7000 LPRIB1+;
5 15 -70000 6000 0 -1;
5 11 L.LPRIB1 4;
1 Bound -71000 -3000 -69500 7000;
9 ind;
C 0 T -72000 -3000;
(SymbolCall ind);
5 2 L4;
5 10 19 1 -61000 -3000 L4-;
5 10 4 0 -61000 7000 L4+;
5 15 -60000 6000 0 -1;
5 11 L.L4 5;
1 Bound -61000 -3000 -59500 7000;
9 ind;
C 0 T -62000 -3000;
(SymbolCall ind);
5 2 0.2p;
5 10 0 1 -54000 -4000 LP2-;
5 10 14 0 -54000 6000 LP2+;
5 15 -53000 5000 0 -1;
5 11 L.LP2 6;
1 Bound -54000 -4000 -52500 6000;
9 ind;
C 0 T -55000 -4000;
(SymbolCall ind);
5 2 LRB2;
5 10 0 1 -48000 -4000 LRB2-;
5 10 15 0 -48000 6000 LRB2+;
5 15 -47000 5000 0 -1;
5 11 L.LRB2 7;
1 Bound -48000 -4000 -46500 6000;
9 ind;
C 0 T -49000 -4000;
(SymbolCall ind);
5 2 0.05p;
5 10 0 1 -38000 -4000 LP01TX1-;
5 10 16 0 -38000 6000 LP01TX1+;
5 15 -37000 5000 0 -1;
5 11 L.LP01tx1 8;
1 Bound -38000 -4000 -36500 6000;
9 ind;
C 0 T -39000 -4000;
(SymbolCall ind);
5 2 LRB01tx1;
5 10 0 1 -32000 -4000 LRB01TX1-;
5 10 17 0 -32000 6000 LRB01TX1+;
5 15 -31000 5000 0 -1;
5 11 L.LRB01tx1 9;
1 Bound -32000 -4000 -30500 6000;
9 ind;
C 0 T -33000 -4000;
(SymbolCall ind);
5 2 L01rx1;
5 10 6 1 -103000 -3000 L01RX1-;
5 10 1 0 -113000 -3000 L01RX1+;
5 15 -112000 -2000 1 0;
5 11 L.L01rx1 10;
1 Bound -113000 -3000 -103000 -1500;
( Rotate 90 );
9 ind;
C 0 R 0 1 T -103000 -4000;
(SymbolCall ind);
5 2 L1;
5 10 7 1 -87000 -3000 L1-;
5 10 6 0 -97000 -3000 L1+;
5 15 -96000 -2000 1 0;
5 11 L.L1 11;
1 Bound -97000 -3000 -87000 -1500;
( Rotate 90 );
9 ind;
C 0 R 0 1 T -87000 -4000;
(SymbolCall ind);
5 2 L2;
5 10 18 1 -71000 -3000 L2-;
5 10 7 0 -81000 -3000 L2+;
5 15 -80000 -2000 1 0;
5 11 L.L2 12;
1 Bound -81000 -3000 -71000 -1500;
( Rotate 90 );
9 ind;
C 0 R 0 1 T -71000 -4000;
(SymbolCall ind);
5 2 L3;
5 10 19 1 -61000 -3000 L3-;
5 10 18 0 -71000 -3000 L3+;
5 15 -70000 -2000 1 0;
5 11 L.L3 13;
1 Bound -71000 -3000 -61000 -1500;
( Rotate 90 );
9 ind;
C 0 R 0 1 T -61000 -4000;
(SymbolCall ind);
5 2 L4;
5 10 8 1 -61000 -13000 L6-;
5 10 19 0 -61000 -3000 L6+;
5 15 -60000 -4000 0 -1;
5 11 L.L6 14;
1 Bound -61000 -13000 -59500 -3000;
9 ind;
C 0 T -62000 -13000;
(SymbolCall ind);
5 2 L5;
5 10 9 1 -44000 -13000 L7-;
5 10 8 0 -54000 -13000 L7+;
5 15 -53000 -12000 1 0;
5 11 L.L7 15;
1 Bound -54000 -13000 -44000 -11500;
( Rotate 90 );
9 ind;
C 0 R 0 1 T -44000 -14000;
(SymbolCall ind);
5 2 L02tx1;
5 10 24 1 -22000 -13000 L02TX2-;
5 10 9 0 -32000 -13000 L02TX2+;
5 15 -31000 -12000 1 0;
5 11 L.L02tx2 16;
1 Bound -32000 -13000 -22000 -11500;
( Rotate 90 );
9 ind;
C 0 R 0 1 T -22000 -14000;
(SymbolCall ind);
5 2 0.34p;
5 10 0 1 -103000 -23000 LP01RX1-;
5 10 20 0 -103000 -13000 LP01RX1+;
5 15 -102000 -14000 0 -1;
5 11 L.LP01rx1 17;
1 Bound -103000 -23000 -101500 -13000;
9 ind;
C 0 T -104000 -23000;
(SymbolCall ind);
5 2 LRB01rx1;
5 10 0 1 -97000 -23000 LRB01RX1-;
5 10 21 0 -97000 -13000 LRB01RX1+;
5 15 -96000 -14000 0 -1;
5 11 L.LRB01rx1 18;
1 Bound -97000 -23000 -95500 -13000;
9 ind;
C 0 T -98000 -23000;
(SymbolCall ind);
5 2 0.2p;
5 10 0 1 -87000 -23000 LP1-;
5 10 22 0 -87000 -13000 LP1+;
5 15 -86000 -14000 0 -1;
5 11 L.LP1 19;
1 Bound -87000 -23000 -85500 -13000;
9 ind;
C 0 T -88000 -23000;
(SymbolCall ind);
5 2 LRB1;
5 10 0 1 -81000 -23000 LRB1-;
5 10 23 0 -81000 -13000 LRB1+;
5 15 -80000 -14000 0 -1;
5 11 L.LRB1 20;
1 Bound -81000 -23000 -79500 -13000;
9 ind;
C 0 T -82000 -23000;
(SymbolCall ind);
5 2 0.2p;
5 10 27 1 -44000 -23000 LPR01TX2-;
5 10 9 0 -44000 -13000 LPR01TX2+;
5 15 -43000 -14000 0 -1;
5 11 L.LPR01tx2 21;
1 Bound -44000 -23000 -42500 -13000;
9 ind;
C 0 T -45000 -23000;
(SymbolCall ind);
5 2 0.2p;
5 10 0 1 -61000 -33000 LP3-;
5 10 25 0 -61000 -23000 LP3+;
5 15 -60000 -24000 0 -1;
5 11 L.LP3 22;
1 Bound -61000 -33000 -59500 -23000;
9 ind;
C 0 T -62000 -33000;
(SymbolCall ind);
5 2 LRB2;
5 10 0 1 -54000 -33000 LRB3-;
5 10 26 0 -54000 -23000 LRB3+;
5 15 -53000 -24000 0 -1;
5 11 L.LRB3 23;
1 Bound -54000 -33000 -52500 -23000;
9 ind;
C 0 T -55000 -33000;
(SymbolCall ind);
5 2 0.05p;
5 10 0 1 -38000 -33000 LP01TX2-;
5 10 28 0 -38000 -23000 LP01TX2+;
5 15 -37000 -24000 0 -1;
5 11 L.LP01tx2 24;
1 Bound -38000 -33000 -36500 -23000;
9 ind;
C 0 T -39000 -33000;
(SymbolCall ind);
5 2 LRB01tx1;
5 10 0 1 -32000 -33000 LRB01TX2-;
5 10 29 0 -32000 -23000 LRB01TX2+;
5 15 -31000 -24000 0 -1;
5 11 L.LRB01tx2 25;
1 Bound -32000 -33000 -30500 -23000;
9 ind;
C 0 T -33000 -33000;
(SymbolCall isrc);
5 10 10 1 -38000 26000 IB01TX1_1;
5 10 0 0 -38000 36000 IB01TX1_0;
5 15 -38000 30000 0 -1 @<name>[c];
5 2 pwl(0 0 5p IB01tx1);
5 11 I.IB01tx1 0;
5 5 nophys;
1 Bound -40000 26000 -36000 36000;
9 isrc;
C 0 T -40000 26000;
(SymbolCall isrc);
5 10 12 1 -103000 7000 IB01RX1_1;
5 10 0 0 -103000 17000 IB01RX1_0;
5 15 -103000 11000 0 -1 @<name>[c];
5 2 pwl(0 0 5p IB01rx1);
5 11 I.IB01rx1 1;
5 5 nophys;
1 Bound -105000 7000 -101000 17000;
9 isrc;
C 0 T -105000 7000;
(SymbolCall isrc);
5 10 13 1 -71000 7000 IB1_1;
5 10 0 0 -71000 17000 IB1_0;
5 15 -71000 11000 0 -1 @<name>[c];
5 2 pwl(0 0 5p IB1);
5 11 I.IB1 2;
5 5 nophys;
1 Bound -73000 7000 -69000 17000;
9 isrc;
C 0 T -73000 7000;
(SymbolCall isrc);
5 10 27 1 -44000 -23000 IB01TX2_1;
5 10 0 0 -44000 -33000 IB01TX2_0;
5 15 -44000 -27000 0 1 @<name>[c];
5 2 pwl(0 0 5p IB01tx1);
5 11 I.IB01tx2 3;
5 5 nophys;
1 Bound -46000 -33000 -42000 -23000;
( Rotate 180 );
9 isrc;
C 0 R -1 0 T -42000 -23000;
(SymbolCall jj);
5 3 area=B2;
5 1 jmitll;
5 10 30 2 -55000 14000 B2_2;
5 10 14 1 -54000 6000 B2-;
5 10 4 0 -54000 16000 B2+;
5 11 B.B2 0;
1 Bound -55500 6000 -52500 16000;
9 jj;
C 0 T -55000 6000;
(SymbolCall jj);
5 3 area=B01tx1;
5 1 jmitll;
5 10 31 2 -39000 14000 B01TX1_2;
5 10 16 1 -38000 6000 B01TX1-;
5 10 5 0 -38000 16000 B01TX1+;
5 11 B.B01tx1 1;
1 Bound -39500 6000 -36500 16000;
9 jj;
C 0 T -39000 6000;
(SymbolCall jj);
5 3 area=B01rx1;
5 1 jmitll;
5 10 32 2 -104000 -5000 B01RX1_2;
5 10 20 1 -103000 -13000 B01RX1-;
5 10 6 0 -103000 -3000 B01RX1+;
5 11 B.B01rx1 2;
1 Bound -104500 -13000 -101500 -3000;
9 jj;
C 0 T -104000 -13000;
(SymbolCall jj);
5 3 area=B1;
5 1 jmitll;
5 10 33 2 -88000 -5000 B1_2;
5 10 22 1 -87000 -13000 B1-;
5 10 7 0 -87000 -3000 B1+;
5 11 B.B1 3;
1 Bound -88500 -13000 -85500 -3000;
9 jj;
C 0 T -88000 -13000;
(SymbolCall jj);
5 3 area=B2;
5 1 jmitll;
5 10 34 2 -62000 -15000 B3_2;
5 10 25 1 -61000 -23000 B3-;
5 10 8 0 -61000 -13000 B3+;
5 11 B.B3 4;
1 Bound -62500 -23000 -59500 -13000;
9 jj;
C 0 T -62000 -23000;
(SymbolCall jj);
5 3 area=B01tx1;
5 1 jmitll;
5 10 35 2 -39000 -15000 B01TX2_2;
5 10 28 1 -38000 -23000 B01TX2-;
5 10 9 0 -38000 -13000 B01TX2+;
5 11 B.B01tx2 5;
1 Bound -39500 -23000 -36500 -13000;
9 jj;
C 0 T -39000 -23000;
(SymbolCall res);
5 2 1.36;
5 10 2 1 -12000 16000 RINSTX1-;
5 10 11 0 -22000 16000 RINSTX1+;
5 15 -21000 15000 1 0 "<v>/<value>O";
5 11 R.RINStx1 0;
1 Bound -22000 14750 -12000 17000;
( Rotate 90 );
9 res;
C 0 R 0 1 T -22000 16000;
(SymbolCall res);
5 1 RB2;
5 10 15 1 -48000 6000 RB2-;
5 10 4 0 -48000 16000 RB2+;
5 15 -49000 15000 0 -1 "<v>/<value>O";
5 11 R.RB2 1;
1 Bound -49250 6000 -47000 16000;
9 res;
C 0 T -48000 16000;
(SymbolCall res);
5 1 RB01tx1;
5 10 17 1 -32000 6000 RB01TX1-;
5 10 5 0 -32000 16000 RB01TX1+;
5 15 -33000 15000 0 -1 "<v>/<value>O";
5 11 R.RB01tx1 2;
1 Bound -33250 6000 -31000 16000;
9 res;
C 0 T -32000 16000;
(SymbolCall res);
5 1 RB01rx1;
5 10 21 1 -97000 -13000 RB01RX1-;
5 10 6 0 -97000 -3000 RB01RX1+;
5 15 -98000 -4000 0 -1 "<v>/<value>O";
5 11 R.RB01rx1 3;
1 Bound -98250 -13000 -96000 -3000;
9 res;
C 0 T -97000 -3000;
(SymbolCall res);
5 1 RB1;
5 10 23 1 -81000 -13000 RB1-;
5 10 7 0 -81000 -3000 RB1+;
5 15 -82000 -4000 0 -1 "<v>/<value>O";
5 11 R.RB1 4;
1 Bound -82250 -13000 -80000 -3000;
9 res;
C 0 T -81000 -3000;
(SymbolCall res);
5 2 1.36;
5 10 3 1 -12000 -13000 RINSTX2-;
5 10 24 0 -22000 -13000 RINSTX2+;
5 15 -21000 -14000 1 0 "<v>/<value>O";
5 11 R.RINStx2 5;
1 Bound -22000 -14250 -12000 -12000;
( Rotate 90 );
9 res;
C 0 R 0 1 T -22000 -13000;
(SymbolCall res);
5 1 RB2;
5 10 26 1 -54000 -23000 RB3-;
5 10 8 0 -54000 -13000 RB3+;
5 15 -55000 -14000 0 -1 "<v>/<value>O";
5 11 R.RB3 6;
1 Bound -55250 -23000 -53000 -13000;
9 res;
C 0 T -54000 -13000;
(SymbolCall res);
5 1 RB01tx1;
5 10 29 1 -32000 -23000 RB01TX2-;
5 10 9 0 -32000 -13000 RB01TX2+;
5 15 -33000 -14000 0 -1 "<v>/<value>O";
5 11 R.RB01tx2 7;
1 Bound -33250 -23000 -31000 -13000;
9 res;
C 0 T -32000 -13000;
L SCED;
5 10 4;
W2 0 -61000 7000 -61000 16000 -54000 16000 -48000 16000;
5 10 5;
W2 0 -38000 16000 -32000 16000;
5 10 6;
W2 0 -103000 -3000 -97000 -3000;
5 10 7;
W2 0 -87000 -3000 -81000 -3000;
5 10 8;
W2 0 -61000 -13000 -54000 -13000;
5 10 9;
W2 0 -44000 -13000 -38000 -13000 -32000 -13000;
L NAME;
5 16 I 0 11;
94 <<IB01tx1>> -40250 34750 320 3375 1000;
5 16 L 0 11;
94 <<LPR01tx1>> -38250 24750 320 4275 1000;
5 16 L 1 11;
94 <<L5>> -47750 17750 0 1275 1000;
5 16 L 2 11;
94 <<L02tx1>> -31750 17750 0 3300 1000;
5 16 R 0 11;
94 <<RINStx1>> -21750 17250 0 3600 1000;
5 16 I 1 11;
94 <<IB01rx1>> -105250 15750 320 3450 1000;
5 16 I 2 11;
94 <<IB1>> -73250 15750 320 1350 1000;
5 16 B 0 11;
94 <<B2>> -55750 14750 320 1275 1000;
5 16 R 1 11;
94 <<RB2>> -49500 14750 320 1875 1000;
5 16 B 1 11;
94 <<B01tx1>> -39750 14750 320 3075 1000;
5 16 R 2 11;
94 <<RB01tx1>> -33500 14750 320 3675 1000;
5 16 L 3 11;
94 <<LPR01rx1>> -103250 5750 320 4350 1000;
5 16 L 4 11;
94 <<LPRIB1>> -71250 5750 320 3150 1000;
5 16 L 5 11;
94 <<L4>> -61250 5750 320 1275 1000;
5 16 L 6 11;
94 <<LP2>> -54250 4750 320 1875 1000;
5 16 L 7 11;
94 <<LRB2>> -48250 4750 320 2475 1000;
5 16 L 8 11;
94 <<LP01tx1>> -38250 4750 320 3675 1000;
5 16 L 9 11;
94 <<LRB01tx1>> -32250 4750 320 4275 1000;
5 16 L 10 11;
94 <<L01rx1>> -112750 -1250 0 3150 1000;
5 16 L 11 11;
94 <<L1>> -96750 -1250 0 1050 1000;
5 16 L 12 11;
94 <<L2>> -80750 -1250 0 1275 1000;
5 16 L 13 11;
94 <<L3>> -70750 -1250 0 1275 1000;
5 16 B 2 11;
94 <<B01rx1>> -104750 -4250 320 3150 1000;
5 16 R 3 11;
94 <<RB01rx1>> -98500 -4250 320 3750 1000;
5 16 B 3 11;
94 <<B1>> -88750 -4250 320 1050 1000;
5 16 R 4 11;
94 <<RB1>> -82500 -4250 320 1650 1000;
5 16 L 14 11;
94 <<L6>> -61250 -4250 320 1275 1000;
5 16 L 15 11;
94 <<L7>> -53750 -11250 0 1275 1000;
5 16 L 16 11;
94 <<L02tx2>> -31750 -11250 0 3525 1000;
5 16 R 5 11;
94 <<RINStx2>> -21750 -11750 0 3825 1000;
5 16 L 17 11;
94 <<LP01rx1>> -103250 -14250 320 3750 1000;
5 16 L 18 11;
94 <<LRB01rx1>> -97250 -14250 320 4350 1000;
5 16 L 19 11;
94 <<LP1>> -87250 -14250 320 1650 1000;
5 16 L 20 11;
94 <<LRB1>> -81250 -14250 320 2250 1000;
5 16 B 4 11;
94 <<B3>> -62750 -14250 320 1275 1000;
5 16 R 6 11;
94 <<RB3>> -55500 -14250 320 1875 1000;
5 16 L 21 11;
94 <<LPR01tx2>> -44250 -14250 320 4500 1000;
5 16 B 5 11;
94 <<B01tx2>> -39750 -14250 320 3300 1000;
5 16 R 7 11;
94 <<RB01tx2>> -33500 -14250 320 3900 1000;
5 16 L 22 11;
94 <<LP3>> -61250 -24250 320 1875 1000;
5 16 L 23 11;
94 <<LRB3>> -54250 -24250 320 2475 1000;
5 16 I 3 11;
94 <<IB01tx2>> -46250 -24250 320 3600 1000;
5 16 L 24 11;
94 <<LP01tx2>> -38250 -24250 320 3900 1000;
5 16 L 25 11;
94 <<LRB01tx2>> -32250 -24250 320 4500 1000;
L MODL;
5 16 B 0 1;
94 <<jmitll>> -52250 15750 256 2625 1000;
5 16 R 1 1;
94 <<RB2>> -46750 15750 256 1875 1000;
5 16 B 1 1;
94 <<jmitll>> -36250 15750 256 2625 1000;
5 16 R 2 1;
94 <<RB01tx1>> -30750 15750 256 3675 1000;
5 16 B 2 1;
94 <<jmitll>> -101250 -3250 256 2625 1000;
5 16 R 3 1;
94 <<RB01rx1>> -95750 -3250 256 3750 1000;
5 16 B 3 1;
94 <<jmitll>> -85250 -3250 256 2625 1000;
5 16 R 4 1;
94 <<RB1>> -79750 -3250 256 1650 1000;
5 16 B 4 1;
94 <<jmitll>> -59250 -13250 256 2625 1000;
5 16 R 6 1;
94 <<RB2>> -52750 -13250 256 1875 1000;
5 16 B 5 1;
94 <<jmitll>> -36250 -13250 256 2625 1000;
5 16 R 7 1;
94 <<RB01tx1>> -30750 -13250 256 3675 1000;
L VALU;
5 16 I 0 2;
94 <<pwl(0 0 5p IB01tx1)>> -35750 35750 33024 9675 1000;
5 16 L 0 2;
94 <<0.2p>> -36250 25750 33024 2100 1000;
5 16 I 1 2;
94 <<pwl(0 0 5p IB01rx1)>> -100750 16750 33024 9750 1000;
5 16 I 2 2;
94 <<pwl(0 0 5p IB1)>> -68750 16750 33024 7650 1000;
5 16 L 1 2;
94 <<L5>> -38250 15750 33088 1275 1000;
5 16 L 2 2;
94 <<L02tx1>> -22250 15750 33088 3300 1000;
5 16 R 0 2;
94 <<1.36>> -12250 14500 33088 1875 1000;
5 16 L 3 2;
94 <<0.2p>> -101250 6750 33024 2100 1000;
5 16 L 4 2;
94 <<0.2p>> -69250 6750 33024 2100 1000;
5 16 L 5 2;
94 <<L4>> -59250 6750 33024 1275 1000;
5 16 L 6 2;
94 <<0.2p>> -52250 5750 33024 2100 1000;
5 16 L 7 2;
94 <<LRB2>> -46250 5750 33024 2475 1000;
5 16 L 8 2;
94 <<0.05p>> -36250 5750 33024 2700 1000;
5 16 L 9 2;
94 <<LRB01tx1>> -30250 5750 33024 4275 1000;
5 16 L 10 2;
94 <<L01rx1>> -103250 -3250 33088 3150 1000;
5 16 L 11 2;
94 <<L1>> -87250 -3250 33088 1050 1000;
5 16 L 12 2;
94 <<L2>> -71250 -3250 33088 1275 1000;
5 16 L 13 2;
94 <<L3>> -61250 -3250 33088 1275 1000;
5 16 L 14 2;
94 <<L4>> -59250 -3250 33024 1275 1000;
5 16 L 17 2;
94 <<0.34p>> -101250 -13250 33024 2700 1000;
5 16 L 18 2;
94 <<LRB01rx1>> -95250 -13250 33024 4350 1000;
5 16 L 19 2;
94 <<0.2p>> -85250 -13250 33024 2100 1000;
5 16 L 20 2;
94 <<LRB1>> -79250 -13250 33024 2250 1000;
5 16 L 15 2;
94 <<L5>> -44250 -13250 33088 1275 1000;
5 16 L 21 2;
94 <<0.2p>> -42250 -13250 33024 2100 1000;
5 16 L 16 2;
94 <<L02tx1>> -22250 -13250 33088 3300 1000;
5 16 R 5 2;
94 <<1.36>> -12250 -14500 33088 1875 1000;
5 16 L 22 2;
94 <<0.2p>> -59250 -23250 33024 2100 1000;
5 16 L 23 2;
94 <<LRB2>> -52250 -23250 33024 2475 1000;
5 16 I 3 2;
94 <<pwl(0 0 5p IB01tx1)>> -41750 -23250 33024 9675 1000;
5 16 L 24 2;
94 <<0.05p>> -36250 -23250 33024 2700 1000;
5 16 L 25 2;
94 <<LRB01tx1>> -30250 -23250 33024 4275 1000;
L PARM;
5 16 B 0 3;
94 <<area=B2>> -52250 6250 32768 4200 1000;
5 16 B 1 3;
94 <<area=B01tx1>> -36250 6250 32768 6000 1000;
5 16 B 2 3;
94 <<area=B01rx1>> -101250 -12750 32768 6075 1000;
5 16 B 3 3;
94 <<area=B1>> -85250 -12750 32768 3975 1000;
5 16 B 4 3;
94 <<area=B2>> -59250 -22750 32768 4200 1000;
5 16 B 5 3;
94 <<area=B01tx1>> -37250 -22750 32768 6000 1000;
L SPTX;
94 <<.include MITLL_SPLITT_models.inc>> -113000 66000 0 16725 1000;
94 <<.param Scaling=1.0>> -113000 65000 0 9225 1000;
94 <<.param B0=1>> -113000 64000 0 6000 1000;
94 <<.param Ic0=0.0001>> -113000 63000 0 8925 1000;
94 <<.param IcRs=100u*6.859904418>> -113000 62000 0 15300 1000;
94 <<.param B0Rs=IcRs/Ic0*B0>> -113000 61000 0 12825 1000;
94 <<.param Rsheet=2 >> -113000 60000 0 9150 1000;
94 <<.param Lsheet=1.13e-12 >> -113000 59000 0 12300 1000;
94 <<.param B01rx1=1.0070354868519553*Scaling>> -113000 58000 0 21675 1000;
94 <<.param B01tx1=1.6993237776942893*Scaling>> -113000 57000 0 21825 1000;
94 <<.param B1=1.6959682291689977*Scaling>> -113000 56000 0 19575 1000;
94 <<.param B2=1.209509885398233*Scaling>> -113000 55000 0 19425 1000;
94 <<.param IB01rx1=0.00013494761741656282*Scaling>> -113000 54000 0 24150 1000;
94 <<.param IB01tx1=7.626696604705507e-05*Scaling>> -113000 53000 0 24150 1000;
94 <<.param IB1=0.00035968318587602715*Scaling>> -113000 52000 0 22275 1000;
94 <<.param L01rx1=2.6757035519114777e-13*(1/Scaling-(1-Scaling))>> -113000 51000 0 30975 1000;
94 <<.param L02tx1=2.2253212527851025e-12*(1/Scaling-(1-Scaling))>> -113000 50000 0 31350 1000;
94 <<.param L1=1.5258529970572481e-12*(1/Scaling-(1-Scaling))>> -113000 49000 0 29100 1000;
94 <<.param L2=2.9153847294043574e-12*(1/Scaling-(1-Scaling))>> -113000 48000 0 29550 1000;
94 <<.param L3=4.813688043861165e-13*(1/Scaling-(1-Scaling))>> -113000 47000 0 28500 1000;
94 <<.param L4=1.2716425006912427e-12*(1/Scaling-(1-Scaling))>> -113000 46000 0 29100 1000;
94 <<.param L5=1.2572241510058017e-12*(1/Scaling-(1-Scaling))>> -113000 45000 0 28875 1000;
94 <<.param LRB01rx1=(RB01rx1/Rsheet)*Lsheet>> -113000 44000 0 21225 1000;
94 <<.param LRB01tx1=(RB01tx1/Rsheet)*Lsheet>> -113000 43000 0 21075 1000;
94 <<.param LRB1=(RB1/Rsheet)*Lsheet>> -113000 42000 0 17025 1000;
94 <<.param LRB2=(RB2/Rsheet)*Lsheet>> -113000 41000 0 17475 1000;
94 <<.param RB01rx1=B0Rs/B01rx1>> -113000 40000 0 14175 1000;
94 <<.param RB01tx1=B0Rs/B01tx1>> -113000 39000 0 14025 1000;
94 <<.param RB1=B0Rs/B1>> -113000 38000 0 9975 1000;
94 <<.param RB2=B0Rs/B2>> -113000 37000 0 10425 1000;
DF;
E
* Generated by Xic from cell MITLL_SPLITT
.tran 0.5p 600p 0 0.25p UIC
.include MITLL_SPLITT_models.inc
.param Scaling=1.0
.param B0=1
.param Ic0=0.0001
.param IcRs=100u*6.859904418
.param B0Rs=IcRs/Ic0*B0
.param Rsheet=2 
.param Lsheet=1.13e-12 
.param B01rx1=1.0070354868519553*Scaling
.param B01tx1=1.6993237776942893*Scaling
.param B1=1.6959682291689977*Scaling
.param B2=1.209509885398233*Scaling
.param IB01rx1=0.00013494761741656282*Scaling
.param IB01tx1=7.626696604705507e-05*Scaling
.param IB1=0.00035968318587602715*Scaling
.param L01rx1=2.6757035519114777e-13*(1/Scaling-(1-Scaling))
.param L02tx1=2.2253212527851025e-12*(1/Scaling-(1-Scaling))
.param L1=1.5258529970572481e-12*(1/Scaling-(1-Scaling))
.param L2=2.9153847294043574e-12*(1/Scaling-(1-Scaling))
.param L3=4.813688043861165e-13*(1/Scaling-(1-Scaling))
.param L4=1.2716425006912427e-12*(1/Scaling-(1-Scaling))
.param L5=1.2572241510058017e-12*(1/Scaling-(1-Scaling))
.param LRB01rx1=(RB01rx1/Rsheet)*Lsheet
.param LRB01tx1=(RB01tx1/Rsheet)*Lsheet
.param LRB1=(RB1/Rsheet)*Lsheet
.param LRB2=(RB2/Rsheet)*Lsheet
.param RB01rx1=B0Rs/B01rx1
.param RB01tx1=B0Rs/B01tx1
.param RB1=B0Rs/B1
.param RB2=B0Rs/B2
B01rx1 6 20 32 jmitll area=B01rx1
B01tx1 5 16 31 jmitll area=B01tx1
B01tx2 9 28 35 jmitll area=B01tx1
B1 7 22 33 jmitll area=B1
B2 4 14 30 jmitll area=B2
B3 8 25 34 jmitll area=B2
IB01rx1 0 12 pwl(0 0 5p IB01rx1)
IB01tx1 0 10 pwl(0 0 5p IB01tx1)
IB01tx2 0 27 pwl(0 0 5p IB01tx1)
IB1 0 13 pwl(0 0 5p IB1)
L01rx1 IN 6 L01rx1
L02tx1 5 11 L02tx1
L02tx2 9 24 L02tx1
L1 6 7 L1
L2 7 18 L2
L3 18 19 L3
L4 4 19 L4
L5 4 5 L5
L6 19 8 L4
L7 8 9 L5
LP01rx1 20 0 0.34p
LP01tx1 16 0 0.05p
LP01tx2 28 0 0.05p
LP1 22 0 0.2p
LP2 14 0 0.2p
LP3 25 0 0.2p
LPR01rx1 12 6 0.2p
LPR01tx1 10 5 0.2p
LPR01tx2 9 27 0.2p
LPRIB1 13 18 0.2p
LRB01rx1 21 0 LRB01rx1
LRB01tx1 17 0 LRB01tx1
LRB01tx2 29 0 LRB01tx1
LRB1 23 0 LRB1
LRB2 15 0 LRB2
LRB3 26 0 LRB2
RB01rx1 6 21 RB01rx1
RB01tx1 5 17 RB01tx1
RB01tx2 9 29 RB01tx1
RB1 7 23 RB1
RB2 4 15 RB2
RB3 8 26 RB2
RINStx1 11 OUT_1 1.36
RINStx2 24 OUT_2 1.36
.save @IB01tx1[c]
.save @IB01rx1[c]
.save @IB1[c]
.save @IB01tx2[c]
