(Symbol LSmitll_XOR_v1p6);
($Id:$);
(PHYSICAL);
(RESOLUTION 1000);
9 LSmitll_XOR_v1p6;
DS 0 1 1;
DF;
E
(ELECTRICAL);
(RESOLUTION 1000);
5 10 1 0 -20000 12000 0x0 A;
5 10 2 1 -20000 -44000 0x0 B;
5 10 3 2 51000 69000 0x0 CLK;
5 10 4 3 176000 -15000 0x0 Q;
5 11 X 0 subckt;
9 LSmitll_XOR_v1p6;
DS 0 1 1;
(SymbolCall gnd);
5 10 0 0 69000 91000;
1 Bound 69000 90000 71600 92000;
( Rotate 90 );
9 gnd;
C 0 R 0 1 T 70000 90000;
(SymbolCall gnd);
5 10 0 0 94000 91000;
1 Bound 94000 90000 96600 92000;
( Rotate 90 );
9 gnd;
C 0 R 0 1 T 95000 90000;
(SymbolCall gnd);
5 10 0 0 69000 49000;
1 Bound 68000 46400 70000 49000;
9 gnd;
C 0 T 68000 48000;
(SymbolCall gnd);
5 10 0 0 78000 49000;
1 Bound 77000 46400 79000 49000;
9 gnd;
C 0 T 77000 48000;
(SymbolCall gnd);
5 10 0 0 94000 49000;
1 Bound 93000 46400 95000 49000;
9 gnd;
C 0 T 93000 48000;
(SymbolCall gnd);
5 10 0 0 103000 49000;
1 Bound 102000 46400 104000 49000;
9 gnd;
C 0 T 102000 48000;
(SymbolCall gnd);
5 10 0 0 -6000 35000;
1 Bound -6000 34000 -3400 36000;
( Rotate 90 );
9 gnd;
C 0 R 0 1 T -5000 34000;
(SymbolCall gnd);
5 10 0 0 76000 33000;
1 Bound 76000 32000 78600 34000;
( Rotate 90 );
9 gnd;
C 0 R 0 1 T 77000 32000;
(SymbolCall gnd);
5 10 0 0 154000 7000;
1 Bound 154000 6000 156600 8000;
( Rotate 90 );
9 gnd;
C 0 R 0 1 T 155000 6000;
(SymbolCall gnd);
5 10 0 0 -6000 -8000;
1 Bound -7000 -10600 -5000 -8000;
9 gnd;
C 0 T -7000 -9000;
(SymbolCall gnd);
5 10 0 0 3000 -8000;
1 Bound 2000 -10600 4000 -8000;
9 gnd;
C 0 T 2000 -9000;
(SymbolCall gnd);
5 10 0 0 21000 -8000;
1 Bound 20000 -10600 22000 -8000;
9 gnd;
C 0 T 20000 -9000;
(SymbolCall gnd);
5 10 0 0 30000 -8000;
1 Bound 29000 -10600 31000 -8000;
9 gnd;
C 0 T 29000 -9000;
(SymbolCall gnd);
5 10 0 0 -6000 -21000;
1 Bound -6000 -22000 -3400 -20000;
( Rotate 90 );
9 gnd;
C 0 R 0 1 T -5000 -22000;
(SymbolCall gnd);
5 10 0 0 154000 -36000;
1 Bound 153000 -38600 155000 -36000;
9 gnd;
C 0 T 153000 -37000;
(SymbolCall gnd);
5 10 0 0 163000 -36000;
1 Bound 162000 -38600 164000 -36000;
9 gnd;
C 0 T 162000 -37000;
(SymbolCall gnd);
5 10 0 0 128000 -37000;
1 Bound 127000 -39600 129000 -37000;
9 gnd;
C 0 T 127000 -38000;
(SymbolCall gnd);
5 10 0 0 137000 -37000;
1 Bound 136000 -39600 138000 -37000;
9 gnd;
C 0 T 136000 -38000;
(SymbolCall gnd);
5 10 0 0 -6000 -64000;
1 Bound -7000 -66600 -5000 -64000;
9 gnd;
C 0 T -7000 -65000;
(SymbolCall gnd);
5 10 0 0 3000 -64000;
1 Bound 2000 -66600 4000 -64000;
9 gnd;
C 0 T 2000 -65000;
(SymbolCall gnd);
5 10 0 0 21000 -64000;
1 Bound 20000 -66600 22000 -64000;
9 gnd;
C 0 T 20000 -65000;
(SymbolCall gnd);
5 10 0 0 30000 -64000;
1 Bound 29000 -66600 31000 -64000;
9 gnd;
C 0 T 29000 -65000;
(SymbolCall gnd);
5 10 0 0 76000 -72000;
1 Bound 75000 -74600 77000 -72000;
9 gnd;
C 0 T 75000 -73000;
(SymbolCall ind);
5 2 LB5;
5 11 L.LB5 0;
5 10 5 1 69000 71000 LB5-;
5 10 20 0 69000 81000 LB5+;
5 15 70000 80000 0 -1;
1 Bound 69000 71000 70500 81000;
9 ind;
C 0 T 68000 71000;
(SymbolCall ind);
5 2 LB6;
5 11 L.LB6 1;
5 10 6 1 94000 71000 LB6-;
5 10 21 0 94000 81000 LB6+;
5 15 95000 80000 0 -1;
1 Bound 94000 71000 95500 81000;
9 ind;
C 0 T 93000 71000;
(SymbolCall ind);
5 10 5 1 61000 69000 L10-;
5 10 3 0 51000 69000 L10+;
5 15 52000 70000 1 0;
5 2 L10;
5 11 L.L10 2;
1 Bound 51000 69000 61000 70500;
( Rotate 90 );
9 ind;
C 0 R 0 1 T 61000 68000;
(SymbolCall ind);
5 10 6 1 91000 69000 L11-;
5 10 5 0 81000 69000 L11+;
5 15 82000 70000 1 0;
5 2 L11;
5 11 L.L11 3;
1 Bound 81000 69000 91000 70500;
( Rotate 90 );
9 ind;
C 0 R 0 1 T 91000 68000;
(SymbolCall ind);
5 10 7 1 115000 69000 L12-;
5 10 6 0 105000 69000 L12+;
5 15 106000 70000 1 0;
5 2 L12;
5 11 L.L12 4;
1 Bound 105000 69000 115000 70500;
( Rotate 90 );
9 ind;
C 0 R 0 1 T 115000 68000;
(SymbolCall ind);
5 10 0 1 69000 49000 LP8-;
5 10 22 0 69000 59000 LP8+;
5 15 70000 58000 0 -1;
5 2 LP8;
5 11 L.LP8 5;
1 Bound 69000 49000 70500 59000;
9 ind;
C 0 T 68000 49000;
(SymbolCall ind);
5 10 0 1 78000 49000 LRB8-;
5 10 23 0 78000 59000 LRB8+;
5 15 79000 58000 0 -1;
5 2 LRB8;
5 11 L.LRB8 6;
1 Bound 78000 49000 79500 59000;
9 ind;
C 0 T 77000 49000;
(SymbolCall ind);
5 10 0 1 94000 49000 LP9-;
5 10 24 0 94000 59000 LP9+;
5 15 95000 58000 0 -1;
5 2 LP9;
5 11 L.LP9 7;
1 Bound 94000 49000 95500 59000;
9 ind;
C 0 T 93000 49000;
(SymbolCall ind);
5 10 0 1 103000 49000 LRB9-;
5 10 25 0 103000 59000 LRB9+;
5 15 104000 58000 0 -1;
5 2 LRB9;
5 11 L.LRB9 8;
1 Bound 103000 49000 104500 59000;
9 ind;
C 0 T 102000 49000;
(SymbolCall ind);
5 10 8 1 137000 22000 LRB10-;
5 10 26 0 137000 32000 LRB10+;
5 15 138000 31000 0 -1;
5 2 LRB10;
5 11 L.LRB10 9;
1 Bound 137000 22000 138500 32000;
9 ind;
C 0 T 136000 22000;
(SymbolCall ind);
5 2 LB1;
5 11 L.LB1 10;
5 10 11 1 -6000 15000 LB1-;
5 10 27 0 -6000 25000 LB1+;
5 15 -5000 24000 0 -1;
1 Bound -6000 15000 -4500 25000;
9 ind;
C 0 T -7000 15000;
(SymbolCall ind);
5 2 LB2;
5 11 L.LB2 11;
5 10 10 1 76000 13000 LB2-;
5 10 28 0 76000 23000 LB2+;
5 15 77000 22000 0 -1;
1 Bound 76000 13000 77500 23000;
9 ind;
C 0 T 75000 13000;
(SymbolCall ind);
5 10 10 1 68000 21000 LRB3-;
5 10 29 0 58000 21000 LRB3+;
5 15 59000 22000 1 0;
5 2 LRB3;
5 11 L.LRB3 12;
1 Bound 58000 21000 68000 22500;
( Rotate 90 );
9 ind;
C 0 R 0 1 T 68000 20000;
(SymbolCall ind);
5 10 11 1 -10000 12000 L1-;
5 10 1 0 -20000 12000 L1+;
5 15 -19000 13000 1 0;
5 2 L1;
5 11 L.L1 13;
1 Bound -20000 12000 -10000 13500;
( Rotate 90 );
9 ind;
C 0 R 0 1 T -10000 11000;
(SymbolCall ind);
5 10 12 1 17000 12000 L2-;
5 10 11 0 7000 12000 L2+;
5 15 8000 13000 1 0;
5 2 L2;
5 11 L.L2 14;
1 Bound 7000 12000 17000 13500;
( Rotate 90 );
9 ind;
C 0 R 0 1 T 17000 11000;
(SymbolCall ind);
5 10 9 1 44000 12000 L3-;
5 10 12 0 34000 12000 L3+;
5 15 35000 13000 1 0;
5 2 L3;
5 11 L.L3 15;
1 Bound 34000 12000 44000 13500;
( Rotate 90 );
9 ind;
C 0 R 0 1 T 44000 11000;
(SymbolCall ind);
5 10 13 1 76000 -6000 L4-;
5 10 10 0 76000 4000 L4+;
5 15 77000 3000 0 -1;
5 2 L4;
5 11 L.L4 16;
1 Bound 76000 -6000 77500 4000;
9 ind;
C 0 T 75000 -6000;
(SymbolCall ind);
5 10 0 1 -6000 -8000 LP1-;
5 10 30 0 -6000 2000 LP1+;
5 15 -5000 1000 0 -1;
5 2 LP1;
5 11 L.LP1 17;
1 Bound -6000 -8000 -4500 2000;
9 ind;
C 0 T -7000 -8000;
(SymbolCall ind);
5 10 0 1 3000 -8000 LRB1-;
5 10 31 0 3000 2000 LRB1+;
5 15 4000 1000 0 -1;
5 2 LRB1;
5 11 L.LRB1 18;
1 Bound 3000 -8000 4500 2000;
9 ind;
C 0 T 2000 -8000;
(SymbolCall ind);
5 10 0 1 21000 -8000 LP2-;
5 10 32 0 21000 2000 LP2+;
5 15 22000 1000 0 -1;
5 2 LP2;
5 11 L.LP2 19;
1 Bound 21000 -8000 22500 2000;
9 ind;
C 0 T 20000 -8000;
(SymbolCall ind);
5 10 0 1 30000 -8000 LRB2-;
5 10 33 0 30000 2000 LRB2+;
5 15 31000 1000 0 -1;
5 2 LRB2;
5 11 L.LRB2 20;
1 Bound 30000 -8000 31500 2000;
9 ind;
C 0 T 29000 -8000;
(SymbolCall ind);
5 2 LB7;
5 11 L.LB7 21;
5 10 15 1 154000 -13000 LB7-;
5 10 34 0 154000 -3000 LB7+;
5 15 155000 -4000 0 -1;
1 Bound 154000 -13000 155500 -3000;
9 ind;
C 0 T 153000 -13000;
(SymbolCall ind);
5 10 8 1 116000 -6000 LRB7-;
5 10 35 0 106000 -6000 LRB7+;
5 15 107000 -5000 1 0;
5 2 LRB7;
5 11 L.LRB7 22;
1 Bound 106000 -6000 116000 -4500;
( Rotate 90 );
9 ind;
C 0 R 0 1 T 116000 -7000;
(SymbolCall ind);
5 10 14 1 92000 -15000 L9-;
5 10 13 0 82000 -15000 L9+;
5 15 83000 -14000 1 0;
5 2 L9;
5 11 L.L9 23;
1 Bound 82000 -15000 92000 -13500;
( Rotate 90 );
9 ind;
C 0 R 0 1 T 92000 -16000;
(SymbolCall ind);
5 10 15 1 151000 -15000 L13-;
5 10 8 0 141000 -15000 L13+;
5 15 142000 -14000 1 0;
5 2 L13;
5 11 L.L13 24;
1 Bound 141000 -15000 151000 -13500;
( Rotate 90 );
9 ind;
C 0 R 0 1 T 151000 -16000;
(SymbolCall ind);
5 10 4 1 176000 -15000 L14-;
5 10 15 0 166000 -15000 L14+;
5 15 167000 -14000 1 0;
5 2 L14;
5 11 L.L14 25;
1 Bound 166000 -15000 176000 -13500;
( Rotate 90 );
9 ind;
C 0 R 0 1 T 176000 -16000;
(SymbolCall ind);
5 10 17 1 76000 -35000 L8-;
5 10 13 0 76000 -25000 L8+;
5 15 77000 -26000 0 -1;
5 2 L8;
5 11 L.L8 26;
1 Bound 76000 -35000 77500 -25000;
9 ind;
C 0 T 75000 -35000;
(SymbolCall ind);
5 2 LP12;
5 11 L.LP12 27;
5 10 0 1 154000 -36000 LP12-;
5 10 36 0 154000 -26000 LP12+;
5 15 155000 -27000 0 -1;
1 Bound 154000 -36000 155500 -26000;
9 ind;
C 0 T 153000 -36000;
(SymbolCall ind);
5 2 LRB12;
5 11 L.LRB12 28;
5 10 0 1 163000 -36000 LRB12-;
5 10 37 0 163000 -26000 LRB12+;
5 15 164000 -27000 0 -1;
1 Bound 163000 -36000 164500 -26000;
9 ind;
C 0 T 162000 -36000;
(SymbolCall ind);
5 10 0 1 128000 -37000 LP11-;
5 10 38 0 128000 -27000 LP11+;
5 15 129000 -28000 0 -1;
5 2 LP11;
5 11 L.LP11 29;
1 Bound 128000 -37000 129500 -27000;
9 ind;
C 0 T 127000 -37000;
(SymbolCall ind);
5 10 0 1 137000 -37000 LRB11-;
5 10 39 0 137000 -27000 LRB11+;
5 15 138000 -28000 0 -1;
5 2 LRB11;
5 11 L.LRB11 30;
1 Bound 137000 -37000 138500 -27000;
9 ind;
C 0 T 136000 -37000;
(SymbolCall ind);
5 2 LB3;
5 11 L.LB3 31;
5 10 18 1 -6000 -41000 LB3-;
5 10 40 0 -6000 -31000 LB3+;
5 15 -5000 -32000 0 -1;
1 Bound -6000 -41000 -4500 -31000;
9 ind;
C 0 T -7000 -41000;
(SymbolCall ind);
5 10 17 1 68000 -35000 LRB6-;
5 10 41 0 58000 -35000 LRB6+;
5 15 59000 -34000 1 0;
5 2 LRB6;
5 11 L.LRB6 32;
1 Bound 58000 -35000 68000 -33500;
( Rotate 90 );
9 ind;
C 0 R 0 1 T 68000 -36000;
(SymbolCall ind);
5 10 18 1 -10000 -44000 L5-;
5 10 2 0 -20000 -44000 L5+;
5 15 -19000 -43000 1 0;
5 2 L5;
5 11 L.L5 33;
1 Bound -20000 -44000 -10000 -42500;
( Rotate 90 );
9 ind;
C 0 R 0 1 T -10000 -45000;
(SymbolCall ind);
5 10 19 1 17000 -44000 L6-;
5 10 18 0 7000 -44000 L6+;
5 15 8000 -43000 1 0;
5 2 L6;
5 11 L.L6 34;
1 Bound 7000 -44000 17000 -42500;
( Rotate 90 );
9 ind;
C 0 R 0 1 T 17000 -45000;
(SymbolCall ind);
5 10 16 1 44000 -44000 L7-;
5 10 19 0 34000 -44000 L7+;
5 15 35000 -43000 1 0;
5 2 L7;
5 11 L.L7 35;
1 Bound 34000 -44000 44000 -42500;
( Rotate 90 );
9 ind;
C 0 R 0 1 T 44000 -45000;
(SymbolCall ind);
5 2 LB4;
5 11 L.LB4 36;
5 10 46 1 76000 -62000 LB4-;
5 10 17 0 76000 -52000 LB4+;
5 15 77000 -53000 0 -1;
1 Bound 76000 -62000 77500 -52000;
9 ind;
C 0 T 75000 -62000;
(SymbolCall ind);
5 10 0 1 -6000 -64000 LP4-;
5 10 42 0 -6000 -54000 LP4+;
5 15 -5000 -55000 0 -1;
5 2 LP4;
5 11 L.LP4 37;
1 Bound -6000 -64000 -4500 -54000;
9 ind;
C 0 T -7000 -64000;
(SymbolCall ind);
5 10 0 1 3000 -64000 LRB4-;
5 10 43 0 3000 -54000 LRB4+;
5 15 4000 -55000 0 -1;
5 2 LRb4;
5 11 L.LRB4 38;
1 Bound 3000 -64000 4500 -54000;
9 ind;
C 0 T 2000 -64000;
(SymbolCall ind);
5 10 0 1 21000 -64000 LP5-;
5 10 44 0 21000 -54000 LP5+;
5 15 22000 -55000 0 -1;
5 2 LP5;
5 11 L.LP5 39;
1 Bound 21000 -64000 22500 -54000;
9 ind;
C 0 T 20000 -64000;
(SymbolCall ind);
5 10 0 1 30000 -64000 LRB5-;
5 10 45 0 30000 -54000 LRB5+;
5 15 31000 -55000 0 -1;
5 2 LRb5;
5 11 L.LRB5 40;
1 Bound 30000 -64000 31500 -54000;
9 ind;
C 0 T 29000 -64000;
(SymbolCall isrc);
5 2 pwl(0 0 5p IB5);
5 11 I.IB5 0;
5 10 20 1 69000 81000 IB5_1;
5 10 0 0 69000 91000 IB5_0;
5 15 69000 85000 0 -1 @<name>[c];
5 5 nophys;
1 Bound 67000 81000 71000 91000;
9 isrc;
C 0 T 67000 81000;
(SymbolCall isrc);
5 2 pwl(0 0 5p IB6);
5 11 I.IB6 1;
5 10 21 1 94000 81000 IB6_1;
5 10 0 0 94000 91000 IB6_0;
5 15 94000 85000 0 -1 @<name>[c];
5 5 nophys;
1 Bound 92000 81000 96000 91000;
9 isrc;
C 0 T 92000 81000;
(SymbolCall isrc);
5 2 pwl(0 0 5p IB1);
5 11 I.IB1 2;
5 10 27 1 -6000 25000 IB1_1;
5 10 0 0 -6000 35000 IB1_0;
5 15 -6000 29000 0 -1 @<name>[c];
5 5 nophys;
1 Bound -8000 25000 -4000 35000;
9 isrc;
C 0 T -8000 25000;
(SymbolCall isrc);
5 2 pwl(0 0 5p IB2);
5 11 I.IB2 3;
5 10 28 1 76000 23000 IB2_1;
5 10 0 0 76000 33000 IB2_0;
5 15 76000 27000 0 -1 @<name>[c];
5 5 nophys;
1 Bound 74000 23000 78000 33000;
9 isrc;
C 0 T 74000 23000;
(SymbolCall isrc);
5 2 pwl(0 0 5p IB7);
5 11 I.IB7 4;
5 10 34 1 154000 -3000 IB7_1;
5 10 0 0 154000 7000 IB7_0;
5 15 154000 1000 0 -1 @<name>[c];
5 5 nophys;
1 Bound 152000 -3000 156000 7000;
9 isrc;
C 0 T 152000 -3000;
(SymbolCall isrc);
5 2 pwl(0 0 5p IB3);
5 11 I.IB3 5;
5 10 40 1 -6000 -31000 IB3_1;
5 10 0 0 -6000 -21000 IB3_0;
5 15 -6000 -27000 0 -1 @<name>[c];
5 5 nophys;
1 Bound -8000 -31000 -4000 -21000;
9 isrc;
C 0 T -8000 -31000;
(SymbolCall isrc);
5 2 pwl(0 0 5p IB4);
5 11 I.IB4 6;
5 10 46 1 76000 -62000 IB4_1;
5 10 0 0 76000 -72000 IB4_0;
5 15 76000 -66000 0 1 @<name>[c];
5 5 nophys;
1 Bound 74000 -72000 78000 -62000;
( Rotate 180 );
9 isrc;
C 0 R -1 0 T 78000 -62000;
(SymbolCall jj);
5 10 47 2 68000 67000 B8_2;
5 10 22 1 69000 59000 B8-;
5 10 5 0 69000 69000 B8+;
5 3 area=B8;
5 11 B.B8 0;
5 1 jjmit;
1 Bound 67500 59000 70500 69000;
9 jj;
C 0 T 68000 59000;
(SymbolCall jj);
5 10 48 2 93000 67000 B9_2;
5 10 24 1 94000 59000 B9-;
5 10 6 0 94000 69000 B9+;
5 3 area=B9;
5 11 B.B9 1;
5 1 jjmit;
1 Bound 92500 59000 95500 69000;
9 jj;
C 0 T 93000 59000;
(SymbolCall jj);
5 10 49 2 127000 40000 B10_2;
5 10 8 1 128000 32000 B10-;
5 10 7 0 128000 42000 B10+;
5 3 area=B10;
5 11 B.B10 2;
5 1 jjmit;
1 Bound 126500 32000 129500 42000;
9 jj;
C 0 T 127000 32000;
(SymbolCall jj);
5 10 50 2 50000 11000 B3_2;
5 10 10 1 58000 12000 B3-;
5 10 9 0 48000 12000 B3+;
5 3 area=B3;
5 11 B.B3 3;
5 1 jjmit;
1 Bound 48000 10500 58000 13500;
( Rotate 90 );
9 jj;
C 0 R 0 1 T 58000 11000;
(SymbolCall jj);
5 10 51 2 -7000 10000 B1_2;
5 10 30 1 -6000 2000 B1-;
5 10 11 0 -6000 12000 B1+;
5 3 area=B1;
5 11 B.B1 4;
5 1 jjmit;
1 Bound -7500 2000 -4500 12000;
9 jj;
C 0 T -7000 2000;
(SymbolCall jj);
5 10 52 2 20000 10000 B2_2;
5 10 32 1 21000 2000 B2-;
5 10 12 0 21000 12000 B2+;
5 3 area=B2;
5 11 B.B2 5;
5 1 jjmit;
1 Bound 19500 2000 22500 12000;
9 jj;
C 0 T 20000 2000;
(SymbolCall jj);
5 10 53 2 98000 -16000 B7_2;
5 10 8 1 106000 -15000 B7-;
5 10 14 0 96000 -15000 B7+;
5 3 area=B7;
5 11 B.B7 6;
5 1 jjmit;
1 Bound 96000 -16500 106000 -13500;
( Rotate 90 );
9 jj;
C 0 R 0 1 T 106000 -16000;
(SymbolCall jj);
5 3 area=B12;
5 11 B.B12 7;
5 10 54 2 153000 -18000 B12_2;
5 10 36 1 154000 -26000 B12-;
5 10 15 0 154000 -16000 B12+;
5 1 jjmit;
1 Bound 152500 -26000 155500 -16000;
9 jj;
C 0 T 153000 -26000;
(SymbolCall jj);
5 10 55 2 127000 -19000 B11_2;
5 10 38 1 128000 -27000 B11-;
5 10 8 0 128000 -17000 B11+;
5 3 area=B11;
5 11 B.B11 8;
5 1 jjmit;
1 Bound 126500 -27000 129500 -17000;
9 jj;
C 0 T 127000 -27000;
(SymbolCall jj);
5 10 56 2 50000 -45000 B6_2;
5 10 17 1 58000 -44000 B6-;
5 10 16 0 48000 -44000 B6+;
5 3 area=B6;
5 11 B.B6 9;
5 1 jjmit;
1 Bound 48000 -45500 58000 -42500;
( Rotate 90 );
9 jj;
C 0 R 0 1 T 58000 -45000;
(SymbolCall jj);
5 10 57 2 -7000 -46000 B4_2;
5 10 42 1 -6000 -54000 B4-;
5 10 18 0 -6000 -44000 B4+;
5 3 area=B4;
5 11 B.B4 10;
5 1 jjmit;
1 Bound -7500 -54000 -4500 -44000;
9 jj;
C 0 T -7000 -54000;
(SymbolCall jj);
5 10 58 2 20000 -46000 B5_2;
5 10 44 1 21000 -54000 B5-;
5 10 19 0 21000 -44000 B5+;
5 3 area=B5;
5 11 B.B5 11;
5 1 jjmit;
1 Bound 19500 -54000 22500 -44000;
9 jj;
C 0 T 20000 -54000;
(SymbolCall res);
5 10 23 1 78000 59000 RB8-;
5 10 5 0 78000 69000 RB8+;
5 15 77000 68000 0 -1 "<v>/<value>O";
5 2 RB8;
5 11 R.RB8 0;
1 Bound 76750 59000 79000 69000;
9 res;
C 0 T 78000 69000;
(SymbolCall res);
5 10 25 1 103000 59000 RB9-;
5 10 6 0 103000 69000 RB9+;
5 15 102000 68000 0 -1 "<v>/<value>O";
5 2 RB9;
5 11 R.RB9 1;
1 Bound 101750 59000 104000 69000;
9 res;
C 0 T 103000 69000;
(SymbolCall res);
5 10 26 1 137000 32000 RB10-;
5 10 7 0 137000 42000 RB10+;
5 15 136000 41000 0 -1 "<v>/<value>O";
5 2 RB10;
5 11 R.RB10 2;
1 Bound 135750 32000 138000 42000;
9 res;
C 0 T 137000 42000;
(SymbolCall res);
5 10 29 1 58000 21000 RB3-;
5 10 9 0 48000 21000 RB3+;
5 15 49000 20000 1 0 "<v>/<value>O";
5 2 RB3;
5 11 R.RB3 3;
1 Bound 48000 19750 58000 22000;
( Rotate 90 );
9 res;
C 0 R 0 1 T 48000 21000;
(SymbolCall res);
5 10 31 1 3000 2000 RB1-;
5 10 11 0 3000 12000 RB1+;
5 15 2000 11000 0 -1 "<v>/<value>O";
5 2 RB1;
5 11 R.RB1 4;
1 Bound 1750 2000 4000 12000;
9 res;
C 0 T 3000 12000;
(SymbolCall res);
5 10 33 1 30000 2000 RB2-;
5 10 12 0 30000 12000 RB2+;
5 15 29000 11000 0 -1 "<v>/<value>O";
5 2 RB2;
5 11 R.RB2 5;
1 Bound 28750 2000 31000 12000;
9 res;
C 0 T 30000 12000;
(SymbolCall res);
5 10 35 1 106000 -6000 RB7-;
5 10 14 0 96000 -6000 RB7+;
5 15 97000 -7000 1 0 "<v>/<value>O";
5 2 RB7;
5 11 R.RB7 6;
1 Bound 96000 -7250 106000 -5000;
( Rotate 90 );
9 res;
C 0 R 0 1 T 96000 -6000;
(SymbolCall res);
5 2 RB12;
5 11 R.RB12 7;
5 10 37 1 163000 -26000 RB12-;
5 10 15 0 163000 -16000 RB12+;
5 15 162000 -17000 0 -1 "<v>/<value>O";
1 Bound 161750 -26000 164000 -16000;
9 res;
C 0 T 163000 -16000;
(SymbolCall res);
5 10 39 1 137000 -27000 RB11-;
5 10 8 0 137000 -17000 RB11+;
5 15 136000 -18000 0 -1 "<v>/<value>O";
5 2 RB11;
5 11 R.RB11 8;
1 Bound 135750 -27000 138000 -17000;
9 res;
C 0 T 137000 -17000;
(SymbolCall res);
5 10 41 1 58000 -35000 RB6-;
5 10 16 0 48000 -35000 RB6+;
5 15 49000 -36000 1 0 "<v>/<value>O";
5 2 RB6;
5 11 R.RB6 9;
1 Bound 48000 -36250 58000 -34000;
( Rotate 90 );
9 res;
C 0 R 0 1 T 48000 -35000;
(SymbolCall res);
5 10 43 1 3000 -54000 RB4-;
5 10 18 0 3000 -44000 RB4+;
5 15 2000 -45000 0 -1 "<v>/<value>O";
5 2 RB4;
5 11 R.RB4 10;
1 Bound 1750 -54000 4000 -44000;
9 res;
C 0 T 3000 -44000;
(SymbolCall res);
5 10 45 1 30000 -54000 RB5-;
5 10 19 0 30000 -44000 RB5+;
5 15 29000 -45000 0 -1 "<v>/<value>O";
5 2 RB5;
5 11 R.RB5 11;
1 Bound 28750 -54000 31000 -44000;
9 res;
C 0 T 30000 -44000;
L SCED;
5 10 5;
W2 0 61000 69000 69000 69000 69000 71000;
5 10 6;
W2 0 94000 71000 94000 69000 103000 69000 105000 69000;
5 10 5;
W2 0 69000 69000 78000 69000 81000 69000;
5 10 6;
W2 0 91000 69000 94000 69000;
5 10 7;
W2 0 137000 42000 128000 42000 128000 69000 115000 69000;
5 10 8;
W2 0 128000 32000 128000 22000 137000 22000;
5 10 8;
W2 0 137000 -17000 137000 -15000 128000 -15000 128000 22000;
5 10 9;
W2 0 44000 12000 48000 12000 48000 21000;
5 10 10;
W2 0 58000 12000 68000 12000 68000 21000;
5 10 11;
W2 0 -10000 12000 -6000 12000 -6000 15000;
5 10 10;
W2 0 68000 12000 76000 12000 76000 13000;
5 10 11;
W2 0 -6000 12000 3000 12000 7000 12000;
5 10 12;
W2 0 17000 12000 21000 12000 30000 12000 34000 12000;
5 10 10;
W2 0 76000 12000 76000 4000;
5 10 13;
W2 0 76000 -25000 76000 -15000 76000 -6000;
5 10 14;
W2 0 92000 -15000 96000 -15000 96000 -6000;
5 10 8;
W2 0 106000 -15000 116000 -15000 116000 -6000;
5 10 15;
W2 0 154000 -13000 154000 -15000 163000 -15000 163000 -16000;
5 10 13;
W2 0 82000 -15000 76000 -15000;
5 10 8;
W2 0 116000 -15000 128000 -15000 128000 -17000;
5 10 8;
W2 0 141000 -15000 137000 -15000;
5 10 15;
W2 0 151000 -15000 154000 -15000 154000 -16000;
5 10 15;
W2 0 166000 -15000 163000 -15000;
5 10 16;
W2 0 44000 -44000 48000 -44000 48000 -35000;
5 10 17;
W2 0 58000 -44000 68000 -44000 68000 -35000;
5 10 17;
W2 0 76000 -52000 76000 -44000 76000 -43000 76000 -35000;
5 10 18;
W2 0 -10000 -44000 -6000 -44000 -6000 -41000;
5 10 17;
W2 0 68000 -44000 76000 -44000 76000 -43000;
5 10 18;
W2 0 -6000 -44000 3000 -44000 7000 -44000;
5 10 19;
W2 0 17000 -44000 21000 -44000 30000 -44000 34000 -44000;
L NAME;
5 16 I 0 11;
94 <<IB5>> 66750 89750 320 1575 1000;
5 16 I 1 11;
94 <<IB6>> 91750 89750 320 1575 1000;
5 16 L 0 11;
94 <<LB5>> 68750 79750 320 1875 1000;
5 16 L 1 11;
94 <<LB6>> 93750 79750 320 1875 1000;
5 16 L 2 11;
94 <<L10>> 51250 70750 0 1650 1000;
5 16 L 3 11;
94 <<L11>> 81250 70750 0 1425 1000;
5 16 L 4 11;
94 <<L12>> 105250 70750 0 1650 1000;
5 16 B 0 11;
94 <<B8>> 67250 67750 320 1275 1000;
5 16 R 0 11;
94 <<RB8>> 76500 67750 320 1875 1000;
5 16 B 1 11;
94 <<B9>> 92250 67750 320 1275 1000;
5 16 R 1 11;
94 <<RB9>> 101500 67750 320 1875 1000;
5 16 L 5 11;
94 <<LP8>> 68750 57750 320 1875 1000;
5 16 L 6 11;
94 <<LRB8>> 77750 57750 320 2475 1000;
5 16 L 7 11;
94 <<LP9>> 93750 57750 320 1875 1000;
5 16 L 8 11;
94 <<LRB9>> 102750 57750 320 2475 1000;
5 16 B 2 11;
94 <<B10>> 126250 40750 320 1650 1000;
5 16 R 2 11;
94 <<RB10>> 135500 40750 320 2250 1000;
5 16 I 2 11;
94 <<IB1>> -8250 33750 320 1350 1000;
5 16 I 3 11;
94 <<IB2>> 73750 31750 320 1575 1000;
5 16 L 9 11;
94 <<LRB10>> 136750 30750 320 2850 1000;
5 16 L 10 11;
94 <<LB1>> -6250 23750 320 1650 1000;
5 16 L 12 11;
94 <<LRB3>> 58250 22750 0 2475 1000;
5 16 R 3 11;
94 <<RB3>> 48250 22250 0 1875 1000;
5 16 L 11 11;
94 <<LB2>> 75750 21750 320 1875 1000;
5 16 L 13 11;
94 <<L1>> -19750 13750 0 1050 1000;
5 16 L 14 11;
94 <<L2>> 7250 13750 0 1275 1000;
5 16 L 15 11;
94 <<L3>> 34250 13750 0 1275 1000;
5 16 B 3 11;
94 <<B3>> 48250 13750 0 1275 1000;
5 16 B 4 11;
94 <<B1>> -7750 10750 320 1050 1000;
5 16 R 4 11;
94 <<RB1>> 1500 10750 320 1650 1000;
5 16 B 5 11;
94 <<B2>> 19250 10750 320 1275 1000;
5 16 R 5 11;
94 <<RB2>> 28500 10750 320 1875 1000;
5 16 I 4 11;
94 <<IB7>> 151750 5750 320 1575 1000;
5 16 L 16 11;
94 <<L4>> 75750 2750 320 1275 1000;
5 16 L 17 11;
94 <<LP1>> -6250 750 320 1650 1000;
5 16 L 18 11;
94 <<LRB1>> 2750 750 320 2250 1000;
5 16 L 19 11;
94 <<LP2>> 20750 750 320 1875 1000;
5 16 L 20 11;
94 <<LRB2>> 29750 750 320 2475 1000;
5 16 L 22 11;
94 <<LRB7>> 106250 -4250 0 2475 1000;
5 16 R 6 11;
94 <<RB7>> 96250 -4750 0 1875 1000;
5 16 L 21 11;
94 <<LB7>> 153750 -4250 320 1875 1000;
5 16 L 23 11;
94 <<L9>> 82250 -13250 0 1275 1000;
5 16 B 6 11;
94 <<B7>> 96250 -13250 0 1275 1000;
5 16 L 24 11;
94 <<L13>> 141250 -13250 0 1650 1000;
5 16 L 25 11;
94 <<L14>> 166250 -13250 0 1650 1000;
5 16 B 7 11;
94 <<B12>> 152250 -17250 320 1650 1000;
5 16 R 7 11;
94 <<RB12>> 161500 -17250 320 2250 1000;
5 16 B 8 11;
94 <<B11>> 126250 -18250 320 1425 1000;
5 16 R 8 11;
94 <<RB11>> 135500 -18250 320 2025 1000;
5 16 I 5 11;
94 <<IB3>> -8250 -22250 320 1575 1000;
5 16 L 26 11;
94 <<L8>> 75750 -26250 320 1275 1000;
5 16 L 27 11;
94 <<LP12>> 153750 -27250 320 2250 1000;
5 16 L 28 11;
94 <<LRB12>> 162750 -27250 320 2850 1000;
5 16 L 29 11;
94 <<LP11>> 127750 -28250 320 2025 1000;
5 16 L 30 11;
94 <<LRB11>> 136750 -28250 320 2625 1000;
5 16 L 31 11;
94 <<LB3>> -6250 -32250 320 1875 1000;
5 16 L 32 11;
94 <<LRB6>> 58250 -33250 0 2475 1000;
5 16 R 9 11;
94 <<RB6>> 48250 -33750 0 1875 1000;
5 16 L 33 11;
94 <<L5>> -19750 -42250 0 1275 1000;
5 16 L 34 11;
94 <<L6>> 7250 -42250 0 1275 1000;
5 16 L 35 11;
94 <<L7>> 34250 -42250 0 1275 1000;
5 16 B 9 11;
94 <<B6>> 48250 -42250 0 1275 1000;
5 16 B 10 11;
94 <<B4>> -7750 -45250 320 1275 1000;
5 16 R 10 11;
94 <<RB4>> 1500 -45250 320 1875 1000;
5 16 B 11 11;
94 <<B5>> 19250 -45250 320 1275 1000;
5 16 R 11 11;
94 <<RB5>> 28500 -45250 320 1875 1000;
5 16 L 36 11;
94 <<LB4>> 75750 -53250 320 1875 1000;
5 16 L 37 11;
94 <<LP4>> -6250 -55250 320 1875 1000;
5 16 L 38 11;
94 <<LRB4>> 2750 -55250 320 2475 1000;
5 16 L 39 11;
94 <<LP5>> 20750 -55250 320 1875 1000;
5 16 L 40 11;
94 <<LRB5>> 29750 -55250 320 2475 1000;
5 16 I 6 11;
94 <<IB4>> 73750 -63250 320 1575 1000;
L MODL;
5 16 B 0 1;
94 <<jjmit>> 70750 68750 256 2550 1000;
5 16 B 1 1;
94 <<jjmit>> 95750 68750 256 2550 1000;
5 16 B 2 1;
94 <<jjmit>> 129750 41750 256 2550 1000;
5 16 B 4 1;
94 <<jjmit>> -4250 11750 256 2550 1000;
5 16 B 5 1;
94 <<jjmit>> 22750 11750 256 2550 1000;
5 16 B 3 1;
94 <<jjmit>> 57750 10250 320 2550 1000;
5 16 B 7 1;
94 <<jjmit>> 155750 -16250 256 2550 1000;
5 16 B 6 1;
94 <<jjmit>> 105750 -16750 320 2550 1000;
5 16 B 8 1;
94 <<jjmit>> 129750 -17250 256 2550 1000;
5 16 B 10 1;
94 <<jjmit>> -4250 -44250 256 2550 1000;
5 16 B 11 1;
94 <<jjmit>> 22750 -44250 256 2550 1000;
5 16 B 9 1;
94 <<jjmit>> 57750 -45750 320 2550 1000;
L VALU;
5 16 I 0 2;
94 <<pwl(0 0 5p IB5)>> 71250 90750 33024 7875 1000;
5 16 I 1 2;
94 <<pwl(0 0 5p IB6)>> 96250 90750 33024 7875 1000;
5 16 L 0 2;
94 <<LB5>> 70750 80750 33024 1875 1000;
5 16 L 1 2;
94 <<LB6>> 95750 80750 33024 1875 1000;
5 16 L 2 2;
94 <<L10>> 60750 68750 33088 1650 1000;
5 16 R 0 2;
94 <<RB8>> 79250 68750 33024 1875 1000;
5 16 L 3 2;
94 <<L11>> 90750 68750 33088 1425 1000;
5 16 R 1 2;
94 <<RB9>> 104250 68750 33024 1875 1000;
5 16 L 4 2;
94 <<L12>> 114750 68750 33088 1650 1000;
5 16 L 5 2;
94 <<LP8>> 70750 58750 33024 1875 1000;
5 16 L 6 2;
94 <<LRB8>> 79750 58750 33024 2475 1000;
5 16 L 7 2;
94 <<LP9>> 95750 58750 33024 1875 1000;
5 16 L 8 2;
94 <<LRB9>> 104750 58750 33024 2475 1000;
5 16 R 2 2;
94 <<RB10>> 138250 41750 33024 2250 1000;
5 16 I 2 2;
94 <<pwl(0 0 5p IB1)>> -3750 34750 33024 7650 1000;
5 16 I 3 2;
94 <<pwl(0 0 5p IB2)>> 78250 32750 33024 7875 1000;
5 16 L 9 2;
94 <<LRB10>> 138750 31750 33024 2850 1000;
5 16 L 10 2;
94 <<LB1>> -4250 24750 33024 1650 1000;
5 16 L 11 2;
94 <<LB2>> 77750 22750 33024 1875 1000;
5 16 L 12 2;
94 <<LRB3>> 67750 20750 33088 2475 1000;
5 16 R 3 2;
94 <<RB3>> 57750 19500 33088 1875 1000;
5 16 L 13 2;
94 <<L1>> -10250 11750 33088 1050 1000;
5 16 R 4 2;
94 <<RB1>> 4250 11750 33024 1650 1000;
5 16 L 14 2;
94 <<L2>> 16750 11750 33088 1275 1000;
5 16 R 5 2;
94 <<RB2>> 31250 11750 33024 1875 1000;
5 16 L 15 2;
94 <<L3>> 43750 11750 33088 1275 1000;
5 16 I 4 2;
94 <<pwl(0 0 5p IB7)>> 156250 6750 33024 7875 1000;
5 16 L 16 2;
94 <<L4>> 77750 3750 33024 1275 1000;
5 16 L 17 2;
94 <<LP1>> -4250 1750 33024 1650 1000;
5 16 L 18 2;
94 <<LRB1>> 4750 1750 33024 2250 1000;
5 16 L 19 2;
94 <<LP2>> 22750 1750 33024 1875 1000;
5 16 L 20 2;
94 <<LRB2>> 31750 1750 33024 2475 1000;
5 16 L 21 2;
94 <<LB7>> 155750 -3250 33024 1875 1000;
5 16 L 22 2;
94 <<LRB7>> 115750 -6250 33088 2475 1000;
5 16 R 6 2;
94 <<RB7>> 105750 -7500 33088 1875 1000;
5 16 L 23 2;
94 <<L9>> 91750 -15250 33088 1275 1000;
5 16 L 24 2;
94 <<L13>> 150750 -15250 33088 1650 1000;
5 16 L 25 2;
94 <<L14>> 175750 -15250 33088 1650 1000;
5 16 R 7 2;
94 <<RB12>> 164250 -16250 33024 2250 1000;
5 16 R 8 2;
94 <<RB11>> 138250 -17250 33024 2025 1000;
5 16 I 5 2;
94 <<pwl(0 0 5p IB3)>> -3750 -21250 33024 7875 1000;
5 16 L 26 2;
94 <<L8>> 77750 -25250 33024 1275 1000;
5 16 L 27 2;
94 <<LP12>> 155750 -26250 33024 2250 1000;
5 16 L 28 2;
94 <<LRB12>> 164750 -26250 33024 2850 1000;
5 16 L 29 2;
94 <<LP11>> 129750 -27250 33024 2025 1000;
5 16 L 30 2;
94 <<LRB11>> 138750 -27250 33024 2625 1000;
5 16 L 31 2;
94 <<LB3>> -4250 -31250 33024 1875 1000;
5 16 L 32 2;
94 <<LRB6>> 67750 -35250 33088 2475 1000;
5 16 R 9 2;
94 <<RB6>> 57750 -36500 33088 1875 1000;
5 16 L 33 2;
94 <<L5>> -10250 -44250 33088 1275 1000;
5 16 R 10 2;
94 <<RB4>> 4250 -44250 33024 1875 1000;
5 16 L 34 2;
94 <<L6>> 16750 -44250 33088 1275 1000;
5 16 R 11 2;
94 <<RB5>> 31250 -44250 33024 1875 1000;
5 16 L 35 2;
94 <<L7>> 43750 -44250 33088 1275 1000;
5 16 L 36 2;
94 <<LB4>> 77750 -52250 33024 1875 1000;
5 16 L 37 2;
94 <<LP4>> -4250 -54250 33024 1875 1000;
5 16 L 38 2;
94 <<LRb4>> 4750 -54250 33024 2475 1000;
5 16 L 39 2;
94 <<LP5>> 22750 -54250 33024 1875 1000;
5 16 L 40 2;
94 <<LRb5>> 31750 -54250 33024 2475 1000;
5 16 I 6 2;
94 <<pwl(0 0 5p IB4)>> 78250 -62250 33024 7875 1000;
L PARM;
5 16 B 0 3;
94 <<area=B8>> 70750 59250 32768 4200 1000;
5 16 B 1 3;
94 <<area=B9>> 95750 59250 32768 4200 1000;
5 16 B 2 3;
94 <<area=B10>> 129750 32250 32768 4575 1000;
5 16 B 3 3;
94 <<area=B3>> 48250 9250 33024 4200 1000;
5 16 B 4 3;
94 <<area=B1>> -4250 2250 32768 3975 1000;
5 16 B 5 3;
94 <<area=B2>> 22750 2250 32768 4200 1000;
5 16 B 6 3;
94 <<area=B7>> 96250 -17750 33024 4200 1000;
5 16 B 7 3;
94 <<area=B12>> 155750 -25750 32768 4575 1000;
5 16 B 8 3;
94 <<area=B11>> 129750 -26750 32768 4350 1000;
5 16 B 9 3;
94 <<area=B6>> 48250 -46750 33024 4200 1000;
5 16 B 10 3;
94 <<area=B4>> -4250 -53750 32768 4200 1000;
5 16 B 11 3;
94 <<area=B5>> 22750 -53750 32768 4200 1000;
DF;
E
* Generated by Xic from cell LSmitll_XOR_v1p6
B1 11 30 51 jjmit area=B1
B2 12 32 52 jjmit area=B2
B3 9 10 50 jjmit area=B3
B4 18 42 57 jjmit area=B4
B5 19 44 58 jjmit area=B5
B6 16 17 56 jjmit area=B6
B7 14 8 53 jjmit area=B7
B8 5 22 47 jjmit area=B8
B9 6 24 48 jjmit area=B9
B10 7 8 49 jjmit area=B10
B11 8 38 55 jjmit area=B11
B12 15 36 54 jjmit area=B12
IB1 0 27 pwl(0 0 5p IB1)
IB2 0 28 pwl(0 0 5p IB2)
IB3 0 40 pwl(0 0 5p IB3)
IB4 0 46 pwl(0 0 5p IB4)
IB5 0 20 pwl(0 0 5p IB5)
IB6 0 21 pwl(0 0 5p IB6)
IB7 0 34 pwl(0 0 5p IB7)
L1 A 11 L1
L2 11 12 L2
L3 12 9 L3
L4 10 13 L4
L5 B 18 L5
L6 18 19 L6
L7 19 16 L7
L8 13 17 L8
L9 13 14 L9
L10 CLK 5 L10
L11 5 6 L11
L12 6 7 L12
L13 8 15 L13
L14 15 Q L14
LB1 27 11 LB1
LB2 28 10 LB2
LB3 40 18 LB3
LB4 17 46 LB4
LB5 20 5 LB5
LB6 21 6 LB6
LB7 34 15 LB7
LP1 30 0 LP1
LP2 32 0 LP2
LP4 42 0 LP4
LP5 44 0 LP5
LP8 22 0 LP8
LP9 24 0 LP9
LP11 38 0 LP11
LP12 36 0 LP12
LRB1 31 0 LRB1
LRB2 33 0 LRB2
LRB3 29 10 LRB3
LRB4 43 0 LRb4
LRB5 45 0 LRb5
LRB6 41 17 LRB6
LRB7 35 8 LRB7
LRB8 23 0 LRB8
LRB9 25 0 LRB9
LRB10 26 8 LRB10
LRB11 39 0 LRB11
LRB12 37 0 LRB12
RB1 11 31 RB1
RB2 12 33 RB2
RB3 9 29 RB3
RB4 18 43 RB4
RB5 19 45 RB5
RB6 16 41 RB6
RB7 14 35 RB7
RB8 5 23 RB8
RB9 6 25 RB9
RB10 7 26 RB10
RB11 8 39 RB11
RB12 15 37 RB12
.model jjmit jj(rtype=1, vg=2.8mV, cap=0.07pF, r0=160, rn=16, icrit=0.1mA)


* Nb 30 A/cm2
.save @IB3[c]
.save @IB2[c]
.save @IB7[c]
.save @IB5[c]
.save @IB6[c]
.save @IB1[c]
.save @IB4[c]
