(Symbol LSmitll_NOT_v1p6);
($Id:$);
(PHYSICAL);
(RESOLUTION 1000);
9 LSmitll_NOT_v1p6;
DS 0 1 1;
DF;
E
(ELECTRICAL);
(RESOLUTION 1000);
5 10 1 0 -26000 18000 0x0 A;
5 10 2 1 -44000 -68000 0x0 CLK;
5 10 3 2 86000 -68000 0x0 Q;
5 11 X 0 subckt;
9 LSmitll_NOT_v1p6;
DS 0 1 1;
(SymbolCall gnd);
5 10 0 0 -12000 43000;
1 Bound -12000 42000 -9400 44000;
( Rotate 90 );
9 gnd;
C 0 R 0 1 T -11000 42000;
(SymbolCall gnd);
5 10 0 0 12000 42000;
1 Bound 12000 41000 14600 43000;
( Rotate 90 );
9 gnd;
C 0 R 0 1 T 13000 41000;
(SymbolCall gnd);
5 10 0 0 -12000 -2000;
1 Bound -13000 -4600 -11000 -2000;
9 gnd;
C 0 T -13000 -3000;
(SymbolCall gnd);
5 10 0 0 -5000 -2000;
1 Bound -6000 -4600 -4000 -2000;
9 gnd;
C 0 T -6000 -3000;
(SymbolCall gnd);
5 10 0 0 12000 -2000;
1 Bound 11000 -4600 13000 -2000;
9 gnd;
C 0 T 11000 -3000;
(SymbolCall gnd);
5 10 0 0 19000 -2000;
1 Bound 18000 -4600 20000 -2000;
9 gnd;
C 0 T 18000 -3000;
(SymbolCall gnd);
5 10 0 0 69000 -24000;
1 Bound 68000 -26600 70000 -24000;
9 gnd;
C 0 T 68000 -25000;
(SymbolCall gnd);
5 10 0 0 -27000 -34000;
1 Bound -28000 -36600 -26000 -34000;
9 gnd;
C 0 T -28000 -35000;
(SymbolCall gnd);
5 10 0 0 66000 -44000;
1 Bound 66000 -45000 68600 -43000;
( Rotate 90 );
9 gnd;
C 0 R 0 1 T 67000 -45000;
(SymbolCall gnd);
5 10 0 0 -32000 -45000;
1 Bound -32000 -46000 -29400 -44000;
( Rotate 90 );
9 gnd;
C 0 R 0 1 T -31000 -46000;
(SymbolCall gnd);
5 10 0 0 11000 -44000;
1 Bound 10000 -46600 12000 -44000;
9 gnd;
C 0 T 10000 -45000;
(SymbolCall gnd);
5 10 0 0 18000 -44000;
1 Bound 17000 -46600 19000 -44000;
9 gnd;
C 0 T 17000 -45000;
(SymbolCall gnd);
5 10 0 0 -32000 -88000;
1 Bound -33000 -90600 -31000 -88000;
9 gnd;
C 0 T -33000 -89000;
(SymbolCall gnd);
5 10 0 0 -25000 -88000;
1 Bound -26000 -90600 -24000 -88000;
9 gnd;
C 0 T -26000 -89000;
(SymbolCall gnd);
5 10 0 0 41000 -88000;
1 Bound 40000 -90600 42000 -88000;
9 gnd;
C 0 T 40000 -89000;
(SymbolCall gnd);
5 10 0 0 48000 -88000;
1 Bound 47000 -90600 49000 -88000;
9 gnd;
C 0 T 47000 -89000;
(SymbolCall gnd);
5 10 0 0 66000 -89000;
1 Bound 65000 -91600 67000 -89000;
9 gnd;
C 0 T 65000 -90000;
(SymbolCall gnd);
5 10 0 0 73000 -89000;
1 Bound 72000 -91600 74000 -89000;
9 gnd;
C 0 T 72000 -90000;
(SymbolCall ind);
5 2 LB1;
5 11 L.LB1 0;
5 10 16 0 -12000 33000 LB1+;
5 10 4 1 -12000 23000 LB1-;
5 15 -11000 32000 0 -1;
1 Bound -12000 23000 -10500 33000;
9 ind;
C 0 T -13000 23000;
(SymbolCall ind);
5 2 LB2;
5 11 L.LB2 1;
5 10 17 0 12000 32000 LB2+;
5 10 5 1 12000 22000 LB2-;
5 15 13000 31000 0 -1;
1 Bound 12000 22000 13500 32000;
9 ind;
C 0 T 11000 22000;
(SymbolCall ind);
5 2 L1;
5 11 L.L1 2;
5 10 1 0 -26000 18000 L1+;
5 10 4 1 -16000 18000 L1-;
5 15 -25000 19000 1 0;
1 Bound -26000 18000 -16000 19500;
( Rotate 90 );
9 ind;
C 0 R 0 1 T -16000 17000;
(SymbolCall ind);
5 2 L2;
5 11 L.L2 3;
5 10 5 1 8000 18000 L2-;
5 10 4 0 -2000 18000 L2+;
5 15 -1000 19000 1 0;
1 Bound -2000 18000 8000 19500;
( Rotate 90 );
9 ind;
C 0 R 0 1 T 8000 17000;
(SymbolCall ind);
5 2 L3;
5 11 L.L3 4;
5 10 5 0 23000 18000 L3+;
5 10 6 1 33000 18000 L3-;
5 15 24000 19000 1 0;
1 Bound 23000 18000 33000 19500;
( Rotate 90 );
9 ind;
C 0 R 0 1 T 33000 17000;
(SymbolCall ind);
5 2 LP1;
5 11 L.LP1 5;
5 10 18 0 -12000 8000 LP1+;
5 10 0 1 -12000 -2000 LP1-;
5 15 -11000 7000 0 -1;
1 Bound -12000 -2000 -10500 8000;
9 ind;
C 0 T -13000 -2000;
(SymbolCall ind);
5 2 LRB1;
5 11 L.LRB1 6;
5 10 19 0 -5000 8000 LRB1+;
5 10 0 1 -5000 -2000 LRB1-;
5 15 -4000 7000 0 -1;
1 Bound -5000 -2000 -3500 8000;
9 ind;
C 0 T -6000 -2000;
(SymbolCall ind);
5 2 LP2;
5 11 L.LP2 7;
5 10 20 0 12000 8000 LP2+;
5 10 0 1 12000 -2000 LP2-;
5 15 13000 7000 0 -1;
1 Bound 12000 -2000 13500 8000;
9 ind;
C 0 T 11000 -2000;
(SymbolCall ind);
5 2 LRB2;
5 11 L.LRB2 8;
5 10 21 0 19000 8000 LRB2+;
5 10 0 1 19000 -2000 LRB2-;
5 15 20000 7000 0 -1;
1 Bound 19000 -2000 20500 8000;
9 ind;
C 0 T 18000 -2000;
(SymbolCall ind);
5 2 LRB3;
5 11 L.LRB3 9;
5 10 22 0 48000 8000 LRB3+;
5 10 7 1 48000 -2000 LRB3-;
5 15 49000 7000 0 -1;
1 Bound 48000 -2000 49500 8000;
9 ind;
C 0 T 47000 -2000;
(SymbolCall ind);
5 2 LRD;
5 11 L.LRD 10;
5 10 24 0 -27000 -24000 LRD+;
5 10 8 1 -17000 -24000 LRD-;
5 15 -26000 -23000 1 0;
1 Bound -27000 -24000 -17000 -22500;
( Rotate 90 );
9 ind;
C 0 R 0 1 T -17000 -25000;
(SymbolCall ind);
5 2 L8;
5 11 L.L8 11;
5 10 9 1 7000 -24000 L8-;
5 10 8 0 -3000 -24000 L8+;
5 15 -2000 -23000 1 0;
1 Bound -3000 -24000 7000 -22500;
( Rotate 90 );
9 ind;
C 0 R 0 1 T 7000 -25000;
(SymbolCall ind);
5 2 L9;
5 11 L.L9 12;
5 10 7 1 32000 -24000 L9-;
5 10 9 0 22000 -24000 L9+;
5 15 23000 -23000 1 0;
1 Bound 22000 -24000 32000 -22500;
( Rotate 90 );
9 ind;
C 0 R 0 1 T 32000 -25000;
(SymbolCall ind);
5 2 LB3;
5 11 L.LB3 13;
5 10 7 0 49000 -24000 LB3+;
5 10 23 1 59000 -24000 LB3-;
5 15 50000 -23000 1 0;
1 Bound 49000 -24000 59000 -22500;
( Rotate 90 );
9 ind;
C 0 R 0 1 T 59000 -25000;
(SymbolCall ind);
5 2 L10;
5 11 L.L10 14;
5 10 10 1 41000 -34000 L10-;
5 10 7 0 41000 -24000 L10+;
5 15 42000 -25000 0 -1;
1 Bound 41000 -34000 42500 -24000;
9 ind;
C 0 T 40000 -34000;
(SymbolCall ind);
5 2 LP6;
5 11 L.LP6 15;
5 10 0 1 11000 -44000 LP6-;
5 10 25 0 11000 -34000 LP6+;
5 15 12000 -35000 0 -1;
1 Bound 11000 -44000 12500 -34000;
9 ind;
C 0 T 10000 -44000;
(SymbolCall ind);
5 2 LRB6;
5 11 L.LRB6 16;
5 10 0 1 18000 -44000 LRB6-;
5 10 26 0 18000 -34000 LRB6+;
5 15 19000 -35000 0 -1;
1 Bound 18000 -44000 19500 -34000;
9 ind;
C 0 T 17000 -44000;
(SymbolCall ind);
5 2 L7;
5 11 L.L7 17;
5 10 12 1 -9000 -50000 L7-;
5 10 8 0 -9000 -40000 L7+;
5 15 -8000 -41000 0 -1;
1 Bound -9000 -50000 -7500 -40000;
9 ind;
C 0 T -10000 -50000;
(SymbolCall ind);
5 2 LRB7;
5 11 L.LRB7 18;
5 10 27 0 48000 -48000 LRB7+;
5 10 11 1 48000 -58000 LRB7-;
5 15 49000 -49000 0 -1;
1 Bound 48000 -58000 49500 -48000;
9 ind;
C 0 T 47000 -58000;
(SymbolCall ind);
5 2 LB5;
5 11 L.LB5 19;
5 10 28 0 66000 -54000 LB5+;
5 10 14 1 66000 -64000 LB5-;
5 15 67000 -55000 0 -1;
1 Bound 66000 -64000 67500 -54000;
9 ind;
C 0 T 65000 -64000;
(SymbolCall ind);
5 2 LB4;
5 11 L.LB4 20;
5 10 15 1 -32000 -65000 LB4-;
5 10 29 0 -32000 -55000 LB4+;
5 15 -31000 -56000 0 -1;
1 Bound -32000 -65000 -30500 -55000;
9 ind;
C 0 T -33000 -65000;
(SymbolCall ind);
5 2 LRB5;
5 11 L.LRB5 21;
5 10 11 1 34000 -61000 LRB5-;
5 10 30 0 24000 -61000 LRB5+;
5 15 25000 -60000 1 0;
1 Bound 24000 -61000 34000 -59500;
( Rotate 90 );
9 ind;
C 0 R 0 1 T 34000 -62000;
(SymbolCall ind);
5 2 L4;
5 11 L.L4 22;
5 10 15 1 -34000 -68000 L4-;
5 10 2 0 -44000 -68000 L4+;
5 15 -43000 -67000 1 0;
1 Bound -44000 -68000 -34000 -66500;
( Rotate 90 );
9 ind;
C 0 R 0 1 T -34000 -69000;
(SymbolCall ind);
5 2 L5;
5 11 L.L5 23;
5 10 12 1 -13000 -68000 L5-;
5 10 15 0 -23000 -68000 L5+;
5 15 -22000 -67000 1 0;
1 Bound -23000 -68000 -13000 -66500;
( Rotate 90 );
9 ind;
C 0 R 0 1 T -13000 -69000;
(SymbolCall ind);
5 2 L6;
5 11 L.L6 24;
5 10 13 1 11000 -68000 L6-;
5 10 12 0 1000 -68000 L6+;
5 15 2000 -67000 1 0;
1 Bound 1000 -68000 11000 -66500;
( Rotate 90 );
9 ind;
C 0 R 0 1 T 11000 -69000;
(SymbolCall ind);
5 2 L11;
5 11 L.L11 25;
5 10 14 1 65000 -68000 L11-;
5 10 11 0 55000 -68000 L11+;
5 15 56000 -67000 1 0;
1 Bound 55000 -68000 65000 -66500;
( Rotate 90 );
9 ind;
C 0 R 0 1 T 65000 -69000;
(SymbolCall ind);
5 2 L12;
5 11 L.L12 26;
5 10 14 0 76000 -68000 L12+;
5 10 3 1 86000 -68000 L12-;
5 15 77000 -67000 1 0;
1 Bound 76000 -68000 86000 -66500;
( Rotate 90 );
9 ind;
C 0 R 0 1 T 86000 -69000;
(SymbolCall ind);
5 2 LP4;
5 11 L.LP4 27;
5 10 0 1 -32000 -88000 LP4-;
5 10 31 0 -32000 -78000 LP4+;
5 15 -31000 -79000 0 -1;
1 Bound -32000 -88000 -30500 -78000;
9 ind;
C 0 T -33000 -88000;
(SymbolCall ind);
5 2 LRB4;
5 11 L.LRB4 28;
5 10 0 1 -25000 -88000 LRB4-;
5 10 32 0 -25000 -78000 LRB4+;
5 15 -24000 -79000 0 -1;
1 Bound -25000 -88000 -23500 -78000;
9 ind;
C 0 T -26000 -88000;
(SymbolCall ind);
5 2 LP8;
5 11 L.LP8 29;
5 10 0 1 41000 -88000 LP8-;
5 10 33 0 41000 -78000 LP8+;
5 15 42000 -79000 0 -1;
1 Bound 41000 -88000 42500 -78000;
9 ind;
C 0 T 40000 -88000;
(SymbolCall ind);
5 2 LRB8;
5 11 L.LRB8 30;
5 10 0 1 48000 -88000 LRB8-;
5 10 34 0 48000 -78000 LRB8+;
5 15 49000 -79000 0 -1;
1 Bound 48000 -88000 49500 -78000;
9 ind;
C 0 T 47000 -88000;
(SymbolCall ind);
5 2 LP9;
5 11 L.LP9 31;
5 10 35 0 66000 -79000 LP9+;
5 10 0 1 66000 -89000 LP9-;
5 15 67000 -80000 0 -1;
1 Bound 66000 -89000 67500 -79000;
9 ind;
C 0 T 65000 -89000;
(SymbolCall ind);
5 2 LRB9;
5 11 L.LRB9 32;
5 10 36 0 73000 -79000 LRB9+;
5 10 0 1 73000 -89000 LRB9-;
5 15 74000 -80000 0 -1;
1 Bound 73000 -89000 74500 -79000;
9 ind;
C 0 T 72000 -89000;
(SymbolCall isrc);
5 2 pwl(0 0 5p IB1);
5 11 I.IB1 0;
5 10 16 1 -12000 33000 IB1_1;
5 10 0 0 -12000 43000 IB1_0;
5 5 nophys;
5 15 -12000 37000 0 -1 @<name>[c];
1 Bound -14000 33000 -10000 43000;
9 isrc;
C 0 T -14000 33000;
(SymbolCall isrc);
5 2 pwl(0 0 5p IB2);
5 11 I.IB2 1;
5 10 17 1 12000 32000 IB2_1;
5 10 0 0 12000 42000 IB2_0;
5 5 nophys;
5 15 12000 36000 0 -1 @<name>[c];
1 Bound 10000 32000 14000 42000;
9 isrc;
C 0 T 10000 32000;
(SymbolCall isrc);
5 2 pwl(0 0 5p IB3);
5 11 I.IB3 2;
5 5 nophys;
5 10 0 0 69000 -24000 IB3_0;
5 10 23 1 59000 -24000 IB3_1;
5 15 63000 -24000 -1 0 @<name>[c];
1 Bound 59000 -26000 69000 -22000;
( Rotate 270 );
9 isrc;
C 0 R 0 -1 T 59000 -22000;
(SymbolCall isrc);
5 2 pwl(0 0 5p IB5);
5 11 I.IB5 3;
5 5 nophys;
5 10 0 0 66000 -44000 IB5_0;
5 10 28 1 66000 -54000 IB5_1;
5 15 66000 -50000 0 -1 @<name>[c];
1 Bound 64000 -54000 68000 -44000;
9 isrc;
C 0 T 64000 -54000;
(SymbolCall isrc);
5 2 pwl(0 0 5p IB4);
5 11 I.IB4 4;
5 10 29 1 -32000 -55000 IB4_1;
5 10 0 0 -32000 -45000 IB4_0;
5 15 -32000 -51000 0 -1 @<name>[c];
5 5 nophys;
1 Bound -34000 -55000 -30000 -45000;
9 isrc;
C 0 T -34000 -55000;
(SymbolCall jj);
5 3 area=B1;
5 11 B.B1 0;
5 1 jjmit;
5 10 4 0 -12000 18000 B1+;
5 10 18 1 -12000 8000 B1-;
5 10 37 2 -13000 16000 B1_2;
1 Bound -13500 8000 -10500 18000;
9 jj;
C 0 T -13000 8000;
(SymbolCall jj);
5 3 area=B2;
5 1 jjmit;
5 11 B.B2 1;
5 10 5 0 12000 18000 B2+;
5 10 20 1 12000 8000 B2-;
5 10 38 2 11000 16000 B2_2;
1 Bound 10500 8000 13500 18000;
9 jj;
C 0 T 11000 8000;
(SymbolCall jj);
5 3 area=B3;
5 1 jjmit;
5 11 B.B3 2;
5 10 6 0 41000 18000 B3+;
5 10 7 1 41000 8000 B3-;
5 10 39 2 40000 16000 B3_2;
1 Bound 39500 8000 42500 18000;
9 jj;
C 0 T 40000 8000;
(SymbolCall jj);
5 3 area=B6;
5 1 jjmit;
5 11 B.B6 3;
5 10 40 2 10000 -26000 B6_2;
5 10 25 1 11000 -34000 B6-;
5 10 9 0 11000 -24000 B6+;
1 Bound 9500 -34000 12500 -24000;
9 jj;
C 0 T 10000 -34000;
(SymbolCall jj);
5 3 area=B7;
5 1 jjmit;
5 11 B.B7 4;
5 10 10 0 41000 -38000 B7+;
5 10 11 1 41000 -48000 B7-;
5 10 41 2 40000 -40000 B7_2;
1 Bound 39500 -48000 42500 -38000;
9 jj;
C 0 T 40000 -48000;
(SymbolCall jj);
5 3 area=B5;
5 1 jjmit;
5 11 B.B5 5;
5 10 42 2 16000 -69000 B5_2;
5 10 11 1 24000 -68000 B5-;
5 10 13 0 14000 -68000 B5+;
1 Bound 14000 -69500 24000 -66500;
( Rotate 90 );
9 jj;
C 0 R 0 1 T 24000 -69000;
(SymbolCall jj);
5 3 area=B4;
5 1 jjmit;
5 11 B.B4 6;
5 10 43 2 -33000 -70000 B4_2;
5 10 31 1 -32000 -78000 B4-;
5 10 15 0 -32000 -68000 B4+;
1 Bound -33500 -78000 -30500 -68000;
9 jj;
C 0 T -33000 -78000;
(SymbolCall jj);
5 3 area=B8;
5 1 jjmit;
5 11 B.B8 7;
5 10 44 2 40000 -70000 B8_2;
5 10 33 1 41000 -78000 B8-;
5 10 11 0 41000 -68000 B8+;
1 Bound 39500 -78000 42500 -68000;
9 jj;
C 0 T 40000 -78000;
(SymbolCall jj);
5 3 area=B9;
5 1 jjmit;
5 11 B.B9 8;
5 10 14 0 66000 -69000 B9+;
5 10 35 1 66000 -79000 B9-;
5 10 45 2 65000 -71000 B9_2;
1 Bound 64500 -79000 67500 -69000;
9 jj;
C 0 T 65000 -79000;
(SymbolCall res);
5 2 RB1;
5 11 R.RB1 0;
5 10 4 0 -5000 18000 RB1+;
5 10 19 1 -5000 8000 RB1-;
5 15 -6000 17000 0 -1 "<v>/<value>O";
1 Bound -6250 8000 -4000 18000;
9 res;
C 0 T -5000 18000;
(SymbolCall res);
5 2 RB2;
5 11 R.RB2 1;
5 10 5 0 19000 18000 RB2+;
5 10 21 1 19000 8000 RB2-;
5 15 18000 17000 0 -1 "<v>/<value>O";
1 Bound 17750 8000 20000 18000;
9 res;
C 0 T 19000 18000;
(SymbolCall res);
5 2 RB3;
5 11 R.RB3 2;
5 10 6 0 48000 18000 RB3+;
5 10 22 1 48000 8000 RB3-;
5 15 47000 17000 0 -1 "<v>/<value>O";
1 Bound 46750 8000 49000 18000;
9 res;
C 0 T 48000 18000;
(SymbolCall res);
5 2 RD;
5 11 R.RD 3;
5 10 24 0 -27000 -24000 RD+;
5 10 0 1 -27000 -34000 RD-;
5 15 -28000 -25000 0 -1 "<v>/<value>O";
1 Bound -28250 -34000 -26000 -24000;
9 res;
C 0 T -27000 -24000;
(SymbolCall res);
5 2 RB6;
5 11 R.RB6 4;
5 10 26 1 18000 -34000 RB6-;
5 10 9 0 18000 -24000 RB6+;
5 15 17000 -25000 0 -1 "<v>/<value>O";
1 Bound 16750 -34000 19000 -24000;
9 res;
C 0 T 18000 -24000;
(SymbolCall res);
5 2 RB7;
5 11 R.RB7 5;
5 10 10 0 48000 -38000 RB7+;
5 10 27 1 48000 -48000 RB7-;
5 15 47000 -39000 0 -1 "<v>/<value>O";
1 Bound 46750 -48000 49000 -38000;
9 res;
C 0 T 48000 -38000;
(SymbolCall res);
5 2 RB5;
5 11 R.RB5 6;
5 10 30 1 24000 -61000 RB5-;
5 10 13 0 14000 -61000 RB5+;
5 15 15000 -62000 1 0 "<v>/<value>O";
1 Bound 14000 -62250 24000 -60000;
( Rotate 90 );
9 res;
C 0 R 0 1 T 14000 -61000;
(SymbolCall res);
5 2 RB4;
5 11 R.RB4 7;
5 10 32 1 -25000 -78000 RB4-;
5 10 15 0 -25000 -68000 RB4+;
5 15 -26000 -69000 0 -1 "<v>/<value>O";
1 Bound -26250 -78000 -24000 -68000;
9 res;
C 0 T -25000 -68000;
(SymbolCall res);
5 2 RB8;
5 11 R.RB8 8;
5 10 34 1 48000 -78000 RB8-;
5 10 11 0 48000 -68000 RB8+;
5 15 47000 -69000 0 -1 "<v>/<value>O";
1 Bound 46750 -78000 49000 -68000;
9 res;
C 0 T 48000 -68000;
(SymbolCall res);
5 2 RB9;
5 11 R.RB9 9;
5 10 14 0 73000 -69000 RB9+;
5 10 36 1 73000 -79000 RB9-;
5 15 72000 -70000 0 -1 "<v>/<value>O";
1 Bound 71750 -79000 74000 -69000;
9 res;
C 0 T 73000 -69000;
L SCED;
5 10 4;
W2 0 -12000 23000 -12000 18000;
5 10 5;
W2 0 12000 22000 12000 18000;
5 10 4;
W2 0 -16000 18000 -12000 18000 -5000 18000 -2000 18000;
5 10 5;
W2 0 8000 18000 12000 18000 19000 18000 23000 18000;
5 10 6;
W2 0 48000 18000 41000 18000 33000 18000;
5 10 7;
W2 0 41000 -24000 41000 -2000 41000 8000;
5 10 7;
W2 0 48000 -2000 41000 -2000;
5 10 8;
W2 0 -17000 -24000 -9000 -24000;
5 10 8;
W2 0 -9000 -40000 -9000 -24000 -3000 -24000;
5 10 9;
W2 0 22000 -24000 18000 -24000 11000 -24000 7000 -24000;
5 10 7;
W2 0 32000 -24000 41000 -24000 49000 -24000;
5 10 10;
W2 0 41000 -34000 41000 -38000 48000 -38000;
5 10 11;
W2 0 41000 -68000 41000 -58000 41000 -48000 41000 -46000;
5 10 12;
W2 0 -9000 -50000 -9000 -68000;
5 10 11;
W2 0 48000 -58000 41000 -58000;
5 10 13;
W2 0 11000 -68000 14000 -68000 14000 -61000;
5 10 11;
W2 0 24000 -68000 34000 -68000 34000 -61000;
5 10 14;
W2 0 66000 -64000 66000 -68000 73000 -68000 76000 -68000;
5 10 15;
W2 0 -34000 -68000 -32000 -68000 -32000 -65000;
5 10 15;
W2 0 -32000 -68000 -25000 -68000 -23000 -68000;
5 10 12;
W2 0 -13000 -68000 -9000 -68000 1000 -68000;
5 10 11;
W2 0 34000 -68000 41000 -68000 48000 -68000 55000 -68000;
5 10 14;
W2 0 65000 -68000 66000 -68000 66000 -69000;
5 10 14;
W2 0 73000 -69000 73000 -68000;
L NAME;
5 16 I 0 11;
94 <<IB1>> -14250 41750 320 1350 1000;
5 16 I 1 11;
94 <<IB2>> 9750 40750 320 1575 1000;
5 16 L 0 11;
94 <<LB1>> -12250 31750 320 1650 1000;
5 16 L 1 11;
94 <<LB2>> 11750 30750 320 1875 1000;
5 16 L 2 11;
94 <<L1>> -25750 19750 0 1050 1000;
5 16 L 3 11;
94 <<L2>> -1750 19750 0 1275 1000;
5 16 L 4 11;
94 <<L3>> 23250 19750 0 1275 1000;
5 16 B 0 11;
94 <<B1>> -13750 16750 320 1050 1000;
5 16 R 0 11;
94 <<RB1>> -6500 16750 320 1650 1000;
5 16 B 1 11;
94 <<B2>> 10250 16750 320 1275 1000;
5 16 R 1 11;
94 <<RB2>> 17500 16750 320 1875 1000;
5 16 B 2 11;
94 <<B3>> 39250 16750 320 1275 1000;
5 16 R 2 11;
94 <<RB3>> 46500 16750 320 1875 1000;
5 16 L 5 11;
94 <<LP1>> -12250 6750 320 1650 1000;
5 16 L 6 11;
94 <<LRB1>> -5250 6750 320 2250 1000;
5 16 L 7 11;
94 <<LP2>> 11750 6750 320 1875 1000;
5 16 L 8 11;
94 <<LRB2>> 18750 6750 320 2475 1000;
5 16 L 9 11;
94 <<LRB3>> 47750 6750 320 2475 1000;
5 16 I 2 11;
94 <<IB3>> 59250 -21750 0 1575 1000;
5 16 L 10 11;
94 <<LRD>> -26750 -22250 0 1875 1000;
5 16 L 11 11;
94 <<L8>> -2750 -22250 0 1275 1000;
5 16 L 12 11;
94 <<L9>> 22250 -22250 0 1275 1000;
5 16 L 13 11;
94 <<LB3>> 49250 -22250 0 1875 1000;
5 16 R 3 11;
94 <<RD>> -28500 -25250 320 1275 1000;
5 16 B 3 11;
94 <<B6>> 9250 -25250 320 1275 1000;
5 16 R 4 11;
94 <<RB6>> 16500 -25250 320 1875 1000;
5 16 L 14 11;
94 <<L10>> 40750 -25250 320 1650 1000;
5 16 L 15 11;
94 <<LP6>> 10750 -35250 320 1875 1000;
5 16 L 16 11;
94 <<LRB6>> 17750 -35250 320 2475 1000;
5 16 B 4 11;
94 <<B7>> 39250 -39250 320 1275 1000;
5 16 R 5 11;
94 <<RB7>> 46500 -39250 320 1875 1000;
5 16 L 17 11;
94 <<L7>> -9250 -41250 320 1275 1000;
5 16 I 3 11;
94 <<IB5>> 63750 -45250 320 1575 1000;
5 16 I 4 11;
94 <<IB4>> -34250 -46250 320 1575 1000;
5 16 L 18 11;
94 <<LRB7>> 47750 -49250 320 2475 1000;
5 16 L 19 11;
94 <<LB5>> 65750 -55250 320 1875 1000;
5 16 L 20 11;
94 <<LB4>> -32250 -56250 320 1875 1000;
5 16 L 21 11;
94 <<LRB5>> 24250 -59250 0 2475 1000;
5 16 R 6 11;
94 <<RB5>> 14250 -59750 0 1875 1000;
5 16 L 22 11;
94 <<L4>> -43750 -66250 0 1275 1000;
5 16 L 23 11;
94 <<L5>> -22750 -66250 0 1275 1000;
5 16 L 24 11;
94 <<L6>> 1250 -66250 0 1275 1000;
5 16 B 5 11;
94 <<B5>> 14250 -66250 0 1275 1000;
5 16 L 25 11;
94 <<L11>> 55250 -66250 0 1425 1000;
5 16 L 26 11;
94 <<L12>> 76250 -66250 0 1650 1000;
5 16 B 6 11;
94 <<B4>> -33750 -69250 320 1275 1000;
5 16 R 7 11;
94 <<RB4>> -26500 -69250 320 1875 1000;
5 16 B 7 11;
94 <<B8>> 39250 -69250 320 1275 1000;
5 16 R 8 11;
94 <<RB8>> 46500 -69250 320 1875 1000;
5 16 B 8 11;
94 <<B9>> 64250 -70250 320 1275 1000;
5 16 R 9 11;
94 <<RB9>> 71500 -70250 320 1875 1000;
5 16 L 27 11;
94 <<LP4>> -32250 -79250 320 1875 1000;
5 16 L 28 11;
94 <<LRB4>> -25250 -79250 320 2475 1000;
5 16 L 29 11;
94 <<LP8>> 40750 -79250 320 1875 1000;
5 16 L 30 11;
94 <<LRB8>> 47750 -79250 320 2475 1000;
5 16 L 31 11;
94 <<LP9>> 65750 -80250 320 1875 1000;
5 16 L 32 11;
94 <<LRB9>> 72750 -80250 320 2475 1000;
L MODL;
5 16 B 0 1;
94 <<jjmit>> -10250 17750 256 2550 1000;
5 16 B 1 1;
94 <<jjmit>> 13750 17750 256 2550 1000;
5 16 B 2 1;
94 <<jjmit>> 42750 17750 256 2550 1000;
5 16 B 3 1;
94 <<jjmit>> 12750 -24250 256 2550 1000;
5 16 B 4 1;
94 <<jjmit>> 42750 -38250 256 2550 1000;
5 16 B 6 1;
94 <<jjmit>> -30250 -68250 256 2550 1000;
5 16 B 7 1;
94 <<jjmit>> 42750 -68250 256 2550 1000;
5 16 B 8 1;
94 <<jjmit>> 67750 -69250 256 2550 1000;
5 16 B 5 1;
94 <<jjmit>> 23750 -69750 320 2550 1000;
L VALU;
5 16 I 0 2;
94 <<pwl(0 0 5p IB1)>> -9750 42750 33024 7650 1000;
5 16 I 1 2;
94 <<pwl(0 0 5p IB2)>> 14250 41750 33024 7875 1000;
5 16 L 0 2;
94 <<LB1>> -10250 32750 33024 1650 1000;
5 16 L 1 2;
94 <<LB2>> 13750 31750 33024 1875 1000;
5 16 L 2 2;
94 <<L1>> -16250 17750 33088 1050 1000;
5 16 R 0 2;
94 <<RB1>> -3750 17750 33024 1650 1000;
5 16 L 3 2;
94 <<L2>> 7750 17750 33088 1275 1000;
5 16 R 1 2;
94 <<RB2>> 20250 17750 33024 1875 1000;
5 16 L 4 2;
94 <<L3>> 32750 17750 33088 1275 1000;
5 16 R 2 2;
94 <<RB3>> 49250 17750 33024 1875 1000;
5 16 L 5 2;
94 <<LP1>> -10250 7750 33024 1650 1000;
5 16 L 6 2;
94 <<LRB1>> -3250 7750 33024 2250 1000;
5 16 L 7 2;
94 <<LP2>> 13750 7750 33024 1875 1000;
5 16 L 8 2;
94 <<LRB2>> 20750 7750 33024 2475 1000;
5 16 L 9 2;
94 <<LRB3>> 49750 7750 33024 2475 1000;
5 16 R 3 2;
94 <<RD>> -25750 -24250 33024 1275 1000;
5 16 L 10 2;
94 <<LRD>> -17250 -24250 33088 1875 1000;
5 16 L 11 2;
94 <<L8>> 6750 -24250 33088 1275 1000;
5 16 R 4 2;
94 <<RB6>> 19250 -24250 33024 1875 1000;
5 16 L 12 2;
94 <<L9>> 31750 -24250 33088 1275 1000;
5 16 L 14 2;
94 <<L10>> 42750 -24250 33024 1650 1000;
5 16 L 13 2;
94 <<LB3>> 58750 -24250 33088 1875 1000;
5 16 I 2 2;
94 <<pwl(0 0 5p IB3)>> 68750 -26250 33088 7875 1000;
5 16 L 15 2;
94 <<LP6>> 12750 -34250 33024 1875 1000;
5 16 L 16 2;
94 <<LRB6>> 19750 -34250 33024 2475 1000;
5 16 R 5 2;
94 <<RB7>> 49250 -38250 33024 1875 1000;
5 16 L 17 2;
94 <<L7>> -7250 -40250 33024 1275 1000;
5 16 I 3 2;
94 <<pwl(0 0 5p IB5)>> 68250 -44250 33024 7875 1000;
5 16 I 4 2;
94 <<pwl(0 0 5p IB4)>> -29750 -45250 33024 7875 1000;
5 16 L 18 2;
94 <<LRB7>> 49750 -48250 33024 2475 1000;
5 16 L 19 2;
94 <<LB5>> 67750 -54250 33024 1875 1000;
5 16 L 20 2;
94 <<LB4>> -30250 -55250 33024 1875 1000;
5 16 L 21 2;
94 <<LRB5>> 33750 -61250 33088 2475 1000;
5 16 R 6 2;
94 <<RB5>> 23750 -62500 33088 1875 1000;
5 16 L 22 2;
94 <<L4>> -34250 -68250 33088 1275 1000;
5 16 R 7 2;
94 <<RB4>> -23750 -68250 33024 1875 1000;
5 16 L 23 2;
94 <<L5>> -13250 -68250 33088 1275 1000;
5 16 L 24 2;
94 <<L6>> 10750 -68250 33088 1275 1000;
5 16 R 8 2;
94 <<RB8>> 49250 -68250 33024 1875 1000;
5 16 L 25 2;
94 <<L11>> 64750 -68250 33088 1425 1000;
5 16 L 26 2;
94 <<L12>> 85750 -68250 33088 1650 1000;
5 16 R 9 2;
94 <<RB9>> 74250 -69250 33024 1875 1000;
5 16 L 27 2;
94 <<LP4>> -30250 -78250 33024 1875 1000;
5 16 L 28 2;
94 <<LRB4>> -23250 -78250 33024 2475 1000;
5 16 L 29 2;
94 <<LP8>> 42750 -78250 33024 1875 1000;
5 16 L 30 2;
94 <<LRB8>> 49750 -78250 33024 2475 1000;
5 16 L 31 2;
94 <<LP9>> 67750 -79250 33024 1875 1000;
5 16 L 32 2;
94 <<LRB9>> 74750 -79250 33024 2475 1000;
L PARM;
5 16 B 0 3;
94 <<area=B1>> -10250 8250 32768 3975 1000;
5 16 B 1 3;
94 <<area=B2>> 13750 8250 32768 4200 1000;
5 16 B 2 3;
94 <<area=B3>> 42750 8250 32768 4200 1000;
5 16 B 3 3;
94 <<area=B6>> 12750 -33750 32768 4200 1000;
5 16 B 4 3;
94 <<area=B7>> 42750 -47750 32768 4200 1000;
5 16 B 5 3;
94 <<area=B5>> 14250 -70750 33024 4200 1000;
5 16 B 6 3;
94 <<area=B4>> -30250 -77750 32768 4200 1000;
5 16 B 7 3;
94 <<area=B8>> 42750 -77750 32768 4200 1000;
5 16 B 8 3;
94 <<area=B9>> 67750 -78750 32768 4200 1000;
DF;
E
* Generated by Xic from cell LSmitll_NOT_v1p6
B1 4 18 37 jjmit area=B1
B2 5 20 38 jjmit area=B2
B3 6 7 39 jjmit area=B3
B4 15 31 43 jjmit area=B4
B5 13 11 42 jjmit area=B5
B6 9 25 40 jjmit area=B6
B7 10 11 41 jjmit area=B7
B8 11 33 44 jjmit area=B8
B9 14 35 45 jjmit area=B9
IB1 0 16 pwl(0 0 5p IB1)
IB2 0 17 pwl(0 0 5p IB2)
IB3 0 23 pwl(0 0 5p IB3)
IB4 0 29 pwl(0 0 5p IB4)
IB5 0 28 pwl(0 0 5p IB5)
L1 A 4 L1
L2 4 5 L2
L3 5 6 L3
L4 CLK 15 L4
L5 15 12 L5
L6 12 13 L6
L7 8 12 L7
L8 8 9 L8
L9 9 7 L9
L10 7 10 L10
L11 11 14 L11
L12 14 Q L12
LB1 16 4 LB1
LB2 17 5 LB2
LB3 7 23 LB3
LB4 29 15 LB4
LB5 28 14 LB5
LP1 18 0 LP1
LP2 20 0 LP2
LP4 31 0 LP4
LP6 25 0 LP6
LP8 33 0 LP8
LP9 35 0 LP9
LRB1 19 0 LRB1
LRB2 21 0 LRB2
LRB3 22 7 LRB3
LRB4 32 0 LRB4
LRB5 30 11 LRB5
LRB6 26 0 LRB6
LRB7 27 11 LRB7
LRB8 34 0 LRB8
LRB9 36 0 LRB9
LRD 24 8 LRD
RB1 4 19 RB1
RB2 5 21 RB2
RB3 6 22 RB3
RB4 15 32 RB4
RB5 13 30 RB5
RB6 9 26 RB6
RB7 10 27 RB7
RB8 11 34 RB8
RB9 14 36 RB9
RD 24 0 RD
.model jjmit jj(rtype=1, vg=2.8mV, cap=0.07pF, r0=160, rn=16, icrit=0.1mA)


* Nb 30 A/cm2
.save @IB3[c]
.save @IB2[c]
.save @IB4[c]
.save @IB5[c]
.save @IB1[c]
