(Symbol LSmitll_ptltx_v1p5p1);
($Id:$);
(xic.exe 4.3.5 Win32 i386 06/17/2020 15:11 GMT);
(PHYSICAL);
(RESOLUTION 1000);
( CREATED 6/17/2020 15:11:40, MODIFIED 6/17/2020 15:11:40 );
5 7100 grid 25 1;
5 7034 3;
5 7002 XicTools.db;
5 7000 7;
9 LSmitll_ptltx_v1p5p1;
DS 0 1 1;
DF;
E
(ELECTRICAL);
(RESOLUTION 1000);
5 7101 tran 0.5p 200p 0 0.25p UIC;
5 10 1 0 -37000:-40000 6000:6000 0x0 A;
5 10 2 1 15000:21000 6000:6000 0x0 Q;
5 11 X 0 subckt;
9 LSmitll_ptltx_v1p5p1;
DS 0 1 1;
(SymbolCall gnd);
5 10 0 0 -27000 26000;
1 Bound -27000 25000 -24400 27000;
( Rotate 90 );
9 gnd;
C 0 R 0 1 T -26000 25000;
(SymbolCall gnd);
5 10 0 0 -11000 26000;
1 Bound -11000 25000 -8400 27000;
( Rotate 90 );
9 gnd;
C 0 R 0 1 T -10000 25000;
(SymbolCall gnd);
5 10 0 0 -27000 -14000;
1 Bound -28000 -16600 -26000 -14000;
9 gnd;
C 0 T -28000 -15000;
(SymbolCall gnd);
5 10 0 0 -21000 -14000;
1 Bound -22000 -16600 -20000 -14000;
9 gnd;
C 0 T -22000 -15000;
(SymbolCall gnd);
5 10 0 0 -11000 -14000;
1 Bound -12000 -16600 -10000 -14000;
9 gnd;
C 0 T -12000 -15000;
(SymbolCall gnd);
5 10 0 0 -5000 -14000;
1 Bound -6000 -16600 -4000 -14000;
9 gnd;
C 0 T -6000 -15000;
(SymbolCall ind);
5 10 3 1 -27000 6000 L0-;
5 10 5 0 -27000 16000 L0+;
5 15 -26000 15000 0 -1;
5 11 L 0;
5 2 0.2p;
1 Bound -27000 6000 -25500 16000;
9 ind;
C 0 T -28000 6000;
(SymbolCall ind);
5 10 4 1 -11000 6000 L1-;
5 10 6 0 -11000 16000 L1+;
5 15 -10000 15000 0 -1;
5 2 1.3p;
5 11 L 1;
1 Bound -11000 6000 -9500 16000;
9 ind;
C 0 T -12000 6000;
(SymbolCall ind);
5 10 3 1 -27000 6000 L2-;
5 10 1 0 -37000 6000 L2+;
5 15 -36000 7000 1 0;
5 11 L 2;
5 2 2.5p;
1 Bound -37000 6000 -27000 7500;
( Rotate 90 );
9 ind;
C 0 R 0 1 T -27000 5000;
(SymbolCall ind);
5 10 4 1 -11000 6000 L3-;
5 10 3 0 -21000 6000 L3+;
5 15 -20000 7000 1 0;
5 11 L 3;
5 2 3.3p;
1 Bound -21000 6000 -11000 7500;
( Rotate 90 );
9 ind;
C 0 R 0 1 T -11000 5000;
(SymbolCall ind);
5 10 7 1 5000 6000 L4-;
5 10 4 0 -5000 6000 L4+;
5 15 -4000 7000 1 0;
5 2 0.35p;
5 11 L 4;
1 Bound -5000 6000 5000 7500;
( Rotate 90 );
9 ind;
C 0 R 0 1 T 5000 5000;
(SymbolCall ind);
5 10 0 1 -27000 -14000 L5-;
5 10 8 0 -27000 -4000 L5+;
5 15 -26000 -5000 0 -1;
5 2 0.05p;
5 11 L 5;
1 Bound -27000 -14000 -25500 -4000;
9 ind;
C 0 T -28000 -14000;
(SymbolCall ind);
5 10 0 1 -21000 -14000 L6-;
5 10 9 0 -21000 -4000 L6+;
5 15 -20000 -5000 0 -1;
5 11 L 6;
5 2 1p;
1 Bound -21000 -14000 -19500 -4000;
9 ind;
C 0 T -22000 -14000;
(SymbolCall ind);
5 10 0 1 -11000 -14000 L7-;
5 10 10 0 -11000 -4000 L7+;
5 15 -10000 -5000 0 -1;
5 11 L 7;
5 2 0.12p;
1 Bound -11000 -14000 -9500 -4000;
9 ind;
C 0 T -12000 -14000;
(SymbolCall ind);
5 10 0 1 -5000 -14000 L8-;
5 10 11 0 -5000 -4000 L8+;
5 15 -4000 -5000 0 -1;
5 2 1p;
5 11 L 8;
1 Bound -5000 -14000 -3500 -4000;
9 ind;
C 0 T -6000 -14000;
(SymbolCall isrc);
5 10 5 1 -27000 16000 I0_1;
5 10 0 0 -27000 26000 I0_0;
5 15 -27000 20000 0 -1 @<name>[c];
5 2 pwl(0 0 5p 230u);
5 11 I 0;
5 5 nophys;
1 Bound -29000 16000 -25000 26000;
9 isrc;
C 0 T -29000 16000;
(SymbolCall isrc);
5 10 6 1 -11000 16000 I1_1;
5 10 0 0 -11000 26000 I1_0;
5 15 -11000 20000 0 -1 @<name>[c];
5 5 nophys;
5 11 I 1;
5 2 pwl(0 0 5p 82u);
1 Bound -13000 16000 -9000 26000;
9 isrc;
C 0 T -13000 16000;
(SymbolCall jj);
5 10 12 2 -28000 4000 B0_2;
5 10 8 1 -27000 -4000 B0-;
5 10 3 0 -27000 6000 B0+;
5 3 area=2;
5 1 jjmit;
5 11 B 0;
1 Bound -28500 -4000 -25500 6000;
9 jj;
C 0 T -28000 -4000;
(SymbolCall jj);
5 10 13 2 -12000 4000 B1_2;
5 10 10 1 -11000 -4000 B1-;
5 10 4 0 -11000 6000 B1+;
5 11 B 1;
5 1 jjmit;
5 3 area=1.62;
1 Bound -12500 -4000 -9500 6000;
9 jj;
C 0 T -12000 -4000;
(SymbolCall res);
5 10 2 1 15000 6000 R0-;
5 10 7 0 5000 6000 R0+;
5 15 6000 5000 1 0 "<v>/<value>O";
5 2 1.36;
5 11 R 0;
1 Bound 5000 4750 15000 7000;
( Rotate 90 );
9 res;
C 0 R 0 1 T 5000 6000;
(SymbolCall res);
5 10 9 1 -21000 -4000 R1-;
5 10 3 0 -21000 6000 R1+;
5 15 -22000 5000 0 -1 "<v>/<value>O";
5 2 4.85;
5 11 R 1;
1 Bound -22250 -4000 -20000 6000;
9 res;
C 0 T -21000 6000;
(SymbolCall res);
5 10 11 1 -5000 -4000 R2-;
5 10 4 0 -5000 6000 R2+;
5 15 -6000 5000 0 -1 "<v>/<value>O";
5 2 6.3;
5 11 R 2;
1 Bound -6250 -4000 -4000 6000;
9 res;
C 0 T -5000 6000;
L SCED;
5 10 3;
W2 0 -27000 6000 -21000 6000;
5 10 4;
W2 0 -11000 6000 -5000 6000;
L NAME;
5 16 I 0 11;
94 <<I0>> -29250 24750 320 975 1000;
5 16 I 1 11;
94 <<I1>> -13250 24750 320 750 1000;
5 16 L 0 11;
94 <<L0>> -27250 14750 320 1275 1000;
5 16 L 1 11;
94 <<L1>> -11250 14750 320 1050 1000;
5 16 L 2 11;
94 <<L2>> -36750 7750 0 1275 1000;
5 16 L 3 11;
94 <<L3>> -20750 7750 0 1275 1000;
5 16 L 4 11;
94 <<L4>> -4750 7750 0 1275 1000;
5 16 R 0 11;
94 <<R0>> 5250 7250 0 1275 1000;
5 16 B 0 11;
94 <<B0>> -28750 4750 320 1275 1000;
5 16 R 1 11;
94 <<R1>> -22500 4750 320 1050 1000;
5 16 B 1 11;
94 <<B1>> -12750 4750 320 1050 1000;
5 16 R 2 11;
94 <<R2>> -6500 4750 320 1275 1000;
5 16 L 5 11;
94 <<L5>> -27250 -5250 320 1275 1000;
5 16 L 6 11;
94 <<L6>> -21250 -5250 320 1275 1000;
5 16 L 7 11;
94 <<L7>> -11250 -5250 320 1275 1000;
5 16 L 8 11;
94 <<L8>> -5250 -5250 320 1275 1000;
L MODL;
5 16 B 0 1;
94 <<jjmit>> -25250 5750 256 2550 1000;
5 16 B 1 1;
94 <<jjmit>> -9250 5750 256 2550 1000;
L VALU;
5 16 I 0 2;
94 <<pwl(0 0 5p 230u)>> -24750 25750 33024 8775 1000;
5 16 I 1 2;
94 <<pwl(0 0 5p 82u)>> -8750 25750 33024 8175 1000;
5 16 L 0 2;
94 <<0.2p>> -25250 15750 33024 2100 1000;
5 16 L 1 2;
94 <<1.3p>> -9250 15750 33024 1875 1000;
5 16 L 2 2;
94 <<2.5p>> -27250 5750 33088 2100 1000;
5 16 R 1 2;
94 <<4.85>> -19750 5750 33024 2100 1000;
5 16 L 3 2;
94 <<3.3p>> -11250 5750 33088 2100 1000;
5 16 R 2 2;
94 <<6.3>> -3750 5750 33024 1500 1000;
5 16 L 4 2;
94 <<0.35p>> 4750 5750 33088 2700 1000;
5 16 R 0 2;
94 <<1.36>> 14750 4500 33088 1875 1000;
5 16 L 5 2;
94 <<0.05p>> -25250 -4250 33024 2700 1000;
5 16 L 6 2;
94 <<1p>> -19250 -4250 33024 1050 1000;
5 16 L 7 2;
94 <<0.12p>> -9250 -4250 33024 2475 1000;
5 16 L 8 2;
94 <<1p>> -3250 -4250 33024 1050 1000;
L PARM;
5 16 B 0 3;
94 <<area=2>> -25250 -3750 32768 3600 1000;
5 16 B 1 3;
94 <<area=1.62>> -9250 -3750 32768 4800 1000;
DF;
E
* Generated by Xic from cell LSmitll_ptltx_v1p5p1
.tran 0.5p 200p 0 0.25p UIC
B0 3 8 12 jjmit area=2
B1 4 10 13 jjmit area=1.62
I0 0 5 pwl(0 0 5p 230u)
I1 0 6 pwl(0 0 5p 82u)
L0 5 3 0.2p
L1 6 4 1.3p
L2 A 3 2.5p
L3 3 4 3.3p
L4 4 7 0.35p
L5 8 0 0.05p
L6 9 0 1p
L7 10 0 0.12p
L8 11 0 1p
R0 7 Q 1.36
R1 3 9 4.85
R2 4 11 6.3
.model jjmit jj(rtype=1, vg=2.8mV, cap=0.07pF, r0=160, rn=16, icrit=0.1mA)

*MIT-LL model
.save @I0[c]
.save @I1[c]
