(Symbol LSmitll_Always0T_sync_v2p1);
($Id:$);
(PHYSICAL);
(RESOLUTION 1000);
9 LSmitll_Always0T_sync_v2p1;
DS 0 1 1;
DF;
E
(ELECTRICAL);
(RESOLUTION 1000);
5 10 1 0 -22000:-5000 7000:7000 0x0 A;
5 10 2 1 -5000 7000 0x0 CLK;
5 10 3 2 23000 7000 0x0 Q;
5 11 X 0 subckt;
9 LSmitll_Always0T_sync_v2p1;
DS 0 1 1;
(SymbolCall gnd);
5 10 0 0 -12000 -3000;
1 Bound -13000 -5600 -11000 -3000;
9 gnd;
C 0 T -13000 -4000;
(SymbolCall gnd);
5 10 0 0 5000 -3000;
1 Bound 4000 -5600 6000 -3000;
9 gnd;
C 0 T 4000 -4000;
(SymbolCall gnd);
5 10 0 0 13000 -3000;
1 Bound 12000 -5600 14000 -3000;
9 gnd;
C 0 T 12000 -4000;
(SymbolCall ind);
5 10 4 1 -12000 7000 L1-;
5 10 1 0 -22000 7000 L1+;
5 2 L1;
5 11 L.L1 0;
5 15 -21000 8000 1 0;
1 Bound -22000 7000 -12000 8500;
( Rotate 90 );
9 ind;
C 0 R 0 1 T -12000 6000;
(SymbolCall ind);
5 2 L2;
5 11 L.L2 1;
5 10 2 0 -5000 7000 L2+;
5 10 5 1 5000 7000 L2-;
5 15 -4000 8000 1 0;
1 Bound -5000 7000 5000 8500;
( Rotate 90 );
9 ind;
C 0 R 0 1 T 5000 6000;
(SymbolCall ind);
5 2 L3;
5 11 L.L3 2;
5 10 3 1 23000 7000 L3-;
5 10 6 0 13000 7000 L3+;
5 15 14000 8000 1 0;
1 Bound 13000 7000 23000 8500;
( Rotate 90 );
9 ind;
C 0 R 0 1 T 23000 6000;
(SymbolCall res);
5 10 0 1 -12000 -3000 R1-;
5 10 4 0 -12000 7000 R1+;
5 2 R1;
5 11 R.R1 0;
5 15 -13000 6000 0 -1 "<v>/<value>O";
1 Bound -13250 -3000 -11000 7000;
9 res;
C 0 T -12000 7000;
(SymbolCall res);
5 2 R2;
5 11 R.R2 1;
5 10 5 0 5000 7000 R2+;
5 10 0 1 5000 -3000 R2-;
5 15 4000 6000 0 -1 "<v>/<value>O";
1 Bound 3750 -3000 6000 7000;
9 res;
C 0 T 5000 7000;
(SymbolCall res);
5 2 R3;
5 11 R.R3 2;
5 10 0 1 13000 -3000 R3-;
5 10 6 0 13000 7000 R3+;
5 15 12000 6000 0 -1 "<v>/<value>O";
1 Bound 11750 -3000 14000 7000;
9 res;
C 0 T 13000 7000;
L NAME;
5 16 L 0 11;
94 <<L1>> -21750 8750 0 1050 1000;
5 16 L 1 11;
94 <<L2>> -4750 8750 0 1275 1000;
5 16 L 2 11;
94 <<L3>> 13250 8750 0 1275 1000;
5 16 R 0 11;
94 <<R1>> -13500 5750 320 1050 1000;
5 16 R 1 11;
94 <<R2>> 3500 5750 320 1275 1000;
5 16 R 2 11;
94 <<R3>> 11500 5750 320 1275 1000;
L VALU;
5 16 L 0 2;
94 <<L1>> -12250 6750 33088 1050 1000;
5 16 R 0 2;
94 <<R1>> -10750 6750 33024 1050 1000;
5 16 L 1 2;
94 <<L2>> 4750 6750 33088 1275 1000;
5 16 R 1 2;
94 <<R2>> 6250 6750 33024 1275 1000;
5 16 R 2 2;
94 <<R3>> 14250 6750 33024 1275 1000;
5 16 L 2 2;
94 <<L3>> 22750 6750 33088 1275 1000;
DF;
E
* Generated by Xic from cell LSmitll_Always0T_sync_v2p1
L1 A 4 L1
L2 CLK 5 L2
L3 6 Q L3
R1 4 0 R1
R2 5 0 R2
R3 6 0 R3
