(Symbol LSmitll_clksplt_v1p5p1);
($Id:$);
(PHYSICAL);
(RESOLUTION 1000);
9 LSmitll_clksplt_v1p5p1;
DS 0 1 1;
DF;
E
(ELECTRICAL);
(RESOLUTION 1000);
5 7101 tran 0.5p 1000p 0 0.25p UIC;
5 10 1 0 -35000 10000 0x0 A;
5 10 2 1 35000 29000 0x0 Q0;
5 10 3 2 35000 -2000 0x0 Q1;
5 11 X 0 subckt;
9 LSmitll_clksplt_v1p5p1;
DS 0 1 1;
(SymbolCall gnd);
5 10 0 0 -3000 30000;
1 Bound -3000 29000 -400 31000;
( Rotate 90 );
9 gnd;
C 0 R 0 1 T -2000 29000;
(SymbolCall gnd);
5 10 0 0 19000 9000;
1 Bound 18000 6400 20000 9000;
9 gnd;
C 0 T 18000 8000;
(SymbolCall gnd);
5 10 0 0 25000 9000;
1 Bound 24000 6400 26000 9000;
9 gnd;
C 0 T 24000 8000;
(SymbolCall gnd);
5 10 0 0 -19000 -10000;
1 Bound -20000 -12600 -18000 -10000;
9 gnd;
C 0 T -20000 -11000;
(SymbolCall gnd);
5 10 0 0 -13000 -10000;
1 Bound -14000 -12600 -12000 -10000;
9 gnd;
C 0 T -14000 -11000;
(SymbolCall gnd);
5 10 0 0 19000 -22000;
1 Bound 18000 -24600 20000 -22000;
9 gnd;
C 0 T 18000 -23000;
(SymbolCall gnd);
5 10 0 0 25000 -22000;
1 Bound 24000 -24600 26000 -22000;
9 gnd;
C 0 T 24000 -23000;
(SymbolCall ind);
5 11 L.L4 0;
5 10 5 1 19000 29000 L4-;
5 10 4 0 9000 29000 L4+;
5 15 10000 30000 1 0;
5 2 1.9p;
1 Bound 9000 29000 19000 30500;
( Rotate 90 );
9 ind;
C 0 R 0 1 T 19000 28000;
(SymbolCall ind);
5 11 L.L5 1;
5 10 2 1 35000 29000 L5-;
5 10 5 0 25000 29000 L5+;
5 15 26000 30000 1 0;
5 2 2p;
1 Bound 25000 29000 35000 30500;
( Rotate 90 );
9 ind;
C 0 R 0 1 T 35000 28000;
(SymbolCall ind);
5 11 L.LB1 2;
5 10 11 1 -3000 10000 LB1-;
5 10 8 0 -3000 20000 LB1+;
5 15 -2000 19000 0 -1;
5 2 0.2p;
1 Bound -3000 10000 -1500 20000;
9 ind;
C 0 T -4000 10000;
(SymbolCall ind);
5 11 L.LP2 3;
5 10 0 1 19000 9000 LP2-;
5 10 9 0 19000 19000 LP2+;
5 15 20000 18000 0 -1;
5 2 0.2p;
1 Bound 19000 9000 20500 19000;
9 ind;
C 0 T 18000 9000;
(SymbolCall ind);
5 11 L.LRB2 4;
5 10 0 1 25000 9000 LRB2-;
5 10 10 0 25000 19000 LRB2+;
5 15 26000 18000 0 -1;
5 2 1p;
1 Bound 25000 9000 26500 19000;
9 ind;
C 0 T 24000 9000;
(SymbolCall ind);
5 11 L.L1 5;
5 10 6 1 -19000 10000 L1-;
5 10 1 0 -29000 10000 L1+;
5 15 -28000 11000 1 0;
5 2 1.4p;
1 Bound -29000 10000 -19000 11500;
( Rotate 90 );
9 ind;
C 0 R 0 1 T -19000 9000;
(SymbolCall ind);
5 11 L.L2 6;
5 10 11 1 -3000 10000 L2-;
5 10 6 0 -13000 10000 L2+;
5 15 -12000 11000 1 0;
5 2 2p;
1 Bound -13000 10000 -3000 11500;
( Rotate 90 );
9 ind;
C 0 R 0 1 T -3000 9000;
(SymbolCall ind);
5 11 L.L3 7;
5 10 4 1 7000 10000 L3-;
5 10 11 0 -3000 10000 L3+;
5 15 -2000 11000 1 0;
5 2 0.4p;
1 Bound -3000 10000 7000 11500;
( Rotate 90 );
9 ind;
C 0 R 0 1 T 7000 9000;
(SymbolCall ind);
5 11 L.LP1 8;
5 10 0 1 -19000 -10000 LP1-;
5 10 12 0 -19000 0 LP1+;
5 15 -18000 -1000 0 -1;
5 2 0.2p;
1 Bound -19000 -10000 -17500 0;
9 ind;
C 0 T -20000 -10000;
(SymbolCall ind);
5 11 L.LRB1 9;
5 10 0 1 -13000 -10000 LRB1-;
5 10 13 0 -13000 0 LRB1+;
5 15 -12000 -1000 0 -1;
5 2 1p;
1 Bound -13000 -10000 -11500 0;
9 ind;
C 0 T -14000 -10000;
(SymbolCall ind);
5 11 L.L6 10;
5 10 7 1 19000 -2000 L6-;
5 10 4 0 9000 -2000 L6+;
5 15 10000 -1000 1 0;
5 2 1.9p;
1 Bound 9000 -2000 19000 -500;
( Rotate 90 );
9 ind;
C 0 R 0 1 T 19000 -3000;
(SymbolCall ind);
5 11 L.L7 11;
5 10 3 1 35000 -2000 L7-;
5 10 7 0 25000 -2000 L7+;
5 15 26000 -1000 1 0;
5 2 2p;
1 Bound 25000 -2000 35000 -500;
( Rotate 90 );
9 ind;
C 0 R 0 1 T 35000 -3000;
(SymbolCall ind);
5 11 L.LP3 12;
5 10 0 1 19000 -22000 LP3-;
5 10 14 0 19000 -12000 LP3+;
5 15 20000 -13000 0 -1;
5 2 0.2p;
1 Bound 19000 -22000 20500 -12000;
9 ind;
C 0 T 18000 -22000;
(SymbolCall ind);
5 11 L.LRB3 13;
5 10 0 1 25000 -22000 LRB3-;
5 10 15 0 25000 -12000 LRB3+;
5 15 26000 -13000 0 -1;
5 2 1p;
1 Bound 25000 -22000 26500 -12000;
9 ind;
C 0 T 24000 -22000;
(SymbolCall isrc);
5 11 I.IB1 0;
5 2 pwl(0 0 5p 380u);
5 10 8 1 -3000 20000 IB1_1;
5 10 0 0 -3000 30000 IB1_0;
5 15 -3000 24000 0 -1 @<name>[c];
5 5 nophys;
1 Bound -5000 20000 -1000 30000;
9 isrc;
C 0 T -5000 20000;
(SymbolCall jj);
5 11 B.B2 0;
5 3 area=1.5;
5 10 16 2 18000 27000 B2_2;
5 10 9 1 19000 19000 B2-;
5 10 5 0 19000 29000 B2+;
5 1 jjmit;
1 Bound 17500 19000 20500 29000;
9 jj;
C 0 T 18000 19000;
(SymbolCall jj);
5 11 B.B1 1;
5 10 17 2 -20000 8000 B1_2;
5 10 12 1 -19000 0 B1-;
5 10 6 0 -19000 10000 B1+;
5 3 area=3.25;
5 1 jjmit;
1 Bound -20500 0 -17500 10000;
9 jj;
C 0 T -20000 0;
(SymbolCall jj);
5 11 B.B3 2;
5 3 area=1.5;
5 10 18 2 18000 -4000 B3_2;
5 10 14 1 19000 -12000 B3-;
5 10 7 0 19000 -2000 B3+;
5 1 jjmit;
1 Bound 17500 -12000 20500 -2000;
9 jj;
C 0 T 18000 -12000;
(SymbolCall res);
5 11 R.RB2 0;
5 2 4.57;
5 10 10 1 25000 19000 RB2-;
5 10 5 0 25000 29000 RB2+;
5 15 24000 28000 0 -1 "<v>/<value>O";
1 Bound 23750 19000 26000 29000;
9 res;
C 0 T 25000 29000;
(SymbolCall res);
5 11 R.RB1 1;
5 2 2.11;
5 10 13 1 -13000 0 RB1-;
5 10 6 0 -13000 10000 RB1+;
5 15 -14000 9000 0 -1 "<v>/<value>O";
1 Bound -14250 0 -12000 10000;
9 res;
C 0 T -13000 10000;
(SymbolCall res);
5 11 R.RB3 2;
5 2 4.57;
5 10 15 1 25000 -12000 RB3-;
5 10 7 0 25000 -2000 RB3+;
5 15 24000 -3000 0 -1 "<v>/<value>O";
1 Bound 23750 -12000 26000 -2000;
9 res;
C 0 T 25000 -2000;
L SCED;
5 10 4;
W2 0 9000 29000 9000 10000 7000 10000;
5 10 5;
W2 0 19000 29000 25000 29000;
5 10 1;
W2 0 -35000 10000 -29000 10000 -28000 10000;
5 10 6;
W2 0 -19000 10000 -13000 10000;
5 10 4;
W2 0 9000 10000 9000 -2000;
5 10 7;
W2 0 19000 -2000 25000 -2000;
L NAME;
5 16 L 0 11;
94 <<L4>> 9250 30750 0 1275 1000;
5 16 L 1 11;
94 <<L5>> 25250 30750 0 1275 1000;
5 16 I 0 11;
94 <<IB1>> -5250 28750 320 1350 1000;
5 16 B 0 11;
94 <<B2>> 17250 27750 320 1275 1000;
5 16 R 0 11;
94 <<RB2>> 23500 27750 320 1875 1000;
5 16 L 2 11;
94 <<LB1>> -3250 18750 320 1650 1000;
5 16 L 3 11;
94 <<LP2>> 18750 17750 320 1875 1000;
5 16 L 4 11;
94 <<LRB2>> 24750 17750 320 2475 1000;
5 16 L 5 11;
94 <<L1>> -28750 11750 0 1050 1000;
5 16 L 6 11;
94 <<L2>> -12750 11750 0 1275 1000;
5 16 L 7 11;
94 <<L3>> -2750 11750 0 1275 1000;
5 16 B 1 11;
94 <<B1>> -20750 8750 320 1050 1000;
5 16 R 1 11;
94 <<RB1>> -14500 8750 320 1650 1000;
5 16 L 10 11;
94 <<L6>> 9250 -250 0 1275 1000;
5 16 L 11 11;
94 <<L7>> 25250 -250 0 1275 1000;
5 16 L 8 11;
94 <<LP1>> -19250 -1250 320 1650 1000;
5 16 L 9 11;
94 <<LRB1>> -13250 -1250 320 2250 1000;
5 16 B 2 11;
94 <<B3>> 17250 -3250 320 1275 1000;
5 16 R 2 11;
94 <<RB3>> 23500 -3250 320 1875 1000;
5 16 L 12 11;
94 <<LP3>> 18750 -13250 320 1875 1000;
5 16 L 13 11;
94 <<LRB3>> 24750 -13250 320 2475 1000;
L MODL;
5 16 B 0 1;
94 <<jjmit>> 20750 28750 256 2550 1000;
5 16 B 1 1;
94 <<jjmit>> -17250 9750 256 2550 1000;
5 16 B 2 1;
94 <<jjmit>> 20750 -2250 256 2550 1000;
L VALU;
5 16 I 0 2;
94 <<pwl(0 0 5p 380u)>> -750 29750 33024 8775 1000;
5 16 L 0 2;
94 <<1.9p>> 18750 28750 33088 1875 1000;
5 16 R 0 2;
94 <<4.57>> 26250 28750 33024 2100 1000;
5 16 L 1 2;
94 <<2p>> 34750 28750 33088 1275 1000;
5 16 L 2 2;
94 <<0.2p>> -1250 19750 33024 2100 1000;
5 16 L 3 2;
94 <<0.2p>> 20750 18750 33024 2100 1000;
5 16 L 4 2;
94 <<1p>> 26750 18750 33024 1050 1000;
5 16 L 5 2;
94 <<1.4p>> -19250 9750 33088 1875 1000;
5 16 R 1 2;
94 <<2.11>> -11750 9750 33024 1650 1000;
5 16 L 6 2;
94 <<2p>> -3250 9750 33088 1275 1000;
5 16 L 7 2;
94 <<0.4p>> 6750 9750 33088 2100 1000;
5 16 L 8 2;
94 <<0.2p>> -17250 -250 33024 2100 1000;
5 16 L 9 2;
94 <<1p>> -11250 -250 33024 1050 1000;
5 16 L 10 2;
94 <<1.9p>> 18750 -2250 33088 1875 1000;
5 16 R 2 2;
94 <<4.57>> 26250 -2250 33024 2100 1000;
5 16 L 11 2;
94 <<2p>> 34750 -2250 33088 1275 1000;
5 16 L 12 2;
94 <<0.2p>> 20750 -12250 33024 2100 1000;
5 16 L 13 2;
94 <<1p>> 26750 -12250 33024 1050 1000;
L PARM;
5 16 B 0 3;
94 <<area=1.5>> 20750 19250 32768 4200 1000;
5 16 B 1 3;
94 <<area=3.25>> -17250 250 32768 5025 1000;
5 16 B 2 3;
94 <<area=1.5>> 20750 -11750 32768 4200 1000;
DF;
E
* Generated by Xic from cell LSmitll_clksplt_v1p5p1
.tran 0.5p 1000p 0 0.25p UIC
B1 6 12 17 jjmit area=3.25
B2 5 9 16 jjmit area=1.5
B3 7 14 18 jjmit area=1.5
IB1 0 8 pwl(0 0 5p 380u)
L1 A 6 1.4p
L2 6 11 2p
L3 11 4 0.4p
L4 4 5 1.9p
L5 5 Q0 2p
L6 4 7 1.9p
L7 7 Q1 2p
LB1 8 11 0.2p
LP1 12 0 0.2p
LP2 9 0 0.2p
LP3 14 0 0.2p
LRB1 13 0 1p
LRB2 10 0 1p
LRB3 15 0 1p
RB1 6 13 2.11
RB2 5 10 4.57
RB3 7 15 4.57
.model jjmit jj(rtype=1, vg=2.8mV, cap=0.07pF, r0=160, rn=16, icrit=0.1mA)

*MIT-LL model
.save @IB1[c]
