(Symbol LSmitll_ptlrx_v1p5p1);
($Id:$);
(PHYSICAL);
(RESOLUTION 1000);
9 LSmitll_ptlrx_v1p5p1;
DS 0 1 1;
DF;
E
(ELECTRICAL);
(RESOLUTION 1000);
5 7101 tran 0.5p 200p 0 0.25p UIC;
5 10 2 1 -15000:-7000 5000:5000 0x0 Q;
5 10 1 0 -83000 5000 0x0 A;
5 11 X 0 subckt;
9 LSmitll_ptlrx_v1p5p1;
DS 0 1 1;
(SymbolCall gnd);
5 10 0 0 -57000 25000;
1 Bound -57000 24000 -54400 26000;
( Rotate 90 );
9 gnd;
C 0 R 0 1 T -56000 24000;
(SymbolCall gnd);
5 10 0 0 -73000 -15000;
1 Bound -74000 -17600 -72000 -15000;
9 gnd;
C 0 T -74000 -16000;
(SymbolCall gnd);
5 10 0 0 -67000 -15000;
1 Bound -68000 -17600 -66000 -15000;
9 gnd;
C 0 T -68000 -16000;
(SymbolCall gnd);
5 10 0 0 -47000 -15000;
1 Bound -48000 -17600 -46000 -15000;
9 gnd;
C 0 T -48000 -16000;
(SymbolCall gnd);
5 10 0 0 -41000 -15000;
1 Bound -42000 -17600 -40000 -15000;
9 gnd;
C 0 T -42000 -16000;
(SymbolCall gnd);
5 10 0 0 -31000 -15000;
1 Bound -32000 -17600 -30000 -15000;
9 gnd;
C 0 T -32000 -16000;
(SymbolCall gnd);
5 10 0 0 -25000 -15000;
1 Bound -26000 -17600 -24000 -15000;
9 gnd;
C 0 T -26000 -16000;
(SymbolCall ind);
5 10 7 1 -57000 5000 L0-;
5 10 6 0 -57000 15000 L0+;
5 15 -56000 14000 0 -1;
5 11 L 0;
5 2 0.2p;
1 Bound -57000 5000 -55500 15000;
9 ind;
C 0 T -58000 5000;
(SymbolCall ind);
5 10 3 1 -73000 5000 L1-;
5 10 1 0 -83000 5000 L1+;
5 15 -82000 6000 1 0;
5 2 0.2p;
5 11 L 1;
1 Bound -83000 5000 -73000 6500;
( Rotate 90 );
9 ind;
C 0 R 0 1 T -73000 4000;
(SymbolCall ind);
5 10 7 1 -57000 5000 L2-;
5 10 3 0 -67000 5000 L2+;
5 15 -66000 6000 1 0;
5 11 L 2;
5 2 4.3p;
1 Bound -67000 5000 -57000 6500;
( Rotate 90 );
9 ind;
C 0 R 0 1 T -57000 4000;
(SymbolCall ind);
5 10 4 1 -47000 5000 L3-;
5 10 7 0 -57000 5000 L3+;
5 15 -56000 6000 1 0;
5 11 L 3;
5 2 4.6p;
1 Bound -57000 5000 -47000 6500;
( Rotate 90 );
9 ind;
C 0 R 0 1 T -47000 4000;
(SymbolCall ind);
5 10 5 1 -31000 5000 L4-;
5 10 4 0 -41000 5000 L4+;
5 15 -40000 6000 1 0;
5 11 L 4;
5 2 5p;
1 Bound -41000 5000 -31000 6500;
( Rotate 90 );
9 ind;
C 0 R 0 1 T -31000 4000;
(SymbolCall ind);
5 10 2 1 -15000 5000 L5-;
5 10 5 0 -25000 5000 L5+;
5 15 -24000 6000 1 0;
5 11 L 5;
5 2 2.3p;
1 Bound -25000 5000 -15000 6500;
( Rotate 90 );
9 ind;
C 0 R 0 1 T -15000 4000;
(SymbolCall ind);
5 10 0 1 -73000 -15000 L6-;
5 10 8 0 -73000 -5000 L6+;
5 15 -72000 -6000 0 -1;
5 2 0.34p;
5 11 L 6;
1 Bound -73000 -15000 -71500 -5000;
9 ind;
C 0 T -74000 -15000;
(SymbolCall ind);
5 10 0 1 -67000 -15000 L7-;
5 10 9 0 -67000 -5000 L7+;
5 15 -66000 -6000 0 -1;
5 11 L 7;
5 2 0.5p;
1 Bound -67000 -15000 -65500 -5000;
9 ind;
C 0 T -68000 -15000;
(SymbolCall ind);
5 10 0 1 -47000 -15000 L8-;
5 10 10 0 -47000 -5000 L8+;
5 15 -46000 -6000 0 -1;
5 11 L 8;
5 2 0.06p;
1 Bound -47000 -15000 -45500 -5000;
9 ind;
C 0 T -48000 -15000;
(SymbolCall ind);
5 10 0 1 -41000 -15000 L9-;
5 10 11 0 -41000 -5000 L9+;
5 15 -40000 -6000 0 -1;
5 11 L 9;
5 2 1p;
1 Bound -41000 -15000 -39500 -5000;
9 ind;
C 0 T -42000 -15000;
(SymbolCall ind);
5 10 0 1 -31000 -15000 L10-;
5 10 12 0 -31000 -5000 L10+;
5 15 -30000 -6000 0 -1;
5 11 L 10;
5 2 0.03p;
1 Bound -31000 -15000 -29500 -5000;
9 ind;
C 0 T -32000 -15000;
(SymbolCall ind);
5 10 0 1 -25000 -15000 L11-;
5 10 13 0 -25000 -5000 L11+;
5 15 -24000 -6000 0 -1;
5 11 L 11;
5 2 1p;
1 Bound -25000 -15000 -23500 -5000;
9 ind;
C 0 T -26000 -15000;
(SymbolCall isrc);
5 10 6 1 -57000 15000 I0_1;
5 10 0 0 -57000 25000 I0_0;
5 15 -57000 19000 0 -1 @<name>[c];
5 2 pwl(0 0 5p 155u);
5 11 I 0;
5 5 nophys;
1 Bound -59000 15000 -55000 25000;
9 isrc;
C 0 T -59000 15000;
(SymbolCall jj);
5 10 14 2 -74000 3000 B0_2;
5 10 8 1 -73000 -5000 B0-;
5 10 3 0 -73000 5000 B0+;
5 1 jjmit;
5 3 area=1;
5 11 B 0;
1 Bound -74500 -5000 -71500 5000;
9 jj;
C 0 T -74000 -5000;
(SymbolCall jj);
5 10 15 2 -48000 3000 B1_2;
5 10 10 1 -47000 -5000 B1-;
5 10 4 0 -47000 5000 B1+;
5 11 B 1;
5 3 area=1;
5 1 jjmit;
1 Bound -48500 -5000 -45500 5000;
9 jj;
C 0 T -48000 -5000;
(SymbolCall jj);
5 10 16 2 -32000 3000 B2_2;
5 10 12 1 -31000 -5000 B2-;
5 10 5 0 -31000 5000 B2+;
5 11 B 2;
5 3 area=1;
5 1 jjmit;
1 Bound -32500 -5000 -29500 5000;
9 jj;
C 0 T -32000 -5000;
(SymbolCall res);
5 10 9 1 -67000 -5000 R0-;
5 10 3 0 -67000 5000 R0+;
5 15 -68000 4000 0 -1 "<v>/<value>O";
5 11 R 0;
5 2 6.859904418;
1 Bound -68250 -5000 -66000 5000;
9 res;
C 0 T -67000 5000;
(SymbolCall res);
5 10 11 1 -41000 -5000 R1-;
5 10 4 0 -41000 5000 R1+;
5 15 -42000 4000 0 -1 "<v>/<value>O";
5 11 R 1;
5 2 6.859904418;
1 Bound -42250 -5000 -40000 5000;
9 res;
C 0 T -41000 5000;
(SymbolCall res);
5 10 13 1 -25000 -5000 R2-;
5 10 5 0 -25000 5000 R2+;
5 15 -26000 4000 0 -1 "<v>/<value>O";
5 11 R 2;
5 2 6.859904418;
1 Bound -26250 -5000 -24000 5000;
9 res;
C 0 T -25000 5000;
L SCED;
5 10 3;
W2 0 -73000 5000 -67000 5000;
5 10 4;
W2 0 -47000 5000 -41000 5000;
5 10 5;
W2 0 -31000 5000 -25000 5000;
L NAME;
5 16 I 0 11;
94 <<I0>> -59250 23750 320 975 1000;
5 16 L 0 11;
94 <<L0>> -57250 13750 320 1275 1000;
5 16 L 1 11;
94 <<L1>> -82750 6750 0 1050 1000;
5 16 L 2 11;
94 <<L2>> -66750 6750 0 1275 1000;
5 16 L 3 11;
94 <<L3>> -56750 6750 0 1275 1000;
5 16 L 4 11;
94 <<L4>> -40750 6750 0 1275 1000;
5 16 L 5 11;
94 <<L5>> -24750 6750 0 1275 1000;
5 16 B 0 11;
94 <<B0>> -74750 3750 320 1275 1000;
5 16 R 0 11;
94 <<R0>> -68500 3750 320 1275 1000;
5 16 B 1 11;
94 <<B1>> -48750 3750 320 1050 1000;
5 16 R 1 11;
94 <<R1>> -42500 3750 320 1050 1000;
5 16 B 2 11;
94 <<B2>> -32750 3750 320 1275 1000;
5 16 R 2 11;
94 <<R2>> -26500 3750 320 1275 1000;
5 16 L 6 11;
94 <<L6>> -73250 -6250 320 1275 1000;
5 16 L 7 11;
94 <<L7>> -67250 -6250 320 1275 1000;
5 16 L 8 11;
94 <<L8>> -47250 -6250 320 1275 1000;
5 16 L 9 11;
94 <<L9>> -41250 -6250 320 1275 1000;
5 16 L 10 11;
94 <<L10>> -31250 -6250 320 1650 1000;
5 16 L 11 11;
94 <<L11>> -25250 -6250 320 1425 1000;
L MODL;
5 16 B 0 1;
94 <<jjmit>> -71250 4750 256 2550 1000;
5 16 B 1 1;
94 <<jjmit>> -45250 4750 256 2550 1000;
5 16 B 2 1;
94 <<jjmit>> -29250 4750 256 2550 1000;
L VALU;
5 16 I 0 2;
94 <<pwl(0 0 5p 155u)>> -54750 24750 33024 8550 1000;
5 16 L 0 2;
94 <<0.2p>> -55250 14750 33024 2100 1000;
5 16 L 1 2;
94 <<0.2p>> -73250 4750 33088 2100 1000;
5 16 R 0 2;
94 <<6.859904418>> -65750 4750 33024 6075 1000;
5 16 L 2 2;
94 <<4.3p>> -57250 4750 33088 2100 1000;
5 16 L 3 2;
94 <<4.6p>> -47250 4750 33088 2100 1000;
5 16 R 1 2;
94 <<6.859904418>> -39750 4750 33024 6075 1000;
5 16 L 4 2;
94 <<5p>> -31250 4750 33088 1275 1000;
5 16 R 2 2;
94 <<6.859904418>> -23750 4750 33024 6075 1000;
5 16 L 5 2;
94 <<2.3p>> -15250 4750 33088 2100 1000;
5 16 L 6 2;
94 <<0.34p>> -71250 -5250 33024 2700 1000;
5 16 L 7 2;
94 <<0.5p>> -65250 -5250 33024 2100 1000;
5 16 L 8 2;
94 <<0.06p>> -45250 -5250 33024 2700 1000;
5 16 L 9 2;
94 <<1p>> -39250 -5250 33024 1050 1000;
5 16 L 10 2;
94 <<0.03p>> -29250 -5250 33024 2700 1000;
5 16 L 11 2;
94 <<1p>> -23250 -5250 33024 1050 1000;
L PARM;
5 16 B 0 3;
94 <<area=1>> -71250 -4750 32768 3375 1000;
5 16 B 1 3;
94 <<area=1>> -45250 -4750 32768 3375 1000;
5 16 B 2 3;
94 <<area=1>> -29250 -4750 32768 3375 1000;
DF;
E
