(Symbol LSmitll_SPLITT_v1p5p1);
($Id:$);
(PHYSICAL);
(RESOLUTION 1000);
9 LSmitll_SPLITT_v1p5p1;
DS 0 1 1;
DF;
E
(ELECTRICAL);
(RESOLUTION 1000);
5 7101 tran 0.5p 200p 0 0.25p UIC;
5 10 1 0 -19000 9000 0x0 A;
5 10 2 1 100000 36000 0x0 Q0;
5 10 3 2 93000 -11000 0x0 Q1;
5 11 X 0 subckt;
9 LSmitll_SPLITT_v1p5p1;
DS 0 1 1;
(SymbolCall gnd);
5 10 0 0 81000 48000;
1 Bound 81000 47000 83600 49000;
( Rotate 90 );
9 gnd;
C 0 R 0 1 T 82000 47000;
(SymbolCall gnd);
5 10 0 0 12000 20000;
1 Bound 12000 19000 14600 21000;
( Rotate 90 );
9 gnd;
C 0 R 0 1 T 13000 19000;
(SymbolCall gnd);
5 10 0 0 81000 16000;
1 Bound 80000 13400 82000 16000;
9 gnd;
C 0 T 80000 15000;
(SymbolCall gnd);
5 10 0 0 90000 16000;
1 Bound 89000 13400 91000 16000;
9 gnd;
C 0 T 89000 15000;
(SymbolCall gnd);
5 10 0 0 74000 -1000;
1 Bound 74000 -2000 76600 0;
( Rotate 90 );
9 gnd;
C 0 R 0 1 T 75000 -2000;
(SymbolCall gnd);
5 10 0 0 -9000 -11000;
1 Bound -10000 -13600 -8000 -11000;
9 gnd;
C 0 T -10000 -12000;
(SymbolCall gnd);
5 10 0 0 0 -11000;
1 Bound -1000 -13600 1000 -11000;
9 gnd;
C 0 T -1000 -12000;
(SymbolCall gnd);
5 10 0 0 26000 -11000;
1 Bound 25000 -13600 27000 -11000;
9 gnd;
C 0 T 25000 -12000;
(SymbolCall gnd);
5 10 0 0 35000 -11000;
1 Bound 34000 -13600 36000 -11000;
9 gnd;
C 0 T 34000 -12000;
(SymbolCall gnd);
5 10 0 0 74000 -31000;
1 Bound 73000 -33600 75000 -31000;
9 gnd;
C 0 T 73000 -32000;
(SymbolCall gnd);
5 10 0 0 83000 -31000;
1 Bound 82000 -33600 84000 -31000;
9 gnd;
C 0 T 82000 -32000;
(SymbolCall ind);
5 11 L.L5 0;
5 2 2.72p;
5 15 72000 37000 1 0;
5 10 4 1 81000 36000 L5-;
5 10 5 0 71000 36000 L5+;
1 Bound 71000 36000 81000 37500;
( Rotate 90 );
9 ind;
C 0 R 0 1 T 81000 35000;
(SymbolCall ind);
5 2 2p;
5 11 L.L6 1;
5 15 91000 37000 1 0;
5 10 2 1 100000 36000 L6-;
5 10 4 0 90000 36000 L6+;
1 Bound 90000 36000 100000 37500;
( Rotate 90 );
9 ind;
C 0 R 0 1 T 100000 35000;
(SymbolCall ind);
5 11 L.LP3 2;
5 2 0.2p;
5 15 82000 25000 0 -1;
5 10 0 1 81000 16000 LP3-;
5 10 10 0 81000 26000 LP3+;
1 Bound 81000 16000 82500 26000;
9 ind;
C 0 T 80000 16000;
(SymbolCall ind);
5 11 L.LRB3 3;
5 2 1p;
5 15 91000 25000 0 -1;
5 10 0 1 90000 16000 LRB3-;
5 10 11 0 90000 26000 LRB3+;
1 Bound 90000 16000 91500 26000;
9 ind;
C 0 T 89000 16000;
(SymbolCall ind);
5 10 1 0 -19000 9000 L1+;
5 10 7 1 -9000 9000 L1-;
5 11 L.L1 4;
5 2 2p;
5 15 -18000 10000 1 0;
1 Bound -19000 9000 -9000 10500;
( Rotate 90 );
9 ind;
C 0 R 0 1 T -9000 8000;
(SymbolCall ind);
5 10 7 0 0 9000 L2+;
5 10 6 1 10000 9000 L2-;
5 11 L.L2 5;
5 2 3.23p;
5 15 1000 10000 1 0;
1 Bound 0 9000 10000 10500;
( Rotate 90 );
9 ind;
C 0 R 0 1 T 10000 8000;
(SymbolCall ind);
5 2 3.23p;
5 11 L.L3 6;
5 15 16000 10000 1 0;
5 10 8 1 25000 9000 L3-;
5 10 6 0 15000 9000 L3+;
1 Bound 15000 9000 25000 10500;
( Rotate 90 );
9 ind;
C 0 R 0 1 T 25000 8000;
(SymbolCall ind);
5 2 2.72p;
5 11 L.L4 7;
5 15 36000 10000 1 0;
5 10 5 1 45000 9000 L4-;
5 10 8 0 35000 9000 L4+;
1 Bound 35000 9000 45000 10500;
( Rotate 90 );
9 ind;
C 0 R 0 1 T 45000 8000;
(SymbolCall ind);
5 2 0.2p;
5 11 L.LP1 8;
5 15 -8000 -2000 0 -1;
5 10 0 1 -9000 -11000 LP1-;
5 10 12 0 -9000 -1000 LP1+;
1 Bound -9000 -11000 -7500 -1000;
9 ind;
C 0 T -10000 -11000;
(SymbolCall ind);
5 2 1p;
5 11 L.LRB1 9;
5 15 1000 -2000 0 -1;
5 10 0 1 0 -11000 LRB1-;
5 10 13 0 0 -1000 LRB1+;
1 Bound 0 -11000 1500 -1000;
9 ind;
C 0 T -1000 -11000;
(SymbolCall ind);
5 11 L.LP2 10;
5 2 0.2p;
5 15 27000 -2000 0 -1;
5 10 0 1 26000 -11000 LP2-;
5 10 14 0 26000 -1000 LP2+;
1 Bound 26000 -11000 27500 -1000;
9 ind;
C 0 T 25000 -11000;
(SymbolCall ind);
5 11 L.LRB2 11;
5 2 1p;
5 15 36000 -2000 0 -1;
5 10 0 1 35000 -11000 LRB2-;
5 10 15 0 35000 -1000 LRB2+;
1 Bound 35000 -11000 36500 -1000;
9 ind;
C 0 T 34000 -11000;
(SymbolCall ind);
5 2 2.72p;
5 11 L.L7 12;
5 15 65000 -10000 1 0;
5 10 9 1 74000 -11000 L7-;
5 10 5 0 64000 -11000 L7+;
1 Bound 64000 -11000 74000 -9500;
( Rotate 90 );
9 ind;
C 0 R 0 1 T 74000 -12000;
(SymbolCall ind);
5 2 2p;
5 11 L.L8 13;
5 15 84000 -10000 1 0;
5 10 3 1 93000 -11000 L8-;
5 10 9 0 83000 -11000 L8+;
1 Bound 83000 -11000 93000 -9500;
( Rotate 90 );
9 ind;
C 0 R 0 1 T 93000 -12000;
(SymbolCall ind);
5 11 L.LP4 14;
5 2 0.2p;
5 15 75000 -22000 0 -1;
5 10 0 1 74000 -31000 LP4-;
5 10 16 0 74000 -21000 LP4+;
1 Bound 74000 -31000 75500 -21000;
9 ind;
C 0 T 73000 -31000;
(SymbolCall ind);
5 11 L.LRB4 15;
5 2 1p;
5 15 84000 -22000 0 -1;
5 10 0 1 83000 -31000 LRB4-;
5 10 17 0 83000 -21000 LRB4+;
1 Bound 83000 -31000 84500 -21000;
9 ind;
C 0 T 82000 -31000;
(SymbolCall isrc);
5 2 pwl(0 0 5p 184u);
5 11 I.IB2 0;
5 15 81000 42000 0 -1 @<name>[c];
5 10 4 1 81000 38000 IB2_1;
5 10 0 0 81000 48000 IB2_0;
5 5 nophys;
1 Bound 79000 38000 83000 48000;
9 isrc;
C 0 T 79000 38000;
(SymbolCall isrc);
5 2 pwl(0 0 5p 257u);
5 11 I.IB1 1;
5 15 12000 14000 0 -1 @<name>[c];
5 10 6 1 12000 10000 IB1_1;
5 10 0 0 12000 20000 IB1_0;
5 5 nophys;
1 Bound 10000 10000 14000 20000;
9 isrc;
C 0 T 10000 10000;
(SymbolCall isrc);
5 2 pwl(0 0 5p 184u);
5 11 I.IB3 2;
5 15 74000 -7000 0 -1 @<name>[c];
5 10 9 1 74000 -11000 IB3_1;
5 10 0 0 74000 -1000 IB3_0;
5 5 nophys;
1 Bound 72000 -11000 76000 -1000;
9 isrc;
C 0 T 72000 -11000;
(SymbolCall jj);
5 3 area=2.5;
5 11 B.B3 0;
5 1 jjmit;
5 10 18 2 80000 34000 B3_2;
5 10 10 1 81000 26000 B3-;
5 10 4 0 81000 36000 B3+;
1 Bound 79500 26000 82500 36000;
9 jj;
C 0 T 80000 26000;
(SymbolCall jj);
5 3 area=1.6;
5 1 jjmit;
5 11 B.B1 1;
5 10 19 2 -10000 7000 B1_2;
5 10 12 1 -9000 -1000 B1-;
5 10 7 0 -9000 9000 B1+;
1 Bound -10500 -1000 -7500 9000;
9 jj;
C 0 T -10000 -1000;
(SymbolCall jj);
5 11 B.B2 2;
5 3 area=1.9;
5 1 jjmit;
5 10 20 2 25000 7000 B2_2;
5 10 14 1 26000 -1000 B2-;
5 10 8 0 26000 9000 B2+;
1 Bound 24500 -1000 27500 9000;
9 jj;
C 0 T 25000 -1000;
(SymbolCall jj);
5 3 area=2.5;
5 11 B.B4 3;
5 1 jjmit;
5 10 21 2 73000 -13000 B4_2;
5 10 16 1 74000 -21000 B4-;
5 10 9 0 74000 -11000 B4+;
1 Bound 72500 -21000 75500 -11000;
9 jj;
C 0 T 73000 -21000;
(SymbolCall res);
5 11 R.RB3 0;
5 2 2.744;
5 15 89000 35000 0 -1 "<v>/<value>O";
5 10 11 1 90000 26000 RB3-;
5 10 4 0 90000 36000 RB3+;
1 Bound 88750 26000 91000 36000;
9 res;
C 0 T 90000 36000;
(SymbolCall res);
5 2 6.063;
5 11 R.RB1 1;
5 15 -1000 8000 0 -1 "<v>/<value>O";
5 10 13 1 0 -1000 RB1-;
5 10 7 0 0 9000 RB1+;
1 Bound -1250 -1000 1000 9000;
9 res;
C 0 T 0 9000;
(SymbolCall res);
5 11 R.RB2 2;
5 2 3.6105;
5 15 34000 8000 0 -1 "<v>/<value>O";
5 10 15 1 35000 -1000 RB2-;
5 10 8 0 35000 9000 RB2+;
1 Bound 33750 -1000 36000 9000;
9 res;
C 0 T 35000 9000;
(SymbolCall res);
5 2 2.744;
5 11 R.RB4 3;
5 15 82000 -12000 0 -1 "<v>/<value>O";
5 10 17 1 83000 -21000 RB4-;
5 10 9 0 83000 -11000 RB4+;
1 Bound 81750 -21000 84000 -11000;
9 res;
C 0 T 83000 -11000;
L SCED;
5 10 4;
W2 0 81000 38000 81000 36000 90000 36000;
5 10 5;
W2 0 71000 36000 45000 36000 45000 9000 45000 -11000 64000 -11000;
5 10 6;
W2 0 12000 10000 12000 9000;
5 10 7;
W2 0 -9000 9000 0 9000;
5 10 6;
W2 0 10000 9000 12000 9000 15000 9000;
5 10 8;
W2 0 25000 9000 26000 9000 35000 9000;
5 10 9;
W2 0 74000 -11000 83000 -11000;
L NAME;
5 16 I 0 11;
94 <<IB2>> 78750 46750 320 1575 1000;
5 16 L 0 11;
94 <<L5>> 71250 37750 0 1275 1000;
5 16 L 1 11;
94 <<L6>> 90250 37750 0 1275 1000;
5 16 B 0 11;
94 <<B3>> 79250 34750 320 1275 1000;
5 16 R 0 11;
94 <<RB3>> 88500 34750 320 1875 1000;
5 16 L 2 11;
94 <<LP3>> 80750 24750 320 1875 1000;
5 16 L 3 11;
94 <<LRB3>> 89750 24750 320 2475 1000;
5 16 I 1 11;
94 <<IB1>> 9750 18750 320 1350 1000;
5 16 L 4 11;
94 <<L1>> -18750 10750 0 1050 1000;
5 16 L 5 11;
94 <<L2>> 250 10750 0 1275 1000;
5 16 L 6 11;
94 <<L3>> 15250 10750 0 1275 1000;
5 16 L 7 11;
94 <<L4>> 35250 10750 0 1275 1000;
5 16 B 1 11;
94 <<B1>> -10750 7750 320 1050 1000;
5 16 R 1 11;
94 <<RB1>> -1500 7750 320 1650 1000;
5 16 B 2 11;
94 <<B2>> 24250 7750 320 1275 1000;
5 16 R 2 11;
94 <<RB2>> 33500 7750 320 1875 1000;
5 16 L 8 11;
94 <<LP1>> -9250 -2250 320 1650 1000;
5 16 L 9 11;
94 <<LRB1>> -250 -2250 320 2250 1000;
5 16 L 10 11;
94 <<LP2>> 25750 -2250 320 1875 1000;
5 16 L 11 11;
94 <<LRB2>> 34750 -2250 320 2475 1000;
5 16 I 2 11;
94 <<IB3>> 71750 -2250 320 1575 1000;
5 16 L 12 11;
94 <<L7>> 64250 -9250 0 1275 1000;
5 16 L 13 11;
94 <<L8>> 83250 -9250 0 1275 1000;
5 16 B 3 11;
94 <<B4>> 72250 -12250 320 1275 1000;
5 16 R 3 11;
94 <<RB4>> 81500 -12250 320 1875 1000;
5 16 L 14 11;
94 <<LP4>> 73750 -22250 320 1875 1000;
5 16 L 15 11;
94 <<LRB4>> 82750 -22250 320 2475 1000;
L MODL;
5 16 B 0 1;
94 <<jjmit>> 82750 35750 256 2550 1000;
5 16 B 1 1;
94 <<jjmit>> -7250 8750 256 2550 1000;
5 16 B 2 1;
94 <<jjmit>> 27750 8750 256 2550 1000;
5 16 B 3 1;
94 <<jjmit>> 75750 -11250 256 2550 1000;
L VALU;
5 16 I 0 2;
94 <<pwl(0 0 5p 184u)>> 83250 47750 33024 8550 1000;
5 16 L 0 2;
94 <<2.72p>> 80750 35750 33088 2700 1000;
5 16 R 0 2;
94 <<2.744>> 91250 35750 33024 2700 1000;
5 16 L 1 2;
94 <<2p>> 99750 35750 33088 1275 1000;
5 16 L 2 2;
94 <<0.2p>> 82750 25750 33024 2100 1000;
5 16 L 3 2;
94 <<1p>> 91750 25750 33024 1050 1000;
5 16 I 1 2;
94 <<pwl(0 0 5p 257u)>> 14250 19750 33024 8775 1000;
5 16 L 4 2;
94 <<2p>> -9250 8750 33088 1275 1000;
5 16 R 1 2;
94 <<6.063>> 1250 8750 33024 2700 1000;
5 16 L 5 2;
94 <<3.23p>> 9750 8750 33088 2700 1000;
5 16 L 6 2;
94 <<3.23p>> 24750 8750 33088 2700 1000;
5 16 R 2 2;
94 <<3.6105>> 36250 8750 33024 3075 1000;
5 16 L 7 2;
94 <<2.72p>> 44750 8750 33088 2700 1000;
5 16 L 8 2;
94 <<0.2p>> -7250 -1250 33024 2100 1000;
5 16 L 9 2;
94 <<1p>> 1750 -1250 33024 1050 1000;
5 16 L 10 2;
94 <<0.2p>> 27750 -1250 33024 2100 1000;
5 16 L 11 2;
94 <<1p>> 36750 -1250 33024 1050 1000;
5 16 I 2 2;
94 <<pwl(0 0 5p 184u)>> 76250 -1250 33024 8550 1000;
5 16 L 12 2;
94 <<2.72p>> 73750 -11250 33088 2700 1000;
5 16 R 3 2;
94 <<2.744>> 84250 -11250 33024 2700 1000;
5 16 L 13 2;
94 <<2p>> 92750 -11250 33088 1275 1000;
5 16 L 14 2;
94 <<0.2p>> 75750 -21250 33024 2100 1000;
5 16 L 15 2;
94 <<1p>> 84750 -21250 33024 1050 1000;
L PARM;
5 16 B 0 3;
94 <<area=2.5>> 82750 26250 32768 4425 1000;
5 16 B 1 3;
94 <<area=1.6>> -7250 -750 32768 4200 1000;
5 16 B 2 3;
94 <<area=1.9>> 27750 -750 32768 4200 1000;
5 16 B 3 3;
94 <<area=2.5>> 75750 -20750 32768 4425 1000;
DF;
E
* Generated by Xic from cell LSmitll_SPLITT_v1p5p1
.tran 0.5p 200p 0 0.25p UIC
B1 7 12 19 jjmit area=1.6
B2 8 14 20 jjmit area=1.9
B3 4 10 18 jjmit area=2.5
B4 9 16 21 jjmit area=2.5
IB1 0 6 pwl(0 0 5p 257u)
IB2 0 4 pwl(0 0 5p 184u)
IB3 0 9 pwl(0 0 5p 184u)
L1 A 7 2p
L2 7 6 3.23p
L3 6 8 3.23p
L4 8 5 2.72p
L5 5 4 2.72p
L6 4 Q0 2p
L7 5 9 2.72p
L8 9 Q1 2p
LP1 12 0 0.2p
LP2 14 0 0.2p
LP3 10 0 0.2p
LP4 16 0 0.2p
LRB1 13 0 1p
LRB2 15 0 1p
LRB3 11 0 1p
LRB4 17 0 1p
RB1 7 13 6.063
RB2 8 15 3.6105
RB3 4 11 2.744
RB4 9 17 2.744
.model jjmit jj(rtype=1, vg=2.8mV, cap=0.07pF, r0=160, rn=16, icrit=0.1mA)

*MIT-LL model
.save @IB1[c]
.save @IB2[c]
.save @IB3[c]
