(Symbol MITLL_JTL);
($Id:$);
(PHYSICAL);
(RESOLUTION 1000);
9 MITLL_JTL;
DS 0 1 1;
DF;
E
(ELECTRICAL);
(RESOLUTION 1000);
5 7101 tran 0.5p 100p 0 0.25p UIC;
5 10 1 0 -30000 7000 0x0 IN;
5 10 2 1 22000 7000 0x0 OUT;
5 11 X 0 subckt;
9 MITLL_JTL;
DS 0 1 1;
(SymbolCall gnd);
5 10 0 0 -4000 27000;
1 Bound -4000 26000 -1400 28000;
( Rotate 90 );
9 gnd;
C 0 R 0 1 T -3000 26000;
(SymbolCall gnd);
5 10 0 0 -20000 -13000;
1 Bound -21000 -15600 -19000 -13000;
9 gnd;
C 0 T -21000 -14000;
(SymbolCall gnd);
5 10 0 0 -14000 -13000;
1 Bound -15000 -15600 -13000 -13000;
9 gnd;
C 0 T -15000 -14000;
(SymbolCall gnd);
5 10 0 0 6000 -13000;
1 Bound 5000 -15600 7000 -13000;
9 gnd;
C 0 T 5000 -14000;
(SymbolCall gnd);
5 10 0 0 12000 -13000;
1 Bound 11000 -15600 13000 -13000;
9 gnd;
C 0 T 11000 -14000;
(SymbolCall ind);
5 11 L 0;
5 2 1p;
5 10 5 0 -4000 17000 L0+;
5 10 6 1 -4000 7000 L0-;
5 15 -3000 16000 0 -1;
1 Bound -4000 7000 -2500 17000;
9 ind;
C 0 T -5000 7000;
(SymbolCall ind);
5 2 2p;
5 11 L 1;
5 10 1 0 -30000 7000 L1+;
5 10 3 1 -20000 7000 L1-;
5 15 -29000 8000 1 0;
1 Bound -30000 7000 -20000 8500;
( Rotate 90 );
9 ind;
C 0 R 0 1 T -20000 6000;
(SymbolCall ind);
5 11 L 2;
5 2 2p;
5 10 3 0 -14000 7000 L2+;
5 10 6 1 -4000 7000 L2-;
5 15 -13000 8000 1 0;
1 Bound -14000 7000 -4000 8500;
( Rotate 90 );
9 ind;
C 0 R 0 1 T -4000 6000;
(SymbolCall ind);
5 11 L 3;
5 2 2p;
5 10 6 0 -4000 7000 L3+;
5 10 4 1 6000 7000 L3-;
5 15 -3000 8000 1 0;
1 Bound -4000 7000 6000 8500;
( Rotate 90 );
9 ind;
C 0 R 0 1 T 6000 6000;
(SymbolCall ind);
5 2 2p;
5 10 2 1 22000 7000 L4-;
5 10 4 0 12000 7000 L4+;
5 11 L 4;
5 15 13000 8000 1 0;
1 Bound 12000 7000 22000 8500;
( Rotate 90 );
9 ind;
C 0 R 0 1 T 22000 6000;
(SymbolCall ind);
5 11 L 5;
5 2 0.2p;
5 10 7 0 -20000 -3000 L5+;
5 10 0 1 -20000 -13000 L5-;
5 15 -19000 -4000 0 -1;
1 Bound -20000 -13000 -18500 -3000;
9 ind;
C 0 T -21000 -13000;
(SymbolCall ind);
5 2 1p;
5 15 -13000 -4000 0 -1;
5 11 L 6;
5 10 0 1 -14000 -13000 L6-;
5 10 8 0 -14000 -3000 L6+;
1 Bound -14000 -13000 -12500 -3000;
9 ind;
C 0 T -15000 -13000;
(SymbolCall ind);
5 10 0 1 6000 -13000 L7-;
5 10 9 0 6000 -3000 L7+;
5 2 0.2p;
5 11 L 7;
5 15 7000 -4000 0 -1;
1 Bound 6000 -13000 7500 -3000;
9 ind;
C 0 T 5000 -13000;
(SymbolCall ind);
5 10 10 0 12000 -3000 L8+;
5 10 0 1 12000 -13000 L8-;
5 11 L 8;
5 2 1p;
5 15 13000 -4000 0 -1;
1 Bound 12000 -13000 13500 -3000;
9 ind;
C 0 T 11000 -13000;
(SymbolCall isrc);
5 2 pwl(0 0 5p 350u);
5 15 -4000 21000 0 -1 @<name>[c];
5 11 I 0;
5 10 5 1 -4000 17000 I0_1;
5 10 0 0 -4000 27000 I0_0;
5 5 nophys;
1 Bound -6000 17000 -2000 27000;
9 isrc;
C 0 T -6000 17000;
(SymbolCall jj);
5 10 11 2 -21000 5000 B0_2;
5 10 7 1 -20000 -3000 B0-;
5 10 3 0 -20000 7000 B0+;
5 3 area=2.5;
5 1 jjmit;
5 11 B 0;
1 Bound -21500 -3000 -18500 7000;
9 jj;
C 0 T -21000 -3000;
(SymbolCall jj);
5 11 B 1;
5 3 area=2.5;
5 1 jjmit;
5 10 4 0 6000 7000 B1+;
5 10 9 1 6000 -3000 B1-;
5 10 12 2 5000 5000 B1_2;
1 Bound 4500 -3000 7500 7000;
9 jj;
C 0 T 5000 -3000;
(SymbolCall res);
5 10 8 1 -14000 -3000 R0-;
5 10 3 0 -14000 7000 R0+;
5 15 -15000 6000 0 -1 "<v>/<value>O";
5 2 3.88;
5 11 R 0;
1 Bound -15250 -3000 -13000 7000;
9 res;
C 0 T -14000 7000;
(SymbolCall res);
5 11 R 1;
5 2 3.88;
5 10 4 0 12000 7000 R1+;
5 10 10 1 12000 -3000 R1-;
5 15 11000 6000 0 -1 "<v>/<value>O";
1 Bound 10750 -3000 13000 7000;
9 res;
C 0 T 12000 7000;
L SCED;
5 10 3;
W2 0 -20000 7000 -14000 7000;
5 10 4;
W2 0 6000 7000 12000 7000;
L NAME;
5 16 I 0 11;
94 <<I0>> -6250 25750 320 975 1000;
5 16 L 0 11;
94 <<L0>> -4250 15750 320 1275 1000;
5 16 L 1 11;
94 <<L1>> -29750 8750 0 1050 1000;
5 16 L 2 11;
94 <<L2>> -13750 8750 0 1275 1000;
5 16 L 3 11;
94 <<L3>> -3750 8750 0 1275 1000;
5 16 L 4 11;
94 <<L4>> 12250 8750 0 1275 1000;
5 16 B 0 11;
94 <<B0>> -21750 5750 320 1275 1000;
5 16 R 0 11;
94 <<R0>> -15500 5750 320 1275 1000;
5 16 B 1 11;
94 <<B1>> 4250 5750 320 1050 1000;
5 16 R 1 11;
94 <<R1>> 10500 5750 320 1050 1000;
5 16 L 5 11;
94 <<L5>> -20250 -4250 320 1275 1000;
5 16 L 6 11;
94 <<L6>> -14250 -4250 320 1275 1000;
5 16 L 7 11;
94 <<L7>> 5750 -4250 320 1275 1000;
5 16 L 8 11;
94 <<L8>> 11750 -4250 320 1275 1000;
L MODL;
5 16 B 0 1;
94 <<jjmit>> -18250 6750 256 2550 1000;
5 16 B 1 1;
94 <<jjmit>> 7750 6750 256 2550 1000;
L VALU;
5 16 I 0 2;
94 <<pwl(0 0 5p 350u)>> -1750 26750 33024 8775 1000;
5 16 L 0 2;
94 <<1p>> -2250 16750 33024 1050 1000;
5 16 L 1 2;
94 <<2p>> -20250 6750 33088 1275 1000;
5 16 R 0 2;
94 <<3.88>> -12750 6750 33024 2100 1000;
5 16 L 2 2;
94 <<2p>> -4250 6750 33088 1275 1000;
5 16 L 3 2;
94 <<2p>> 5750 6750 33088 1275 1000;
5 16 R 1 2;
94 <<3.88>> 13250 6750 33024 2100 1000;
5 16 L 4 2;
94 <<2p>> 21750 6750 33088 1275 1000;
5 16 L 5 2;
94 <<0.2p>> -18250 -3250 33024 2100 1000;
5 16 L 6 2;
94 <<1p>> -12250 -3250 33024 1050 1000;
5 16 L 7 2;
94 <<0.2p>> 7750 -3250 33024 2100 1000;
5 16 L 8 2;
94 <<1p>> 13750 -3250 33024 1050 1000;
L PARM;
5 16 B 0 3;
94 <<area=2.5>> -18250 -2750 32768 4425 1000;
5 16 B 1 3;
94 <<area=2.5>> 7750 -2750 32768 4425 1000;
DF;
E
* Generated by Xic from cell MITLL_JTL
.tran 0.5p 100p 0 0.25p UIC
B0 3 7 11 jjmit area=2.5
B1 4 9 12 jjmit area=2.5
I0 0 5 pwl(0 0 5p 350u)
L0 5 6 1p
L1 IN 3 2p
L2 3 6 2p
L3 6 4 2p
L4 4 OUT 2p
L5 7 0 0.2p
L6 8 0 1p
L7 9 0 0.2p
L8 10 0 1p
R0 3 8 3.88
R1 4 10 3.88
.model jjmit jj(rtype=1, vg=2.8mV, cap=0.07pF, r0=160, rn=16, icrit=0.1mA)

* YBCO
.save @I0[c]
