(Symbol MITLL_JTLT);
($Id:$);
(xic.exe 4.3.5 Win32 i386 07/30/2018 06:33 GMT);
(PHYSICAL);
(RESOLUTION 1000);
( CREATED 7/30/2018 6:33:21, MODIFIED 7/30/2018 6:33:21 );
9 MITLL_JTLT;
DS 0 1 1;
DF;
E
(ELECTRICAL);
(RESOLUTION 1000);
5 10 1 0 -79000:-80000 -5000:-5000 0x0 IN;
5 10 2 1 41000 -5000 0x0 OUT;
5 11 X 0 subckt;
9 MITLL_JTLT;
DS 0 1 1;
(SymbolCall gnd);
5 10 0 0 -53000 15000;
1 Bound -53000 14000 -50400 16000;
( Rotate 90 );
9 gnd;
C 0 R 0 1 T -52000 14000;
(SymbolCall gnd);
5 10 0 0 -11000 15000;
1 Bound -11000 14000 -8400 16000;
( Rotate 90 );
9 gnd;
C 0 R 0 1 T -10000 14000;
(SymbolCall gnd);
5 10 0 0 15000 15000;
1 Bound 15000 14000 17600 16000;
( Rotate 90 );
9 gnd;
C 0 R 0 1 T 16000 14000;
(SymbolCall gnd);
5 10 0 0 -69000 -25000;
1 Bound -70000 -27600 -68000 -25000;
9 gnd;
C 0 T -70000 -26000;
(SymbolCall gnd);
5 10 0 0 -63000 -25000;
1 Bound -64000 -27600 -62000 -25000;
9 gnd;
C 0 T -64000 -26000;
(SymbolCall gnd);
5 10 0 0 -43000 -25000;
1 Bound -44000 -27600 -42000 -25000;
9 gnd;
C 0 T -44000 -26000;
(SymbolCall gnd);
5 10 0 0 -37000 -25000;
1 Bound -38000 -27600 -36000 -25000;
9 gnd;
C 0 T -38000 -26000;
(SymbolCall gnd);
5 10 0 0 -27000 -25000;
1 Bound -28000 -27600 -26000 -25000;
9 gnd;
C 0 T -28000 -26000;
(SymbolCall gnd);
5 10 0 0 -21000 -25000;
1 Bound -22000 -27600 -20000 -25000;
9 gnd;
C 0 T -22000 -26000;
(SymbolCall gnd);
5 10 0 0 -1000 -25000;
1 Bound -2000 -27600 0 -25000;
9 gnd;
C 0 T -2000 -26000;
(SymbolCall gnd);
5 10 0 0 5000 -25000;
1 Bound 4000 -27600 6000 -25000;
9 gnd;
C 0 T 4000 -26000;
(SymbolCall gnd);
5 10 0 0 15000 -25000;
1 Bound 14000 -27600 16000 -25000;
9 gnd;
C 0 T 14000 -26000;
(SymbolCall gnd);
5 10 0 0 21000 -25000;
1 Bound 20000 -27600 22000 -25000;
9 gnd;
C 0 T 20000 -26000;
(SymbolCall ind);
5 2 2e-13;
5 10 11 1 -53000 -5000 LPR01RX1-;
5 10 8 0 -53000 5000 LPR01RX1+;
5 15 -52000 4000 0 -1;
5 11 L.LPR01rx1 0;
1 Bound -53000 -5000 -51500 5000;
9 ind;
C 0 T -54000 -5000;
(SymbolCall ind);
5 2 2e-13;
5 10 12 1 -11000 -5000 LRP1-;
5 10 9 0 -11000 5000 LRP1+;
5 15 -10000 4000 0 -1;
5 11 L.LRP1 1;
1 Bound -11000 -5000 -9500 5000;
9 ind;
C 0 T -12000 -5000;
(SymbolCall ind);
5 2 2e-13;
5 10 7 1 15000 -5000 LPR01TX1-;
5 10 10 0 15000 5000 LPR01TX1+;
5 15 16000 4000 0 -1;
5 11 L.LPR01tx1 2;
1 Bound 15000 -5000 16500 5000;
9 ind;
C 0 T 14000 -5000;
(SymbolCall ind);
5 2 L01rx1;
5 10 3 1 -69000 -5000 L01RX1-;
5 10 1 0 -79000 -5000 L01RX1+;
5 15 -78000 -4000 1 0;
5 11 L.L01rx1 3;
1 Bound -79000 -5000 -69000 -3500;
( Rotate 90 );
9 ind;
C 0 R 0 1 T -69000 -6000;
(SymbolCall ind);
5 2 L02rx1;
5 10 11 1 -53000 -5000 L02RX1-;
5 10 3 0 -63000 -5000 L02RX1+;
5 15 -62000 -4000 1 0;
5 11 L.L02rx1 4;
1 Bound -63000 -5000 -53000 -3500;
( Rotate 90 );
9 ind;
C 0 R 0 1 T -53000 -6000;
(SymbolCall ind);
5 2 L03rx1;
5 10 4 1 -43000 -5000 L03RX1-;
5 10 11 0 -53000 -5000 L03RX1+;
5 15 -52000 -4000 1 0;
5 11 L.L03rx1 5;
1 Bound -53000 -5000 -43000 -3500;
( Rotate 90 );
9 ind;
C 0 R 0 1 T -43000 -6000;
(SymbolCall ind);
5 2 L1;
5 10 5 1 -27000 -5000 L1-;
5 10 4 0 -37000 -5000 L1+;
5 15 -36000 -4000 1 0;
5 11 L.L1 6;
1 Bound -37000 -5000 -27000 -3500;
( Rotate 90 );
9 ind;
C 0 R 0 1 T -27000 -6000;
(SymbolCall ind);
5 2 L2;
5 10 12 1 -11000 -5000 L2-;
5 10 5 0 -21000 -5000 L2+;
5 15 -20000 -4000 1 0;
5 11 L.L2 7;
1 Bound -21000 -5000 -11000 -3500;
( Rotate 90 );
9 ind;
C 0 R 0 1 T -11000 -6000;
(SymbolCall ind);
5 2 L2;
5 10 6 1 -1000 -5000 L3-;
5 10 12 0 -11000 -5000 L3+;
5 15 -10000 -4000 1 0;
5 11 L.L3 8;
1 Bound -11000 -5000 -1000 -3500;
( Rotate 90 );
9 ind;
C 0 R 0 1 T -1000 -6000;
(SymbolCall ind);
5 2 L01tx1;
5 10 7 1 15000 -5000 L01TX1-;
5 10 6 0 5000 -5000 L01TX1+;
5 15 6000 -4000 1 0;
5 11 L.L01tx1 9;
1 Bound 5000 -5000 15000 -3500;
( Rotate 90 );
9 ind;
C 0 R 0 1 T 15000 -6000;
(SymbolCall ind);
5 2 L03tx1;
5 10 13 1 31000 -5000 L03TX1-;
5 10 7 0 21000 -5000 L03TX1+;
5 15 22000 -4000 1 0;
5 11 L.L03tx1 10;
1 Bound 21000 -5000 31000 -3500;
( Rotate 90 );
9 ind;
C 0 R 0 1 T 31000 -6000;
(SymbolCall ind);
5 2 2e-13;
5 10 0 1 -69000 -25000 LP01RX1-;
5 10 14 0 -69000 -15000 LP01RX1+;
5 15 -68000 -16000 0 -1;
5 11 L.LP01rx1 11;
1 Bound -69000 -25000 -67500 -15000;
9 ind;
C 0 T -70000 -25000;
(SymbolCall ind);
5 2 LRB01rx1;
5 10 0 1 -63000 -25000 LRB01RX1-;
5 10 15 0 -63000 -15000 LRB01RX1+;
5 15 -62000 -16000 0 -1;
5 11 L.LRB01rx1 12;
1 Bound -63000 -25000 -61500 -15000;
9 ind;
C 0 T -64000 -25000;
(SymbolCall ind);
5 2 2e-13;
5 10 0 1 -43000 -25000 LP02RX1-;
5 10 16 0 -43000 -15000 LP02RX1+;
5 15 -42000 -16000 0 -1;
5 11 L.LP02rx1 13;
1 Bound -43000 -25000 -41500 -15000;
9 ind;
C 0 T -44000 -25000;
(SymbolCall ind);
5 2 LRB02rx1;
5 10 0 1 -37000 -25000 LRB02RX1-;
5 10 17 0 -37000 -15000 LRB02RX1+;
5 15 -36000 -16000 0 -1;
5 11 L.LRB02rx1 14;
1 Bound -37000 -25000 -35500 -15000;
9 ind;
C 0 T -38000 -25000;
(SymbolCall ind);
5 2 2e-13;
5 10 0 1 -27000 -25000 LP1-;
5 10 18 0 -27000 -15000 LP1+;
5 15 -26000 -16000 0 -1;
5 11 L.LP1 15;
1 Bound -27000 -25000 -25500 -15000;
9 ind;
C 0 T -28000 -25000;
(SymbolCall ind);
5 2 LB1;
5 10 0 1 -21000 -25000 LB1-;
5 10 19 0 -21000 -15000 LB1+;
5 15 -20000 -16000 0 -1;
5 11 L.LB1 16;
1 Bound -21000 -25000 -19500 -15000;
9 ind;
C 0 T -22000 -25000;
(SymbolCall ind);
5 2 2e-13;
5 10 0 1 -1000 -25000 LP2-;
5 10 20 0 -1000 -15000 LP2+;
5 15 0 -16000 0 -1;
5 11 L.LP2 17;
1 Bound -1000 -25000 500 -15000;
9 ind;
C 0 T -2000 -25000;
(SymbolCall ind);
5 2 LB2;
5 10 0 1 5000 -25000 LB2-;
5 10 21 0 5000 -15000 LB2+;
5 15 6000 -16000 0 -1;
5 11 L.LB2 18;
1 Bound 5000 -25000 6500 -15000;
9 ind;
C 0 T 4000 -25000;
(SymbolCall ind);
5 2 2e-13;
5 10 0 1 15000 -25000 LP01TX1-;
5 10 22 0 15000 -15000 LP01TX1+;
5 15 16000 -16000 0 -1;
5 11 L.LP01tx1 19;
1 Bound 15000 -25000 16500 -15000;
9 ind;
C 0 T 14000 -25000;
(SymbolCall ind);
5 2 LRB01tx1;
5 10 0 1 21000 -25000 LRB01TX1-;
5 10 23 0 21000 -15000 LRB01TX1+;
5 15 22000 -16000 0 -1;
5 11 L.LRB01tx1 20;
1 Bound 21000 -25000 22500 -15000;
9 ind;
C 0 T 20000 -25000;
(SymbolCall isrc);
5 2 pwl(0 0 5p IB01rx1);
5 10 8 1 -53000 5000 IB01RX1_1;
5 10 0 0 -53000 15000 IB01RX1_0;
5 15 -53000 9000 0 -1 @<name>[c];
5 11 I.IB01rx1 0;
5 5 nophys;
1 Bound -55000 5000 -51000 15000;
9 isrc;
C 0 T -55000 5000;
(SymbolCall isrc);
5 2 pwl(0 0 5p IB1);
5 10 9 1 -11000 5000 IB1_1;
5 10 0 0 -11000 15000 IB1_0;
5 15 -11000 9000 0 -1 @<name>[c];
5 11 I.IB1 1;
5 5 nophys;
1 Bound -13000 5000 -9000 15000;
9 isrc;
C 0 T -13000 5000;
(SymbolCall isrc);
5 2 pwl(0 0 5p IB01tx1);
5 10 10 1 15000 5000 IB01TX1_1;
5 10 0 0 15000 15000 IB01TX1_0;
5 15 15000 9000 0 -1 @<name>[c];
5 11 I.IB01tx1 2;
5 5 nophys;
1 Bound 13000 5000 17000 15000;
9 isrc;
C 0 T 13000 5000;
(SymbolCall jj);
5 3 area=B01rx1;
5 1 jmitll;
5 10 24 2 -70000 -7000 B01RX1_2;
5 10 14 1 -69000 -15000 B01RX1-;
5 10 3 0 -69000 -5000 B01RX1+;
5 11 B.B01rx1 0;
1 Bound -70500 -15000 -67500 -5000;
9 jj;
C 0 T -70000 -15000;
(SymbolCall jj);
5 3 area=B02rx1;
5 1 jmitll;
5 10 25 2 -44000 -7000 B02RX1_2;
5 10 16 1 -43000 -15000 B02RX1-;
5 10 4 0 -43000 -5000 B02RX1+;
5 11 B.B02rx1 1;
1 Bound -44500 -15000 -41500 -5000;
9 jj;
C 0 T -44000 -15000;
(SymbolCall jj);
5 3 area=B1;
5 1 jmitll;
5 10 26 2 -28000 -7000 B1_2;
5 10 18 1 -27000 -15000 B1-;
5 10 5 0 -27000 -5000 B1+;
5 11 B.B1 2;
1 Bound -28500 -15000 -25500 -5000;
9 jj;
C 0 T -28000 -15000;
(SymbolCall jj);
5 3 area=B1;
5 1 jmitll;
5 10 27 2 -2000 -7000 B2_2;
5 10 20 1 -1000 -15000 B2-;
5 10 6 0 -1000 -5000 B2+;
5 11 B.B2 3;
1 Bound -2500 -15000 500 -5000;
9 jj;
C 0 T -2000 -15000;
(SymbolCall jj);
5 3 area=B01tx1;
5 1 jmitll;
5 10 28 2 14000 -7000 B01TX1_2;
5 10 22 1 15000 -15000 B01TX1-;
5 10 7 0 15000 -5000 B01TX1+;
5 11 B.B01tx1 4;
1 Bound 13500 -15000 16500 -5000;
9 jj;
C 0 T 14000 -15000;
(SymbolCall res);
5 2 1.36;
5 11 R.RINStx 0;
5 10 2 1 41000 -5000 RINSTX-;
5 10 13 0 31000 -5000 RINSTX+;
5 15 32000 -6000 1 0 "<v>/<value>O";
1 Bound 31000 -6250 41000 -4000;
( Rotate 90 );
9 res;
C 0 R 0 1 T 31000 -5000;
(SymbolCall res);
5 1 RB01rx1;
5 10 15 1 -63000 -15000 RB01RX1-;
5 10 3 0 -63000 -5000 RB01RX1+;
5 15 -64000 -6000 0 -1 "<v>/<value>O";
5 11 R.RB01rx1 1;
1 Bound -64250 -15000 -62000 -5000;
9 res;
C 0 T -63000 -5000;
(SymbolCall res);
5 1 RB02rx1;
5 10 17 1 -37000 -15000 RB02RX1-;
5 10 4 0 -37000 -5000 RB02RX1+;
5 15 -38000 -6000 0 -1 "<v>/<value>O";
5 11 R.RB02rx1 2;
1 Bound -38250 -15000 -36000 -5000;
9 res;
C 0 T -37000 -5000;
(SymbolCall res);
5 1 RB1;
5 10 19 1 -21000 -15000 RB1-;
5 10 5 0 -21000 -5000 RB1+;
5 15 -22000 -6000 0 -1 "<v>/<value>O";
5 11 R.RB1 3;
1 Bound -22250 -15000 -20000 -5000;
9 res;
C 0 T -21000 -5000;
(SymbolCall res);
5 1 RB2;
5 10 21 1 5000 -15000 RB2-;
5 10 6 0 5000 -5000 RB2+;
5 15 4000 -6000 0 -1 "<v>/<value>O";
5 11 R.RB2 4;
1 Bound 3750 -15000 6000 -5000;
9 res;
C 0 T 5000 -5000;
(SymbolCall res);
5 1 RB01tx1;
5 10 23 1 21000 -15000 RB01TX1-;
5 10 7 0 21000 -5000 RB01TX1+;
5 15 20000 -6000 0 -1 "<v>/<value>O";
5 11 R.RB01tx1 5;
1 Bound 19750 -15000 22000 -5000;
9 res;
C 0 T 21000 -5000;
L SCED;
5 10 3;
W2 0 -69000 -5000 -63000 -5000;
5 10 4;
W2 0 -43000 -5000 -37000 -5000;
5 10 5;
W2 0 -27000 -5000 -21000 -5000;
5 10 6;
W2 0 -1000 -5000 5000 -5000;
5 10 7;
W2 0 15000 -5000 21000 -5000;
L NAME;
5 16 I 0 11;
94 <<IB01rx1>> -55250 13750 320 3450 1000;
5 16 I 1 11;
94 <<IB1>> -13250 13750 320 1350 1000;
5 16 I 2 11;
94 <<IB01tx1>> 12750 13750 320 3375 1000;
5 16 L 0 11;
94 <<LPR01rx1>> -53250 3750 320 4350 1000;
5 16 L 1 11;
94 <<LRP1>> -11250 3750 320 2250 1000;
5 16 L 2 11;
94 <<LPR01tx1>> 14750 3750 320 4275 1000;
5 16 L 3 11;
94 <<L01rx1>> -78750 -3250 0 3150 1000;
5 16 L 4 11;
94 <<L02rx1>> -62750 -3250 0 3375 1000;
5 16 L 5 11;
94 <<L03rx1>> -52750 -3250 0 3375 1000;
5 16 L 6 11;
94 <<L1>> -36750 -3250 0 1050 1000;
5 16 L 7 11;
94 <<L2>> -20750 -3250 0 1275 1000;
5 16 L 8 11;
94 <<L3>> -10750 -3250 0 1275 1000;
5 16 L 9 11;
94 <<L01tx1>> 5250 -3250 0 3075 1000;
5 16 L 10 11;
94 <<L03tx1>> 21250 -3250 0 3300 1000;
5 16 R 0 11;
94 <<RINStx>> 31250 -3750 0 3225 1000;
5 16 B 0 11;
94 <<B01rx1>> -70750 -6250 320 3150 1000;
5 16 R 1 11;
94 <<RB01rx1>> -64500 -6250 320 3750 1000;
5 16 B 1 11;
94 <<B02rx1>> -44750 -6250 320 3375 1000;
5 16 R 2 11;
94 <<RB02rx1>> -38500 -6250 320 3975 1000;
5 16 B 2 11;
94 <<B1>> -28750 -6250 320 1050 1000;
5 16 R 3 11;
94 <<RB1>> -22500 -6250 320 1650 1000;
5 16 B 3 11;
94 <<B2>> -2750 -6250 320 1275 1000;
5 16 R 4 11;
94 <<RB2>> 3500 -6250 320 1875 1000;
5 16 B 4 11;
94 <<B01tx1>> 13250 -6250 320 3075 1000;
5 16 R 5 11;
94 <<RB01tx1>> 19500 -6250 320 3675 1000;
5 16 L 11 11;
94 <<LP01rx1>> -69250 -16250 320 3750 1000;
5 16 L 12 11;
94 <<LRB01rx1>> -63250 -16250 320 4350 1000;
5 16 L 13 11;
94 <<LP02rx1>> -43250 -16250 320 3975 1000;
5 16 L 14 11;
94 <<LRB02rx1>> -37250 -16250 320 4575 1000;
5 16 L 15 11;
94 <<LP1>> -27250 -16250 320 1650 1000;
5 16 L 16 11;
94 <<LB1>> -21250 -16250 320 1650 1000;
5 16 L 17 11;
94 <<LP2>> -1250 -16250 320 1875 1000;
5 16 L 18 11;
94 <<LB2>> 4750 -16250 320 1875 1000;
5 16 L 19 11;
94 <<LP01tx1>> 14750 -16250 320 3675 1000;
5 16 L 20 11;
94 <<LRB01tx1>> 20750 -16250 320 4275 1000;
L MODL;
5 16 B 0 1;
94 <<jmitll>> -67250 -5250 256 2625 1000;
5 16 R 1 1;
94 <<RB01rx1>> -61750 -5250 256 3750 1000;
5 16 B 1 1;
94 <<jmitll>> -41250 -5250 256 2625 1000;
5 16 R 2 1;
94 <<RB02rx1>> -35750 -5250 256 3975 1000;
5 16 B 2 1;
94 <<jmitll>> -25250 -5250 256 2625 1000;
5 16 R 3 1;
94 <<RB1>> -19750 -5250 256 1650 1000;
5 16 B 3 1;
94 <<jmitll>> 750 -5250 256 2625 1000;
5 16 R 4 1;
94 <<RB2>> 6250 -5250 256 1875 1000;
5 16 B 4 1;
94 <<jmitll>> 16750 -5250 256 2625 1000;
5 16 R 5 1;
94 <<RB01tx1>> 22250 -5250 256 3675 1000;
L VALU;
5 16 I 0 2;
94 <<pwl(0 0 5p IB01rx1)>> -50750 14750 33024 9750 1000;
5 16 I 1 2;
94 <<pwl(0 0 5p IB1)>> -8750 14750 33024 7650 1000;
5 16 I 2 2;
94 <<pwl(0 0 5p IB01tx1)>> 17250 14750 33024 9675 1000;
5 16 L 0 2;
94 <<2e-13>> -51250 4750 33024 2850 1000;
5 16 L 1 2;
94 <<2e-13>> -9250 4750 33024 2850 1000;
5 16 L 2 2;
94 <<2e-13>> 16750 4750 33024 2850 1000;
5 16 L 3 2;
94 <<L01rx1>> -69250 -5250 33088 3150 1000;
5 16 L 4 2;
94 <<L02rx1>> -53250 -5250 33088 3375 1000;
5 16 L 5 2;
94 <<L03rx1>> -43250 -5250 33088 3375 1000;
5 16 L 6 2;
94 <<L1>> -27250 -5250 33088 1050 1000;
5 16 L 7 2;
94 <<L2>> -11250 -5250 33088 1275 1000;
5 16 L 8 2;
94 <<L2>> -1250 -5250 33088 1275 1000;
5 16 L 9 2;
94 <<L01tx1>> 14750 -5250 33088 3075 1000;
5 16 L 10 2;
94 <<L03tx1>> 30750 -5250 33088 3300 1000;
5 16 R 0 2;
94 <<1.36>> 40750 -6500 33088 1875 1000;
5 16 L 11 2;
94 <<2e-13>> -67250 -15250 33024 2850 1000;
5 16 L 12 2;
94 <<LRB01rx1>> -61250 -15250 33024 4350 1000;
5 16 L 13 2;
94 <<2e-13>> -41250 -15250 33024 2850 1000;
5 16 L 14 2;
94 <<LRB02rx1>> -35250 -15250 33024 4575 1000;
5 16 L 15 2;
94 <<2e-13>> -25250 -15250 33024 2850 1000;
5 16 L 16 2;
94 <<LB1>> -19250 -15250 33024 1650 1000;
5 16 L 17 2;
94 <<2e-13>> 750 -15250 33024 2850 1000;
5 16 L 18 2;
94 <<LB2>> 6750 -15250 33024 1875 1000;
5 16 L 19 2;
94 <<2e-13>> 16750 -15250 33024 2850 1000;
5 16 L 20 2;
94 <<LRB01tx1>> 22750 -15250 33024 4275 1000;
L PARM;
5 16 B 0 3;
94 <<area=B01rx1>> -67250 -14750 32768 6075 1000;
5 16 B 1 3;
94 <<area=B02rx1>> -41250 -14750 32768 6300 1000;
5 16 B 2 3;
94 <<area=B1>> -25250 -14750 32768 3975 1000;
5 16 B 3 3;
94 <<area=B1>> 750 -14750 32768 3975 1000;
5 16 B 4 3;
94 <<area=B01tx1>> 16750 -14750 32768 6000 1000;
L SPTX;
94 <<.include MITLL_JTLT_models.inc>> -79000 47000 0 15825 1000;
94 <<.param Scaling=1.0>> -79000 46000 0 9225 1000;
94 <<.param B0=1>> -79000 45000 0 6000 1000;
94 <<.param Ic0=0.0001>> -79000 44000 0 8925 1000;
94 <<.param IcRs=100u*6.859904418>> -79000 43000 0 15300 1000;
94 <<.param B0Rs=IcRs/Ic0*B0>> -79000 42000 0 12825 1000;
94 <<.param Rsheet=2 >> -79000 41000 0 9150 1000;
94 <<.param Lsheet=1.13e-12 >> -79000 40000 0 12300 1000;
94 <<.param B01rx1=0.6978965094340693*Scaling>> -79000 39000 0 22125 1000;
94 <<.param B01tx1=1.7851040521840216*Scaling>> -79000 38000 0 21150 1000;
94 <<.param B02rx1=0.4431557447885417*Scaling>> -79000 37000 0 21900 1000;
94 <<.param B1=0.48805176033496367*Scaling>> -79000 36000 0 20400 1000;
94 <<.param IB01rx1=8.645054846430082e-05*Scaling>> -79000 35000 0 24225 1000;
94 <<.param IB01tx1=5.531224327588262e-05*Scaling>> -79000 34000 0 23925 1000;
94 <<.param IB1=0.00012008182492244687*Scaling>> -79000 33000 0 22275 1000;
94 <<.param L01rx1=3.3251593177777415e-13*(1/Scaling-(1-Scaling))>> -79000 32000 0 30975 1000;
94 <<.param L01tx1=2.3256259129695253e-12*(1/Scaling-(1-Scaling))>> -79000 31000 0 31350 1000;
94 <<.param L02rx1=2.4032152114216404e-12*(1/Scaling-(1-Scaling))>> -79000 30000 0 30975 1000;
94 <<.param L03rx1=1.6772485370088992e-12*(1/Scaling-(1-Scaling))>> -79000 29000 0 31650 1000;
94 <<.param L03tx1=2.3630198619224862e-12*(1/Scaling-(1-Scaling))>> -79000 28000 0 31350 1000;
94 <<.param L1=2.5109096596962294e-12*(1/Scaling-(1-Scaling))>> -79000 27000 0 29325 1000;
94 <<.param L2=8.665208165957606e-13*(1/Scaling-(1-Scaling))>> -79000 26000 0 28950 1000;
94 <<.param LB1=(RB1/Rsheet)*Lsheet>> -79000 25000 0 16425 1000;
94 <<.param LB2=(RB2/Rsheet)*Lsheet>> -79000 24000 0 16875 1000;
94 <<.param LRB01rx1=(RB01rx1/Rsheet)*Lsheet>> -79000 23000 0 21225 1000;
94 <<.param LRB01tx1=(RB01tx1/Rsheet)*Lsheet>> -79000 22000 0 21075 1000;
94 <<.param LRB02rx1=(RB02rx1/Rsheet)*Lsheet>> -79000 21000 0 21675 1000;
94 <<.param RB01rx1=B0Rs/B01rx1>> -79000 20000 0 14175 1000;
94 <<.param RB01tx1=B0Rs/B01tx1>> -79000 19000 0 14025 1000;
94 <<.param RB02rx1=B0Rs/B02rx1>> -79000 18000 0 14625 1000;
94 <<.param RB1=B0Rs/B1>> -79000 17000 0 9975 1000;
94 <<.param RB2=B0Rs/B1>> -79000 16000 0 10200 1000;
DF;
E
* Generated by Xic from cell MITLL_JTLT
.tran 0.5p 100p 0 0.25p UIC
.include MITLL_JTLT_models.inc
.param Scaling=1.0
.param B0=1
.param Ic0=0.0001
.param IcRs=100u*6.859904418
.param B0Rs=IcRs/Ic0*B0
.param Rsheet=2 
.param Lsheet=1.13e-12 
.param B01rx1=0.6978965094340693*Scaling
.param B01tx1=1.7851040521840216*Scaling
.param B02rx1=0.4431557447885417*Scaling
.param B1=0.48805176033496367*Scaling
.param IB01rx1=8.645054846430082e-05*Scaling
.param IB01tx1=5.531224327588262e-05*Scaling
.param IB1=0.00012008182492244687*Scaling
.param L01rx1=3.3251593177777415e-13*(1/Scaling-(1-Scaling))
.param L01tx1=2.3256259129695253e-12*(1/Scaling-(1-Scaling))
.param L02rx1=2.4032152114216404e-12*(1/Scaling-(1-Scaling))
.param L03rx1=1.6772485370088992e-12*(1/Scaling-(1-Scaling))
.param L03tx1=2.3630198619224862e-12*(1/Scaling-(1-Scaling))
.param L1=2.5109096596962294e-12*(1/Scaling-(1-Scaling))
.param L2=8.665208165957606e-13*(1/Scaling-(1-Scaling))
.param LB1=(RB1/Rsheet)*Lsheet
.param LB2=(RB2/Rsheet)*Lsheet
.param LRB01rx1=(RB01rx1/Rsheet)*Lsheet
.param LRB01tx1=(RB01tx1/Rsheet)*Lsheet
.param LRB02rx1=(RB02rx1/Rsheet)*Lsheet
.param RB01rx1=B0Rs/B01rx1
.param RB01tx1=B0Rs/B01tx1
.param RB02rx1=B0Rs/B02rx1
.param RB1=B0Rs/B1
.param RB2=B0Rs/B1
B01rx1 3 14 24 jmitll area=B01rx1
B01tx1 7 22 28 jmitll area=B01tx1
B02rx1 4 16 25 jmitll area=B02rx1
B1 5 18 26 jmitll area=B1
B2 6 20 27 jmitll area=B1
IB01rx1 0 8 pwl(0 0 5p IB01rx1)
IB01tx1 0 10 pwl(0 0 5p IB01tx1)
IB1 0 9 pwl(0 0 5p IB1)
L01rx1 IN 3 L01rx1
L01tx1 6 7 L01tx1
L02rx1 3 11 L02rx1
L03rx1 11 4 L03rx1
L03tx1 7 13 L03tx1
L1 4 5 L1
L2 5 12 L2
L3 12 6 L2
LB1 19 0 LB1
LB2 21 0 LB2
LP01rx1 14 0 2e-13
LP01tx1 22 0 2e-13
LP02rx1 16 0 2e-13
LP1 18 0 2e-13
LP2 20 0 2e-13
LPR01rx1 8 11 2e-13
LPR01tx1 10 7 2e-13
LRB01rx1 15 0 LRB01rx1
LRB01tx1 23 0 LRB01tx1
LRB02rx1 17 0 LRB02rx1
LRP1 9 12 2e-13
RB01rx1 3 15 RB01rx1
RB01tx1 7 23 RB01tx1
RB02rx1 4 17 RB02rx1
RB1 5 19 RB1
RB2 6 21 RB2
RINStx 13 OUT 1.36
.save @IB01rx1[c]
.save @IB1[c]
.save @IB01tx1[c]
