(Symbol LSmitll_AND2T_v1p5p1);
($Id:$);
(PHYSICAL);
(RESOLUTION 1000);
9 LSmitll_AND2T_v1p5p1;
DS 0 1 1;
DF;
E
(ELECTRICAL);
(RESOLUTION 1000);
5 7101 tran 0.5p 100p 0 0.25p UIC;
5 10 1 0 -72000 -12000 0x0 CLK;
5 10 2 1 -72000:-72000 23000:48000 0x0 A;
5 10 3 2 -72000:-72000 -49000:-68000 0x0 B;
5 10 4 3 116000 -12000 0x0 Q;
5 18 0
  L ETC2:
  B 110700 134300 29150 -12250:
  W 0 -26200 45200 -25537 45265 -24899 45459 -24311 45773 -23796 46196
 -23373 46711 -23059 47299 -22865 47937 -22800 48600 -22865 49263 -23059 49901
 -23373 50489 -23796 51004 -24311 51427 -24899 51741 -25537 51935 -26200 52000:
  W 0 -69900 48400 -26200 48400 -13300 48400:
  W 0 -13400 48400 -13400 6400 7100 6400:
  94 <<AND2T>> 5800 30900 0 48227 16468:
  W 0 25200 18800 7100 18800 7100 -45100:
  W 0 27500 -45700 30097 -45692 36548 -44290 42580 -41605 47939 -37750
 52402 -32885 55783 -27214 57940 -20974 58782 -14426 58276 -7844 56441 -1502
 53355 4335 49146 9421 43991 13546 38105 16536 31734 18266 25144 18664
 25100 18700 25400 18700:
  W 0 -26200 -14900 -25537 -14835 -24899 -14641 -24311 -14327 -23796 -13904
 -23373 -13389 -23059 -12801 -22865 -12163 -22800 -11500 -22865 -10837
 -23059 -10199 -23373 -9611 -23796 -9096 -24311 -8673 -24899 -8359
 -25537 -8165 -26200 -8100:
  W 0 84400 -15200 83737 -15135 83099 -14941 82511 -14627 81996 -14204
 81573 -13689 81259 -13101 81065 -12463 81000 -11800 81065 -11137 81259 -10499
 81573 -9911 81996 -9396 82511 -8973 83099 -8659 83737 -8465 84400 -8400:
  W 0 -70000 -11700 6700 -11700:
  W 0 114000 -12000 58800 -12000:
  W 0 -14000 -68000 -14000 -30700 7100 -30700:
  W 0 7100 -45000 7100 -45600 27500 -45600:
  W 0 -26200 -71400 -25537 -71335 -24899 -71141 -24311 -70827 -23796 -70404
 -23373 -69889 -23059 -69301 -22865 -68663 -22800 -68000 -22865 -67337
 -23059 -66699 -23373 -66111 -23796 -65596 -24311 -65173 -24899 -64859
 -25537 -64665 -26200 -64600:
  W 0 -69500 -68100 -26200 -68100:
  W 0 -26400 -68100 -14000 -68100:
;
5 11 X 0 subckt;
9 LSmitll_AND2T_v1p5p1;
DS 0 1 1;
(SymbolCall gnd);
5 10 0 0 -46000 43000;
1 Bound -46000 42000 -43400 44000;
( Rotate 90 );
9 gnd;
C 0 R 0 1 T -45000 42000;
(SymbolCall gnd);
5 10 0 0 -20000 43000;
1 Bound -20000 42000 -17400 44000;
( Rotate 90 );
9 gnd;
C 0 R 0 1 T -19000 42000;
(SymbolCall gnd);
5 10 0 0 -46000 8000;
1 Bound -46000 7000 -43400 9000;
( Rotate 90 );
9 gnd;
C 0 R 0 1 T -45000 7000;
(SymbolCall gnd);
5 10 0 0 -20000 8000;
1 Bound -20000 7000 -17400 9000;
( Rotate 90 );
9 gnd;
C 0 R 0 1 T -19000 7000;
(SymbolCall gnd);
5 10 0 0 54000 8000;
1 Bound 54000 7000 56600 9000;
( Rotate 90 );
9 gnd;
C 0 R 0 1 T 55000 7000;
(SymbolCall gnd);
5 10 0 0 80000 8000;
1 Bound 80000 7000 82600 9000;
( Rotate 90 );
9 gnd;
C 0 R 0 1 T 81000 7000;
(SymbolCall gnd);
5 10 0 0 -62000 3000;
1 Bound -63000 400 -61000 3000;
9 gnd;
C 0 T -63000 2000;
(SymbolCall gnd);
5 10 0 0 -56000 3000;
1 Bound -57000 400 -55000 3000;
9 gnd;
C 0 T -57000 2000;
(SymbolCall gnd);
5 10 0 0 -36000 3000;
1 Bound -37000 400 -35000 3000;
9 gnd;
C 0 T -37000 2000;
(SymbolCall gnd);
5 10 0 0 -30000 3000;
1 Bound -31000 400 -29000 3000;
9 gnd;
C 0 T -31000 2000;
(SymbolCall gnd);
5 10 0 0 -10000 3000;
1 Bound -11000 400 -9000 3000;
9 gnd;
C 0 T -11000 2000;
(SymbolCall gnd);
5 10 0 0 -4000 3000;
1 Bound -5000 400 -3000 3000;
9 gnd;
C 0 T -5000 2000;
(SymbolCall gnd);
5 10 0 0 -46000 -29000;
1 Bound -46000 -30000 -43400 -28000;
( Rotate 90 );
9 gnd;
C 0 R 0 1 T -45000 -30000;
(SymbolCall gnd);
5 10 0 0 -20000 -29000;
1 Bound -20000 -30000 -17400 -28000;
( Rotate 90 );
9 gnd;
C 0 R 0 1 T -19000 -30000;
(SymbolCall gnd);
5 10 0 0 -62000 -32000;
1 Bound -63000 -34600 -61000 -32000;
9 gnd;
C 0 T -63000 -33000;
(SymbolCall gnd);
5 10 0 0 -56000 -32000;
1 Bound -57000 -34600 -55000 -32000;
9 gnd;
C 0 T -57000 -33000;
(SymbolCall gnd);
5 10 0 0 -36000 -32000;
1 Bound -37000 -34600 -35000 -32000;
9 gnd;
C 0 T -37000 -33000;
(SymbolCall gnd);
5 10 0 0 -30000 -32000;
1 Bound -31000 -34600 -29000 -32000;
9 gnd;
C 0 T -31000 -33000;
(SymbolCall gnd);
5 10 0 0 -10000 -32000;
1 Bound -11000 -34600 -9000 -32000;
9 gnd;
C 0 T -11000 -33000;
(SymbolCall gnd);
5 10 0 0 -4000 -32000;
1 Bound -5000 -34600 -3000 -32000;
9 gnd;
C 0 T -5000 -33000;
(SymbolCall gnd);
5 10 0 0 38000 -32000;
1 Bound 37000 -34600 39000 -32000;
9 gnd;
C 0 T 37000 -33000;
(SymbolCall gnd);
5 10 0 0 44000 -32000;
1 Bound 43000 -34600 45000 -32000;
9 gnd;
C 0 T 43000 -33000;
(SymbolCall gnd);
5 10 0 0 64000 -32000;
1 Bound 63000 -34600 65000 -32000;
9 gnd;
C 0 T 63000 -33000;
(SymbolCall gnd);
5 10 0 0 70000 -32000;
1 Bound 69000 -34600 71000 -32000;
9 gnd;
C 0 T 69000 -33000;
(SymbolCall gnd);
5 10 0 0 90000 -32000;
1 Bound 89000 -34600 91000 -32000;
9 gnd;
C 0 T 89000 -33000;
(SymbolCall gnd);
5 10 0 0 96000 -32000;
1 Bound 95000 -34600 97000 -32000;
9 gnd;
C 0 T 95000 -33000;
(SymbolCall gnd);
5 10 0 0 -62000 -69000;
1 Bound -63000 -71600 -61000 -69000;
9 gnd;
C 0 T -63000 -70000;
(SymbolCall gnd);
5 10 0 0 -56000 -69000;
1 Bound -57000 -71600 -55000 -69000;
9 gnd;
C 0 T -57000 -70000;
(SymbolCall gnd);
5 10 0 0 -36000 -69000;
1 Bound -37000 -71600 -35000 -69000;
9 gnd;
C 0 T -37000 -70000;
(SymbolCall gnd);
5 10 0 0 -30000 -69000;
1 Bound -31000 -71600 -29000 -69000;
9 gnd;
C 0 T -31000 -70000;
(SymbolCall gnd);
5 10 0 0 -10000 -69000;
1 Bound -11000 -71600 -9000 -69000;
9 gnd;
C 0 T -11000 -70000;
(SymbolCall gnd);
5 10 0 0 -4000 -69000;
1 Bound -5000 -71600 -3000 -69000;
9 gnd;
C 0 T -5000 -70000;
(SymbolCall ind);
5 10 5 1 -46000 23000 LPR01RX1-;
5 10 25 0 -46000 33000 LPR01RX1+;
5 15 -45000 32000 0 -1;
5 2 2e-13;
5 11 L.LPR01RX1 0;
1 Bound -46000 23000 -44500 33000;
9 ind;
C 0 T -47000 23000;
(SymbolCall ind);
5 10 27 1 -20000 23000 LPR1-;
5 10 26 0 -20000 33000 LPR1+;
5 15 -19000 32000 0 -1;
5 2 1.3e-14;
5 11 L.LPR1 1;
1 Bound -20000 23000 -18500 33000;
9 ind;
C 0 T -21000 23000;
(SymbolCall ind);
5 10 5 1 -62000 23000 L01RX1-;
5 10 2 0 -72000 23000 L01RX1+;
5 15 -71000 24000 1 0;
5 2 L01rx2;
5 11 L.L01RX1 2;
1 Bound -72000 23000 -62000 24500;
( Rotate 90 );
9 ind;
C 0 R 0 1 T -62000 22000;
(SymbolCall ind);
5 10 6 1 -36000 23000 L13-;
5 10 5 0 -46000 23000 L13+;
5 15 -45000 24000 1 0;
5 2 L13;
5 11 L.L13 3;
1 Bound -46000 23000 -36000 24500;
( Rotate 90 );
9 ind;
C 0 R 0 1 T -36000 22000;
(SymbolCall ind);
5 10 27 1 -20000 23000 L03-;
5 10 6 0 -30000 23000 L03+;
5 15 -29000 24000 1 0;
5 2 L03;
5 11 L.L03 4;
1 Bound -30000 23000 -20000 24500;
( Rotate 90 );
9 ind;
C 0 R 0 1 T -20000 22000;
(SymbolCall ind);
5 10 7 1 -10000 23000 L15-;
5 10 27 0 -20000 23000 L15+;
5 15 -19000 24000 1 0;
5 2 L15;
5 11 L.L15 5;
1 Bound -20000 23000 -10000 24500;
( Rotate 90 );
9 ind;
C 0 R 0 1 T -10000 22000;
(SymbolCall ind);
5 10 8 1 6000 23000 L21-;
5 10 7 0 -4000 23000 L21+;
5 15 -3000 24000 1 0;
5 2 L21;
5 11 L.L21 6;
1 Bound -4000 23000 6000 24500;
( Rotate 90 );
9 ind;
C 0 R 0 1 T 6000 22000;
(SymbolCall ind);
5 10 9 1 22000 23000 L01-;
5 10 8 0 12000 23000 L01+;
5 15 13000 24000 1 0;
5 2 L01;
5 11 L.L01 7;
1 Bound 12000 23000 22000 24500;
( Rotate 90 );
9 ind;
C 0 R 0 1 T 22000 22000;
(SymbolCall ind);
5 10 0 1 -62000 3000 LP01RX1-;
5 10 28 0 -62000 13000 LP01RX1+;
5 15 -61000 12000 0 -1;
5 2 3.4e-13;
5 11 L.LP01RX1 8;
1 Bound -62000 3000 -60500 13000;
9 ind;
C 0 T -63000 3000;
(SymbolCall ind);
5 10 0 1 -56000 3000 LRB01RX1-;
5 10 29 0 -56000 13000 LRB01RX1+;
5 15 -55000 12000 0 -1;
5 2 LRB01rx2;
5 11 L.LRB01RX1 9;
1 Bound -56000 3000 -54500 13000;
9 ind;
C 0 T -57000 3000;
(SymbolCall ind);
5 10 0 1 -36000 3000 LP10-;
5 10 30 0 -36000 13000 LP10+;
5 15 -35000 12000 0 -1;
5 2 2.21e-13;
5 11 L.LP10 10;
1 Bound -36000 3000 -34500 13000;
9 ind;
C 0 T -37000 3000;
(SymbolCall ind);
5 10 0 1 -30000 3000 LRB10-;
5 10 31 0 -30000 13000 LRB10+;
5 15 -29000 12000 0 -1;
5 2 LRB10;
5 11 L.LRB10 11;
1 Bound -30000 3000 -28500 13000;
9 ind;
C 0 T -31000 3000;
(SymbolCall ind);
5 10 0 1 -10000 3000 LP01-;
5 10 32 0 -10000 13000 LP01+;
5 15 -9000 12000 0 -1;
5 2 2.55e-13;
5 11 L.LP01 12;
1 Bound -10000 3000 -8500 13000;
9 ind;
C 0 T -11000 3000;
(SymbolCall ind);
5 10 0 1 -4000 3000 LRB01-;
5 10 33 0 -4000 13000 LRB01+;
5 15 -3000 12000 0 -1;
5 2 LRB01;
5 11 L.LRB01 13;
1 Bound -4000 3000 -2500 13000;
9 ind;
C 0 T -5000 3000;
(SymbolCall ind);
5 10 10 1 12000 3000 LRB03-;
5 10 34 0 12000 13000 LRB03+;
5 15 13000 12000 0 -1;
5 2 LRB03;
5 11 L.LRB03 14;
1 Bound 12000 3000 13500 13000;
9 ind;
C 0 T 11000 3000;
(SymbolCall ind);
5 10 11 1 28000 3000 LRB05-;
5 10 35 0 28000 13000 LRB05+;
5 15 29000 12000 0 -1;
5 2 LRB05;
5 11 L.LRB05 15;
1 Bound 28000 3000 29500 13000;
9 ind;
C 0 T 27000 3000;
(SymbolCall ind);
5 10 12 1 6000 -7000 L05-;
5 10 10 0 6000 3000 L05+;
5 15 7000 2000 0 -1;
5 2 L05;
5 11 L.L05 16;
1 Bound 6000 -7000 7500 3000;
9 ind;
C 0 T 5000 -7000;
(SymbolCall ind);
5 10 13 1 -46000 -12000 LPR01RX3-;
5 10 36 0 -46000 -2000 LPR01RX3+;
5 15 -45000 -3000 0 -1;
5 2 2e-13;
5 11 L.LPR01RX3 17;
1 Bound -46000 -12000 -44500 -2000;
9 ind;
C 0 T -47000 -12000;
(SymbolCall ind);
5 10 40 1 -20000 -12000 LPR4-;
5 10 37 0 -20000 -2000 LPR4+;
5 15 -19000 -3000 0 -1;
5 2 8.499999999999999e-13;
5 11 L.LPR4 18;
1 Bound -20000 -12000 -18500 -2000;
9 ind;
C 0 T -21000 -12000;
(SymbolCall ind);
5 10 41 1 54000 -12000 LPR3-;
5 10 38 0 54000 -2000 LPR3+;
5 15 55000 -3000 0 -1;
5 2 1.901e-12;
5 11 L.LPR3 19;
1 Bound 54000 -12000 55500 -2000;
9 ind;
C 0 T 53000 -12000;
(SymbolCall ind);
5 10 18 1 80000 -12000 LPR01TX1-;
5 10 39 0 80000 -2000 LPR01TX1+;
5 15 81000 -3000 0 -1;
5 2 2e-13;
5 11 L.LPR01TX1 20;
1 Bound 80000 -12000 81500 -2000;
9 ind;
C 0 T 79000 -12000;
(SymbolCall ind);
5 10 13 1 -62000 -12000 L01RX3-;
5 10 1 0 -72000 -12000 L01RX3+;
5 15 -71000 -11000 1 0;
5 2 L01rx3;
5 11 L.L01RX3 21;
1 Bound -72000 -12000 -62000 -10500;
( Rotate 90 );
9 ind;
C 0 R 0 1 T -62000 -13000;
(SymbolCall ind);
5 10 14 1 -36000 -12000 L17-;
5 10 13 0 -46000 -12000 L17+;
5 15 -45000 -11000 1 0;
5 2 L17;
5 11 L.L17 22;
1 Bound -46000 -12000 -36000 -10500;
( Rotate 90 );
9 ind;
C 0 R 0 1 T -36000 -13000;
(SymbolCall ind);
5 10 40 1 -20000 -12000 L19-;
5 10 14 0 -30000 -12000 L19+;
5 15 -29000 -11000 1 0;
5 2 L19;
5 11 L.L19 23;
1 Bound -30000 -12000 -20000 -10500;
( Rotate 90 );
9 ind;
C 0 R 0 1 T -20000 -13000;
(SymbolCall ind);
5 10 15 1 -10000 -12000 L07-;
5 10 40 0 -20000 -12000 L07+;
5 15 -19000 -11000 1 0;
5 2 L07;
5 11 L.L07 24;
1 Bound -20000 -12000 -10000 -10500;
( Rotate 90 );
9 ind;
C 0 R 0 1 T -10000 -13000;
(SymbolCall ind);
5 10 12 1 6000 -12000 L23-;
5 10 15 0 -4000 -12000 L23+;
5 15 -3000 -11000 1 0;
5 2 L23;
5 11 L.L23 25;
1 Bound -4000 -12000 6000 -10500;
( Rotate 90 );
9 ind;
C 0 R 0 1 T 6000 -13000;
(SymbolCall ind);
5 10 16 1 38000 -12000 L20-;
5 10 11 0 28000 -12000 L20+;
5 15 29000 -11000 1 0;
5 2 L20;
5 11 L.L20 26;
1 Bound 28000 -12000 38000 -10500;
( Rotate 90 );
9 ind;
C 0 R 0 1 T 38000 -13000;
(SymbolCall ind);
5 10 41 1 54000 -12000 L08-;
5 10 16 0 44000 -12000 L08+;
5 15 45000 -11000 1 0;
5 2 L08;
5 11 L.L08 27;
1 Bound 44000 -12000 54000 -10500;
( Rotate 90 );
9 ind;
C 0 R 0 1 T 54000 -13000;
(SymbolCall ind);
5 10 17 1 64000 -12000 L09-;
5 10 41 0 54000 -12000 L09+;
5 15 55000 -11000 1 0;
5 2 L09;
5 11 L.L09 28;
1 Bound 54000 -12000 64000 -10500;
( Rotate 90 );
9 ind;
C 0 R 0 1 T 64000 -13000;
(SymbolCall ind);
5 10 18 1 80000 -12000 L01TX1-;
5 10 17 0 70000 -12000 L01TX1+;
5 15 71000 -11000 1 0;
5 2 L01tx1;
5 11 L.L01TX1 29;
1 Bound 70000 -12000 80000 -10500;
( Rotate 90 );
9 ind;
C 0 R 0 1 T 80000 -13000;
(SymbolCall ind);
5 10 42 1 106000 -12000 L02TX1-;
5 10 18 0 96000 -12000 L02TX1+;
5 15 97000 -11000 1 0;
5 2 L02tx1;
5 11 L.L02TX1 30;
1 Bound 96000 -12000 106000 -10500;
( Rotate 90 );
9 ind;
C 0 R 0 1 T 106000 -13000;
(SymbolCall ind);
5 10 19 1 6000 -29000 L06-;
5 10 12 0 6000 -19000 L06+;
5 15 7000 -20000 0 -1;
5 2 L05;
5 11 L.L06 31;
1 Bound 6000 -29000 7500 -19000;
9 ind;
C 0 T 5000 -29000;
(SymbolCall ind);
5 10 0 1 -62000 -32000 LP01RX3-;
5 10 43 0 -62000 -22000 LP01RX3+;
5 15 -61000 -23000 0 -1;
5 2 3.4e-13;
5 11 L.LP01RX3 32;
1 Bound -62000 -32000 -60500 -22000;
9 ind;
C 0 T -63000 -32000;
(SymbolCall ind);
5 10 0 1 -56000 -32000 LRB01RX3-;
5 10 44 0 -56000 -22000 LRB01RX3+;
5 15 -55000 -23000 0 -1;
5 2 LRB01rx3;
5 11 L.LRB01RX3 33;
1 Bound -56000 -32000 -54500 -22000;
9 ind;
C 0 T -57000 -32000;
(SymbolCall ind);
5 10 0 1 -36000 -32000 LP14-;
5 10 45 0 -36000 -22000 LP14+;
5 15 -35000 -23000 0 -1;
5 2 1.8699999999999999e-13;
5 11 L.LP14 34;
1 Bound -36000 -32000 -34500 -22000;
9 ind;
C 0 T -37000 -32000;
(SymbolCall ind);
5 10 0 1 -30000 -32000 LRB14-;
5 10 46 0 -30000 -22000 LRB14+;
5 15 -29000 -23000 0 -1;
5 2 LRB14;
5 11 L.LRB14 35;
1 Bound -30000 -32000 -28500 -22000;
9 ind;
C 0 T -31000 -32000;
(SymbolCall ind);
5 10 0 1 -10000 -32000 LP08-;
5 10 47 0 -10000 -22000 LP08+;
5 15 -9000 -23000 0 -1;
5 2 2.1099999999999998e-13;
5 11 L.LP08 36;
1 Bound -10000 -32000 -8500 -22000;
9 ind;
C 0 T -11000 -32000;
(SymbolCall ind);
5 10 0 1 -4000 -32000 LRB08-;
5 10 48 0 -4000 -22000 LRB08+;
5 15 -3000 -23000 0 -1;
5 2 LRB08;
5 11 L.LRB08 37;
1 Bound -4000 -32000 -2500 -22000;
9 ind;
C 0 T -5000 -32000;
(SymbolCall ind);
5 10 0 1 38000 -32000 LP07-;
5 10 49 0 38000 -22000 LP07+;
5 15 39000 -23000 0 -1;
5 2 2.99e-13;
5 11 L.LP07 38;
1 Bound 38000 -32000 39500 -22000;
9 ind;
C 0 T 37000 -32000;
(SymbolCall ind);
5 10 0 1 44000 -32000 LRB07-;
5 10 50 0 44000 -22000 LRB07+;
5 15 45000 -23000 0 -1;
5 2 LRB07;
5 11 L.LRB07 39;
1 Bound 44000 -32000 45500 -22000;
9 ind;
C 0 T 43000 -32000;
(SymbolCall ind);
5 10 0 1 64000 -32000 LP09-;
5 10 51 0 64000 -22000 LP09+;
5 15 65000 -23000 0 -1;
5 2 1.74e-13;
5 11 L.LP09 40;
1 Bound 64000 -32000 65500 -22000;
9 ind;
C 0 T 63000 -32000;
(SymbolCall ind);
5 10 0 1 70000 -32000 LRB09-;
5 10 52 0 70000 -22000 LRB09+;
5 15 71000 -23000 0 -1;
5 2 LRB09;
5 11 L.LRB09 41;
1 Bound 70000 -32000 71500 -22000;
9 ind;
C 0 T 69000 -32000;
(SymbolCall ind);
5 10 0 1 90000 -32000 LP01TX1-;
5 10 53 0 90000 -22000 LP01TX1+;
5 15 91000 -23000 0 -1;
5 2 5e-14;
5 11 L.LP01TX1 42;
1 Bound 90000 -32000 91500 -22000;
9 ind;
C 0 T 89000 -32000;
(SymbolCall ind);
5 10 0 1 96000 -32000 LRB01TX1-;
5 10 54 0 96000 -22000 LRB01TX1+;
5 15 97000 -23000 0 -1;
5 2 LRB01tx1;
5 11 L.LRB01TX1 43;
1 Bound 96000 -32000 97500 -22000;
9 ind;
C 0 T 95000 -32000;
(SymbolCall ind);
5 10 57 1 12000 -39000 LRB04-;
5 10 19 0 12000 -29000 LRB04+;
5 15 13000 -30000 0 -1;
5 2 LRB03;
5 11 L.LRB04 44;
1 Bound 12000 -39000 13500 -29000;
9 ind;
C 0 T 11000 -39000;
(SymbolCall ind);
5 10 58 1 28000 -39000 LRB06-;
5 10 11 0 28000 -29000 LRB06+;
5 15 29000 -30000 0 -1;
5 2 LRB05;
5 11 L.LRB06 45;
1 Bound 28000 -39000 29500 -29000;
9 ind;
C 0 T 27000 -39000;
(SymbolCall ind);
5 10 20 1 -46000 -49000 LPR01RX2-;
5 10 55 0 -46000 -39000 LPR01RX2+;
5 15 -45000 -40000 0 -1;
5 2 2e-13;
5 11 L.LPR01RX2 46;
1 Bound -46000 -49000 -44500 -39000;
9 ind;
C 0 T -47000 -49000;
(SymbolCall ind);
5 10 59 1 -20000 -49000 LPR2-;
5 10 56 0 -20000 -39000 LPR2+;
5 15 -19000 -40000 0 -1;
5 2 1.3e-14;
5 11 L.LPR2 47;
1 Bound -20000 -49000 -18500 -39000;
9 ind;
C 0 T -21000 -49000;
(SymbolCall ind);
5 10 20 1 -62000 -49000 L01RX2-;
5 10 3 0 -72000 -49000 L01RX2+;
5 15 -71000 -48000 1 0;
5 2 L01rx2;
5 11 L.L01RX2 48;
1 Bound -72000 -49000 -62000 -47500;
( Rotate 90 );
9 ind;
C 0 R 0 1 T -62000 -50000;
(SymbolCall ind);
5 10 21 1 -36000 -49000 L14-;
5 10 20 0 -46000 -49000 L14+;
5 15 -45000 -48000 1 0;
5 2 L13;
5 11 L.L14 49;
1 Bound -46000 -49000 -36000 -47500;
( Rotate 90 );
9 ind;
C 0 R 0 1 T -36000 -50000;
(SymbolCall ind);
5 10 59 1 -20000 -49000 L04-;
5 10 21 0 -30000 -49000 L04+;
5 15 -29000 -48000 1 0;
5 2 L03;
5 11 L.L04 50;
1 Bound -30000 -49000 -20000 -47500;
( Rotate 90 );
9 ind;
C 0 R 0 1 T -20000 -50000;
(SymbolCall ind);
5 10 22 1 -10000 -49000 L16-;
5 10 59 0 -20000 -49000 L16+;
5 15 -19000 -48000 1 0;
5 2 L15;
5 11 L.L16 51;
1 Bound -20000 -49000 -10000 -47500;
( Rotate 90 );
9 ind;
C 0 R 0 1 T -10000 -50000;
(SymbolCall ind);
5 10 23 1 6000 -49000 L22-;
5 10 22 0 -4000 -49000 L22+;
5 15 -3000 -48000 1 0;
5 2 L21;
5 11 L.L22 52;
1 Bound -4000 -49000 6000 -47500;
( Rotate 90 );
9 ind;
C 0 R 0 1 T 6000 -50000;
(SymbolCall ind);
5 10 24 1 22000 -49000 L02-;
5 10 23 0 12000 -49000 L02+;
5 15 13000 -48000 1 0;
5 2 L01;
5 11 L.L02 53;
1 Bound 12000 -49000 22000 -47500;
( Rotate 90 );
9 ind;
C 0 R 0 1 T 22000 -50000;
(SymbolCall ind);
5 10 0 1 -62000 -69000 LP01RX2-;
5 10 60 0 -62000 -59000 LP01RX2+;
5 15 -61000 -60000 0 -1;
5 2 3.4e-13;
5 11 L.LP01RX2 54;
1 Bound -62000 -69000 -60500 -59000;
9 ind;
C 0 T -63000 -69000;
(SymbolCall ind);
5 10 0 1 -56000 -69000 LRB01RX2-;
5 10 61 0 -56000 -59000 LRB01RX2+;
5 15 -55000 -60000 0 -1;
5 2 LRB01rx2;
5 11 L.LRB01RX2 55;
1 Bound -56000 -69000 -54500 -59000;
9 ind;
C 0 T -57000 -69000;
(SymbolCall ind);
5 10 0 1 -36000 -69000 LP11-;
5 10 62 0 -36000 -59000 LP11+;
5 15 -35000 -60000 0 -1;
5 2 2.21e-13;
5 11 L.LP11 56;
1 Bound -36000 -69000 -34500 -59000;
9 ind;
C 0 T -37000 -69000;
(SymbolCall ind);
5 10 0 1 -30000 -69000 LRB11-;
5 10 63 0 -30000 -59000 LRB11+;
5 15 -29000 -60000 0 -1;
5 2 LRB10;
5 11 L.LRB11 57;
1 Bound -30000 -69000 -28500 -59000;
9 ind;
C 0 T -31000 -69000;
(SymbolCall ind);
5 10 0 1 -10000 -69000 LP02-;
5 10 64 0 -10000 -59000 LP02+;
5 15 -9000 -60000 0 -1;
5 2 2.55e-13;
5 11 L.LP02 58;
1 Bound -10000 -69000 -8500 -59000;
9 ind;
C 0 T -11000 -69000;
(SymbolCall ind);
5 10 0 1 -4000 -69000 LRB02-;
5 10 65 0 -4000 -59000 LRB02+;
5 15 -3000 -60000 0 -1;
5 2 LRB01;
5 11 L.LRB02 59;
1 Bound -4000 -69000 -2500 -59000;
9 ind;
C 0 T -5000 -69000;
(SymbolCall isrc);
5 10 25 1 -46000 33000 IB01RX1_1;
5 10 0 0 -46000 43000 IB01RX1_0;
5 15 -46000 37000 0 -1 @<name>[c];
5 2 pwl(0 0 5p IB01rx2);
5 11 I.IB01RX1 0;
5 5 nophys;
1 Bound -48000 33000 -44000 43000;
9 isrc;
C 0 T -48000 33000;
(SymbolCall isrc);
5 10 26 1 -20000 33000 IB01_1;
5 10 0 0 -20000 43000 IB01_0;
5 15 -20000 37000 0 -1 @<name>[c];
5 2 pwl(0 0 5p IB01);
5 11 I.IB01 1;
5 5 nophys;
1 Bound -22000 33000 -18000 43000;
9 isrc;
C 0 T -22000 33000;
(SymbolCall isrc);
5 10 36 1 -46000 -2000 IB01RX3_1;
5 10 0 0 -46000 8000 IB01RX3_0;
5 15 -46000 2000 0 -1 @<name>[c];
5 2 pwl(0 0 5p IB01rx3);
5 11 I.IB01RX3 2;
5 5 nophys;
1 Bound -48000 -2000 -44000 8000;
9 isrc;
C 0 T -48000 -2000;
(SymbolCall isrc);
5 10 37 1 -20000 -2000 IB07_1;
5 10 0 0 -20000 8000 IB07_0;
5 15 -20000 2000 0 -1 @<name>[c];
5 2 pwl(0 0 5p IB07);
5 11 I.IB07 3;
5 5 nophys;
1 Bound -22000 -2000 -18000 8000;
9 isrc;
C 0 T -22000 -2000;
(SymbolCall isrc);
5 10 38 1 54000 -2000 IB03_1;
5 10 0 0 54000 8000 IB03_0;
5 15 54000 2000 0 -1 @<name>[c];
5 2 pwl(0 0 5p IB03);
5 11 I.IB03 4;
5 5 nophys;
1 Bound 52000 -2000 56000 8000;
9 isrc;
C 0 T 52000 -2000;
(SymbolCall isrc);
5 10 39 1 80000 -2000 IB01TX1_1;
5 10 0 0 80000 8000 IB01TX1_0;
5 15 80000 2000 0 -1 @<name>[c];
5 2 pwl(0 0 5p IB01tx1);
5 11 I.IB01TX1 5;
5 5 nophys;
1 Bound 78000 -2000 82000 8000;
9 isrc;
C 0 T 78000 -2000;
(SymbolCall isrc);
5 10 55 1 -46000 -39000 IB01RX2_1;
5 10 0 0 -46000 -29000 IB01RX2_0;
5 15 -46000 -35000 0 -1 @<name>[c];
5 2 pwl(0 0 5p IB01rx2);
5 11 I.IB01RX2 6;
5 5 nophys;
1 Bound -48000 -39000 -44000 -29000;
9 isrc;
C 0 T -48000 -39000;
(SymbolCall isrc);
5 10 56 1 -20000 -39000 IB02_1;
5 10 0 0 -20000 -29000 IB02_0;
5 15 -20000 -35000 0 -1 @<name>[c];
5 2 pwl(0 0 5p IB01);
5 11 I.IB02 7;
5 5 nophys;
1 Bound -22000 -39000 -18000 -29000;
9 isrc;
C 0 T -22000 -39000;
(SymbolCall jj);
5 1 jjmit;
5 10 66 2 -63000 21000 B01RX1_2;
5 10 28 1 -62000 13000 B01RX1-;
5 10 5 0 -62000 23000 B01RX1+;
5 3 area=B01rx2;
5 11 B.B01RX1 0;
1 Bound -63500 13000 -60500 23000;
9 jj;
C 0 T -63000 13000;
(SymbolCall jj);
5 1 jjmit;
5 10 67 2 -37000 21000 B10_2;
5 10 30 1 -36000 13000 B10-;
5 10 6 0 -36000 23000 B10+;
5 3 area=B10;
5 11 B.B10 1;
1 Bound -37500 13000 -34500 23000;
9 jj;
C 0 T -37000 13000;
(SymbolCall jj);
5 1 jjmit;
5 10 68 2 -11000 21000 B01_2;
5 10 32 1 -10000 13000 B01-;
5 10 7 0 -10000 23000 B01+;
5 3 area=B01;
5 11 B.B01 2;
1 Bound -11500 13000 -8500 23000;
9 jj;
C 0 T -11000 13000;
(SymbolCall jj);
5 1 jjmit;
5 10 69 2 5000 21000 B03_2;
5 10 10 1 6000 13000 B03-;
5 10 8 0 6000 23000 B03+;
5 3 area=B03;
5 11 B.B03 3;
1 Bound 4500 13000 7500 23000;
9 jj;
C 0 T 5000 13000;
(SymbolCall jj);
5 1 jjmit;
5 10 70 2 21000 21000 B05_2;
5 10 11 1 22000 13000 B05-;
5 10 9 0 22000 23000 B05+;
5 3 area=B05;
5 11 B.B05 4;
1 Bound 20500 13000 23500 23000;
9 jj;
C 0 T 21000 13000;
(SymbolCall jj);
5 1 jjmit;
5 10 71 2 -63000 -14000 B01RX3_2;
5 10 43 1 -62000 -22000 B01RX3-;
5 10 13 0 -62000 -12000 B01RX3+;
5 3 area=B01rx3;
5 11 B.B01RX3 5;
1 Bound -63500 -22000 -60500 -12000;
9 jj;
C 0 T -63000 -22000;
(SymbolCall jj);
5 1 jjmit;
5 10 72 2 -37000 -14000 B14_2;
5 10 45 1 -36000 -22000 B14-;
5 10 14 0 -36000 -12000 B14+;
5 3 area=B14;
5 11 B.B14 6;
1 Bound -37500 -22000 -34500 -12000;
9 jj;
C 0 T -37000 -22000;
(SymbolCall jj);
5 1 jjmit;
5 10 73 2 -11000 -14000 B08_2;
5 10 47 1 -10000 -22000 B08-;
5 10 15 0 -10000 -12000 B08+;
5 3 area=B08;
5 11 B.B08 7;
1 Bound -11500 -22000 -8500 -12000;
9 jj;
C 0 T -11000 -22000;
(SymbolCall jj);
5 1 jjmit;
5 10 74 2 37000 -14000 B07_2;
5 10 49 1 38000 -22000 B07-;
5 10 16 0 38000 -12000 B07+;
5 3 area=B07;
5 11 B.B07 8;
1 Bound 36500 -22000 39500 -12000;
9 jj;
C 0 T 37000 -22000;
(SymbolCall jj);
5 1 jjmit;
5 10 75 2 63000 -14000 B09_2;
5 10 51 1 64000 -22000 B09-;
5 10 17 0 64000 -12000 B09+;
5 3 area=B09;
5 11 B.B09 9;
1 Bound 62500 -22000 65500 -12000;
9 jj;
C 0 T 63000 -22000;
(SymbolCall jj);
5 1 jjmit;
5 10 76 2 89000 -14000 B01TX1_2;
5 10 53 1 90000 -22000 B01TX1-;
5 10 18 0 90000 -12000 B01TX1+;
5 3 area=B01tx1;
5 11 B.B01TX1 10;
1 Bound 88500 -22000 91500 -12000;
9 jj;
C 0 T 89000 -22000;
(SymbolCall jj);
5 1 jjmit;
5 10 77 2 7000 -47000 B04_2;
5 10 19 1 6000 -39000 B04-;
5 10 23 0 6000 -49000 B04+;
5 3 area=B03;
5 11 B.B04 11;
1 Bound 4500 -49000 7500 -39000;
( Rotate 180 );
9 jj;
C 0 R -1 0 T 7000 -39000;
(SymbolCall jj);
5 1 jjmit;
5 10 78 2 23000 -47000 B06_2;
5 10 11 1 22000 -39000 B06-;
5 10 24 0 22000 -49000 B06+;
5 3 area=B05;
5 11 B.B06 12;
1 Bound 20500 -49000 23500 -39000;
( Rotate 180 );
9 jj;
C 0 R -1 0 T 23000 -39000;
(SymbolCall jj);
5 1 jjmit;
5 10 79 2 -63000 -51000 B01RX2_2;
5 10 60 1 -62000 -59000 B01RX2-;
5 10 20 0 -62000 -49000 B01RX2+;
5 3 area=B01rx2;
5 11 B.B01RX2 13;
1 Bound -63500 -59000 -60500 -49000;
9 jj;
C 0 T -63000 -59000;
(SymbolCall jj);
5 1 jjmit;
5 10 80 2 -37000 -51000 B11_2;
5 10 62 1 -36000 -59000 B11-;
5 10 21 0 -36000 -49000 B11+;
5 3 area=B10;
5 11 B.B11 14;
1 Bound -37500 -59000 -34500 -49000;
9 jj;
C 0 T -37000 -59000;
(SymbolCall jj);
5 1 jjmit;
5 10 81 2 -11000 -51000 B02_2;
5 10 64 1 -10000 -59000 B02-;
5 10 22 0 -10000 -49000 B02+;
5 3 area=B01;
5 11 B.B02 15;
1 Bound -11500 -59000 -8500 -49000;
9 jj;
C 0 T -11000 -59000;
(SymbolCall res);
5 10 29 1 -56000 13000 RB01RX1-;
5 10 5 0 -56000 23000 RB01RX1+;
5 15 -57000 22000 0 -1 "<v>/<value>O";
5 1 RB01rx2;
5 11 R.RB01RX1 0;
1 Bound -57250 13000 -55000 23000;
9 res;
C 0 T -56000 23000;
(SymbolCall res);
5 10 31 1 -30000 13000 RB10-;
5 10 6 0 -30000 23000 RB10+;
5 15 -31000 22000 0 -1 "<v>/<value>O";
5 1 RB10;
5 11 R.RB10 1;
1 Bound -31250 13000 -29000 23000;
9 res;
C 0 T -30000 23000;
(SymbolCall res);
5 10 33 1 -4000 13000 RB01-;
5 10 7 0 -4000 23000 RB01+;
5 15 -5000 22000 0 -1 "<v>/<value>O";
5 1 RB01;
5 11 R.RB01 2;
1 Bound -5250 13000 -3000 23000;
9 res;
C 0 T -4000 23000;
(SymbolCall res);
5 10 34 1 12000 13000 RB03-;
5 10 8 0 12000 23000 RB03+;
5 15 11000 22000 0 -1 "<v>/<value>O";
5 1 RB03;
5 11 R.RB03 3;
1 Bound 10750 13000 13000 23000;
9 res;
C 0 T 12000 23000;
(SymbolCall res);
5 10 35 1 28000 13000 RB05-;
5 10 9 0 28000 23000 RB05+;
5 15 27000 22000 0 -1 "<v>/<value>O";
5 1 RB05;
5 11 R.RB05 4;
1 Bound 26750 13000 29000 23000;
9 res;
C 0 T 28000 23000;
(SymbolCall res);
5 10 4 1 116000 -12000 RINSTX1-;
5 10 42 0 106000 -12000 RINSTX1+;
5 15 107000 -13000 1 0 "<v>/<value>O";
5 2 1.36;
5 11 R.RINSTX1 5;
1 Bound 106000 -13250 116000 -11000;
( Rotate 90 );
9 res;
C 0 R 0 1 T 106000 -12000;
(SymbolCall res);
5 10 44 1 -56000 -22000 RB01RX3-;
5 10 13 0 -56000 -12000 RB01RX3+;
5 15 -57000 -13000 0 -1 "<v>/<value>O";
5 1 RB01rx3;
5 11 R.RB01RX3 6;
1 Bound -57250 -22000 -55000 -12000;
9 res;
C 0 T -56000 -12000;
(SymbolCall res);
5 10 46 1 -30000 -22000 RB14-;
5 10 14 0 -30000 -12000 RB14+;
5 15 -31000 -13000 0 -1 "<v>/<value>O";
5 1 RB14;
5 11 R.RB14 7;
1 Bound -31250 -22000 -29000 -12000;
9 res;
C 0 T -30000 -12000;
(SymbolCall res);
5 10 48 1 -4000 -22000 RB08-;
5 10 15 0 -4000 -12000 RB08+;
5 15 -5000 -13000 0 -1 "<v>/<value>O";
5 1 RB08;
5 11 R.RB08 8;
1 Bound -5250 -22000 -3000 -12000;
9 res;
C 0 T -4000 -12000;
(SymbolCall res);
5 10 50 1 44000 -22000 RB07-;
5 10 16 0 44000 -12000 RB07+;
5 15 43000 -13000 0 -1 "<v>/<value>O";
5 1 RB07;
5 11 R.RB07 9;
1 Bound 42750 -22000 45000 -12000;
9 res;
C 0 T 44000 -12000;
(SymbolCall res);
5 10 52 1 70000 -22000 RB09-;
5 10 17 0 70000 -12000 RB09+;
5 15 69000 -13000 0 -1 "<v>/<value>O";
5 1 RB09;
5 11 R.RB09 10;
1 Bound 68750 -22000 71000 -12000;
9 res;
C 0 T 70000 -12000;
(SymbolCall res);
5 10 54 1 96000 -22000 RB01TX1-;
5 10 18 0 96000 -12000 RB01TX1+;
5 15 95000 -13000 0 -1 "<v>/<value>O";
5 1 RB01tx1;
5 11 R.RB01TX1 11;
1 Bound 94750 -22000 97000 -12000;
9 res;
C 0 T 96000 -12000;
(SymbolCall res);
5 10 23 1 12000 -49000 RB04-;
5 10 57 0 12000 -39000 RB04+;
5 15 11000 -40000 0 -1 "<v>/<value>O";
5 1 RB03;
5 11 R.RB04 12;
1 Bound 10750 -49000 13000 -39000;
9 res;
C 0 T 12000 -39000;
(SymbolCall res);
5 10 24 1 28000 -49000 RB06-;
5 10 58 0 28000 -39000 RB06+;
5 15 27000 -40000 0 -1 "<v>/<value>O";
5 1 RB05;
5 11 R.RB06 13;
1 Bound 26750 -49000 29000 -39000;
9 res;
C 0 T 28000 -39000;
(SymbolCall res);
5 10 61 1 -56000 -59000 RB01RX2-;
5 10 20 0 -56000 -49000 RB01RX2+;
5 15 -57000 -50000 0 -1 "<v>/<value>O";
5 1 RB01rx2;
5 11 R.RB01RX2 14;
1 Bound -57250 -59000 -55000 -49000;
9 res;
C 0 T -56000 -49000;
(SymbolCall res);
5 10 63 1 -30000 -59000 RB11-;
5 10 21 0 -30000 -49000 RB11+;
5 15 -31000 -50000 0 -1 "<v>/<value>O";
5 1 RB10;
5 11 R.RB11 15;
1 Bound -31250 -59000 -29000 -49000;
9 res;
C 0 T -30000 -49000;
(SymbolCall res);
5 10 65 1 -4000 -59000 RB02-;
5 10 22 0 -4000 -49000 RB02+;
5 15 -5000 -50000 0 -1 "<v>/<value>O";
5 1 RB01;
5 11 R.RB02 16;
1 Bound -5250 -59000 -3000 -49000;
9 res;
C 0 T -4000 -49000;
L SCED;
5 10 5;
W2 0 -62000 23000 -56000 23000 -46000 23000;
5 10 6;
W2 0 -36000 23000 -30000 23000;
5 10 7;
W2 0 -4000 23000 -10000 23000;
5 10 8;
W2 0 12000 23000 6000 23000;
5 10 9;
W2 0 22000 23000 28000 23000;
5 10 10;
W2 0 6000 13000 6000 3000 12000 3000;
5 10 11;
W2 0 22000 13000 22000 3000 28000 3000 28000 -12000 28000 -29000 22000 -29000
  22000 -39000;
5 10 12;
W2 0 6000 -7000 6000 -12000 6000 -19000;
5 10 13;
W2 0 -62000 -12000 -56000 -12000 -46000 -12000;
5 10 14;
W2 0 -36000 -12000 -30000 -12000;
5 10 15;
W2 0 -10000 -12000 -4000 -12000;
5 10 16;
W2 0 38000 -12000 44000 -12000;
5 10 17;
W2 0 64000 -12000 70000 -12000;
5 10 18;
W2 0 80000 -12000 90000 -12000 96000 -12000;
5 10 19;
W2 0 12000 -29000 6000 -29000 6000 -39000;
5 10 20;
W2 0 -62000 -49000 -56000 -49000 -46000 -49000;
5 10 21;
W2 0 -36000 -49000 -30000 -49000;
5 10 22;
W2 0 -10000 -49000 -4000 -49000;
5 10 23;
W2 0 6000 -49000 12000 -49000;
5 10 24;
W2 0 22000 -49000 28000 -49000;
L NAME;
5 16 I 0 11;
94 <<IB01RX1>> -48250 41750 320 3525 1000;
5 16 I 1 11;
94 <<IB01>> -22250 41750 320 1950 1000;
5 16 L 0 11;
94 <<LPR01RX1>> -46250 31750 320 4425 1000;
5 16 L 1 11;
94 <<LPR1>> -20250 31750 320 2250 1000;
5 16 L 2 11;
94 <<L01RX1>> -71750 24750 0 3225 1000;
5 16 L 3 11;
94 <<L13>> -45750 24750 0 1650 1000;
5 16 L 4 11;
94 <<L03>> -29750 24750 0 1875 1000;
5 16 L 5 11;
94 <<L15>> -19750 24750 0 1650 1000;
5 16 L 6 11;
94 <<L21>> -3750 24750 0 1650 1000;
5 16 L 7 11;
94 <<L01>> 12250 24750 0 1650 1000;
5 16 B 0 11;
94 <<B01RX1>> -63750 21750 320 3225 1000;
5 16 R 0 11;
94 <<RB01RX1>> -57500 21750 320 3825 1000;
5 16 B 1 11;
94 <<B10>> -37750 21750 320 1650 1000;
5 16 R 1 11;
94 <<RB10>> -31500 21750 320 2250 1000;
5 16 B 2 11;
94 <<B01>> -11750 21750 320 1650 1000;
5 16 R 2 11;
94 <<RB01>> -5500 21750 320 2250 1000;
5 16 B 3 11;
94 <<B03>> 4250 21750 320 1875 1000;
5 16 R 3 11;
94 <<RB03>> 10500 21750 320 2475 1000;
5 16 B 4 11;
94 <<B05>> 20250 21750 320 1875 1000;
5 16 R 4 11;
94 <<RB05>> 26500 21750 320 2475 1000;
5 16 L 8 11;
94 <<LP01RX1>> -62250 11750 320 3825 1000;
5 16 L 9 11;
94 <<LRB01RX1>> -56250 11750 320 4425 1000;
5 16 L 10 11;
94 <<LP10>> -36250 11750 320 2250 1000;
5 16 L 11 11;
94 <<LRB10>> -30250 11750 320 2850 1000;
5 16 L 12 11;
94 <<LP01>> -10250 11750 320 2250 1000;
5 16 L 13 11;
94 <<LRB01>> -4250 11750 320 2850 1000;
5 16 L 14 11;
94 <<LRB03>> 11750 11750 320 3075 1000;
5 16 L 15 11;
94 <<LRB05>> 27750 11750 320 3075 1000;
5 16 I 2 11;
94 <<IB01RX3>> -48250 6750 320 3750 1000;
5 16 I 3 11;
94 <<IB07>> -22250 6750 320 2175 1000;
5 16 I 4 11;
94 <<IB03>> 51750 6750 320 2175 1000;
5 16 I 5 11;
94 <<IB01TX1>> 77750 6750 320 3525 1000;
5 16 L 16 11;
94 <<L05>> 5000 5000 320 1875 1000;
5 16 L 19 11;
94 <<LPR3>> 53000 0 320 2475 1000;
5 16 L 17 11;
94 <<LPR01RX3>> -46250 -3250 320 4650 1000;
5 16 L 18 11;
94 <<LPR4>> -20250 -3250 320 2475 1000;
5 16 L 20 11;
94 <<LPR01TX1>> 79750 -3250 320 4425 1000;
5 16 L 21 11;
94 <<L01RX3>> -71750 -10250 0 3450 1000;
5 16 L 22 11;
94 <<L17>> -45750 -10250 0 1650 1000;
5 16 L 23 11;
94 <<L19>> -29750 -10250 0 1650 1000;
5 16 L 24 11;
94 <<L07>> -19750 -10250 0 1875 1000;
5 16 L 25 11;
94 <<L23>> -3750 -10250 0 1875 1000;
5 16 L 26 11;
94 <<L20>> 28250 -10250 0 1875 1000;
5 16 L 27 11;
94 <<L08>> 44250 -10250 0 1875 1000;
5 16 L 28 11;
94 <<L09>> 54250 -10250 0 1875 1000;
5 16 L 29 11;
94 <<L01TX1>> 70250 -10250 0 3225 1000;
5 16 L 30 11;
94 <<L02TX1>> 96250 -10250 0 3450 1000;
5 16 R 5 11;
94 <<RINSTX1>> 106250 -10750 0 3750 1000;
5 16 B 5 11;
94 <<B01RX3>> -63750 -13250 320 3450 1000;
5 16 R 6 11;
94 <<RB01RX3>> -57500 -13250 320 4050 1000;
5 16 B 6 11;
94 <<B14>> -37750 -13250 320 1650 1000;
5 16 R 7 11;
94 <<RB14>> -31500 -13250 320 2250 1000;
5 16 B 7 11;
94 <<B08>> -11750 -13250 320 1875 1000;
5 16 R 8 11;
94 <<RB08>> -5500 -13250 320 2475 1000;
5 16 B 8 11;
94 <<B07>> 36250 -13250 320 1875 1000;
5 16 R 9 11;
94 <<RB07>> 42500 -13250 320 2475 1000;
5 16 B 9 11;
94 <<B09>> 62250 -13250 320 1875 1000;
5 16 R 10 11;
94 <<RB09>> 68500 -13250 320 2475 1000;
5 16 B 10 11;
94 <<B01TX1>> 88250 -13250 320 3225 1000;
5 16 R 11 11;
94 <<RB01TX1>> 94500 -13250 320 3825 1000;
5 16 L 31 11;
94 <<L06>> 5750 -20250 320 1875 1000;
5 16 L 32 11;
94 <<LP01RX3>> -62250 -23250 320 4050 1000;
5 16 L 33 11;
94 <<LRB01RX3>> -56250 -23250 320 4650 1000;
5 16 L 34 11;
94 <<LP14>> -31625 -23250 320 2250 1000;
5 16 L 35 11;
94 <<LRB14>> -30250 -23250 320 2850 1000;
5 16 L 36 11;
94 <<LP08>> -10250 -23250 320 2475 1000;
5 16 L 37 11;
94 <<LRB08>> -4250 -23250 320 3075 1000;
5 16 L 38 11;
94 <<LP07>> 37750 -23250 320 2475 1000;
5 16 L 39 11;
94 <<LRB07>> 43750 -23250 320 3075 1000;
5 16 L 40 11;
94 <<LP09>> 63750 -23250 320 2475 1000;
5 16 L 41 11;
94 <<LRB09>> 69750 -23250 320 3075 1000;
5 16 L 42 11;
94 <<LP01TX1>> 89750 -23250 320 3825 1000;
5 16 L 43 11;
94 <<LRB01TX1>> 95750 -23250 320 4425 1000;
5 16 I 6 11;
94 <<IB01RX2>> -48250 -30250 320 3750 1000;
5 16 I 7 11;
94 <<IB02>> -22250 -30250 320 2175 1000;
5 16 L 44 11;
94 <<LRB04>> 11750 -30250 320 3075 1000;
5 16 L 45 11;
94 <<LRB06>> 27750 -30250 320 3075 1000;
5 16 L 46 11;
94 <<LPR01RX2>> -46250 -40250 320 4650 1000;
5 16 L 47 11;
94 <<LPR2>> -20250 -40250 320 2475 1000;
5 16 B 11 11;
94 <<B04>> 4250 -40250 320 1875 1000;
5 16 R 12 11;
94 <<RB04>> 10500 -40250 320 2475 1000;
5 16 B 12 11;
94 <<B06>> 20250 -40250 320 1875 1000;
5 16 R 13 11;
94 <<RB06>> 26500 -40250 320 2475 1000;
5 16 L 48 11;
94 <<L01RX2>> -71750 -47250 0 3450 1000;
5 16 L 49 11;
94 <<L14>> -45750 -47250 0 1650 1000;
5 16 L 50 11;
94 <<L04>> -29750 -47250 0 1875 1000;
5 16 L 51 11;
94 <<L16>> -19750 -47250 0 1650 1000;
5 16 L 52 11;
94 <<L22>> -3750 -47250 0 1875 1000;
5 16 L 53 11;
94 <<L02>> 12250 -47250 0 1875 1000;
5 16 B 13 11;
94 <<B01RX2>> -63750 -50250 320 3450 1000;
5 16 R 14 11;
94 <<RB01RX2>> -57500 -50250 320 4050 1000;
5 16 B 14 11;
94 <<B11>> -37750 -50250 320 1425 1000;
5 16 R 15 11;
94 <<RB11>> -31500 -50250 320 2025 1000;
5 16 B 15 11;
94 <<B02>> -11750 -50250 320 1875 1000;
5 16 R 16 11;
94 <<RB02>> -5500 -50250 320 2475 1000;
5 16 L 54 11;
94 <<LP01RX2>> -62250 -60250 320 4050 1000;
5 16 L 55 11;
94 <<LRB01RX2>> -56250 -60250 320 4650 1000;
5 16 L 56 11;
94 <<LP11>> -36250 -60250 320 2025 1000;
5 16 L 57 11;
94 <<LRB11>> -30250 -60250 320 2625 1000;
5 16 L 58 11;
94 <<LP02>> -10250 -60250 320 2475 1000;
5 16 L 59 11;
94 <<LRB02>> -4250 -60250 320 3075 1000;
L MODL;
5 16 B 0 1;
94 <<jjmit>> -60250 22750 256 2550 1000;
5 16 R 0 1;
94 <<RB01rx2>> -54750 22750 256 3975 1000;
5 16 B 1 1;
94 <<jjmit>> -34250 22750 256 2550 1000;
5 16 R 1 1;
94 <<RB10>> -28750 22750 256 2250 1000;
5 16 B 2 1;
94 <<jjmit>> -8250 22750 256 2550 1000;
5 16 R 2 1;
94 <<RB01>> -2750 22750 256 2250 1000;
5 16 B 3 1;
94 <<jjmit>> 7750 22750 256 2550 1000;
5 16 R 3 1;
94 <<RB03>> 13250 22750 256 2475 1000;
5 16 B 4 1;
94 <<jjmit>> 23750 22750 256 2550 1000;
5 16 R 4 1;
94 <<RB05>> 29250 22750 256 2475 1000;
5 16 B 5 1;
94 <<jjmit>> -60250 -12250 256 2550 1000;
5 16 R 6 1;
94 <<RB01rx3>> -54750 -12250 256 3975 1000;
5 16 B 6 1;
94 <<jjmit>> -34250 -12250 256 2550 1000;
5 16 R 7 1;
94 <<RB14>> -28750 -12250 256 2250 1000;
5 16 B 7 1;
94 <<jjmit>> -8250 -12250 256 2550 1000;
5 16 R 8 1;
94 <<RB08>> -2750 -12250 256 2475 1000;
5 16 B 8 1;
94 <<jjmit>> 39750 -12250 256 2550 1000;
5 16 R 9 1;
94 <<RB07>> 45250 -12250 256 2475 1000;
5 16 B 9 1;
94 <<jjmit>> 65750 -12250 256 2550 1000;
5 16 R 10 1;
94 <<RB09>> 71250 -12250 256 2475 1000;
5 16 B 10 1;
94 <<jjmit>> 91750 -12250 256 2550 1000;
5 16 R 11 1;
94 <<RB01tx1>> 97250 -12250 256 3675 1000;
5 16 B 11 1;
94 <<jjmit>> 7750 -39250 256 2550 1000;
5 16 R 12 1;
94 <<RB03>> 13250 -39250 256 2475 1000;
5 16 B 12 1;
94 <<jjmit>> 23750 -39250 256 2550 1000;
5 16 R 13 1;
94 <<RB05>> 29250 -39250 256 2475 1000;
5 16 B 13 1;
94 <<jjmit>> -60250 -49250 256 2550 1000;
5 16 R 14 1;
94 <<RB01rx2>> -54750 -49250 256 3975 1000;
5 16 B 14 1;
94 <<jjmit>> -34250 -49250 256 2550 1000;
5 16 R 15 1;
94 <<RB10>> -28750 -49250 256 2250 1000;
5 16 B 15 1;
94 <<jjmit>> -8250 -49250 256 2550 1000;
5 16 R 16 1;
94 <<RB01>> -2750 -49250 256 2250 1000;
L VALU;
5 16 I 0 2;
94 <<pwl(0 0 5p IB01rx2)>> -43750 42750 33024 9975 1000;
5 16 I 1 2;
94 <<pwl(0 0 5p IB01)>> -17750 42750 33024 8250 1000;
5 16 L 0 2;
94 <<2e-13>> -44250 32750 33024 2850 1000;
5 16 L 1 2;
94 <<1.3e-14>> -18250 32750 33024 3450 1000;
5 16 L 2 2;
94 <<L01rx2>> -62250 22750 33088 3375 1000;
5 16 L 3 2;
94 <<L13>> -36250 22750 33088 1650 1000;
5 16 L 4 2;
94 <<L03>> -20250 22750 33088 1875 1000;
5 16 L 5 2;
94 <<L15>> -10250 22750 33088 1650 1000;
5 16 L 6 2;
94 <<L21>> 5750 22750 33088 1650 1000;
5 16 L 7 2;
94 <<L01>> 21750 22750 33088 1650 1000;
5 16 L 8 2;
94 <<3.4e-13>> -60250 12750 33024 3675 1000;
5 16 L 9 2;
94 <<LRB01rx2>> -54250 12750 33024 4575 1000;
5 16 L 10 2;
94 <<2.21e-13>> -34250 12750 33024 4050 1000;
5 16 L 11 2;
94 <<LRB10>> -28250 12750 33024 2850 1000;
5 16 L 12 2;
94 <<2.55e-13>> -8250 12750 33024 4275 1000;
5 16 L 13 2;
94 <<LRB01>> -2250 12750 33024 2850 1000;
5 16 L 14 2;
94 <<LRB03>> 13750 12750 33024 3075 1000;
5 16 L 15 2;
94 <<LRB05>> 29750 12750 33024 3075 1000;
5 16 I 2 2;
94 <<pwl(0 0 5p IB01rx3)>> -43750 7750 33024 9975 1000;
5 16 I 3 2;
94 <<pwl(0 0 5p IB07)>> -17750 7750 33024 8475 1000;
5 16 I 4 2;
94 <<pwl(0 0 5p IB03)>> 55250 7750 33024 8475 1000;
5 16 I 5 2;
94 <<pwl(0 0 5p IB01tx1)>> 82250 7750 33024 9675 1000;
5 16 L 16 2;
94 <<L05>> 7750 2750 33024 1875 1000;
5 16 L 17 2;
94 <<2e-13>> -44250 -2250 33024 2850 1000;
5 16 L 18 2;
94 <<8.499999999999999e-13>> -18250 -2250 33024 12075 1000;
5 16 L 19 2;
94 <<1.901e-12>> 55750 -2250 33024 4425 1000;
5 16 L 20 2;
94 <<2e-13>> 81750 -2250 33024 2850 1000;
5 16 L 21 2;
94 <<L01rx3>> -62250 -12250 33088 3375 1000;
5 16 L 22 2;
94 <<L17>> -36250 -12250 33088 1650 1000;
5 16 L 23 2;
94 <<L19>> -20250 -12250 33088 1650 1000;
5 16 L 24 2;
94 <<L07>> -10250 -12250 33088 1875 1000;
5 16 L 25 2;
94 <<L23>> 5750 -12250 33088 1875 1000;
5 16 L 26 2;
94 <<L20>> 37750 -12250 33088 1875 1000;
5 16 L 27 2;
94 <<L08>> 53750 -12250 33088 1875 1000;
5 16 L 28 2;
94 <<L09>> 63750 -12250 33088 1875 1000;
5 16 L 29 2;
94 <<L01tx1>> 79750 -12250 33088 3075 1000;
5 16 L 30 2;
94 <<L02tx1>> 105750 -12250 33088 3300 1000;
5 16 R 5 2;
94 <<1.36>> 115750 -13500 33088 1875 1000;
5 16 L 31 2;
94 <<L05>> 7750 -19250 33024 1875 1000;
5 16 L 32 2;
94 <<3.4e-13>> -60250 -22250 33024 3675 1000;
5 16 L 33 2;
94 <<LRB01rx3>> -54250 -22250 33024 4575 1000;
5 16 L 34 2;
94 <<1.8699999999999999e-13>> -34250 -22250 33024 12450 1000;
5 16 L 35 2;
94 <<LRB14>> -28250 -22250 33024 2850 1000;
5 16 L 36 2;
94 <<2.1099999999999998e-13>> -8250 -22250 33024 12450 1000;
5 16 L 37 2;
94 <<LRB08>> -2250 -22250 33024 3075 1000;
5 16 L 38 2;
94 <<2.99e-13>> 39750 -22250 33024 4275 1000;
5 16 L 39 2;
94 <<LRB07>> 45750 -22250 33024 3075 1000;
5 16 L 40 2;
94 <<1.74e-13>> 65750 -22250 33024 4050 1000;
5 16 L 41 2;
94 <<LRB09>> 71750 -22250 33024 3075 1000;
5 16 L 42 2;
94 <<5e-14>> 91750 -22250 33024 2850 1000;
5 16 L 43 2;
94 <<LRB01tx1>> 97750 -22250 33024 4275 1000;
5 16 I 6 2;
94 <<pwl(0 0 5p IB01rx2)>> -43750 -29250 33024 9975 1000;
5 16 I 7 2;
94 <<pwl(0 0 5p IB01)>> -17750 -29250 33024 8250 1000;
5 16 L 44 2;
94 <<LRB03>> 13750 -29250 33024 3075 1000;
5 16 L 45 2;
94 <<LRB05>> 29750 -29250 33024 3075 1000;
5 16 L 46 2;
94 <<2e-13>> -44250 -39250 33024 2850 1000;
5 16 L 47 2;
94 <<1.3e-14>> -18250 -39250 33024 3450 1000;
5 16 L 48 2;
94 <<L01rx2>> -62250 -49250 33088 3375 1000;
5 16 L 49 2;
94 <<L13>> -36250 -49250 33088 1650 1000;
5 16 L 50 2;
94 <<L03>> -20250 -49250 33088 1875 1000;
5 16 L 51 2;
94 <<L15>> -10250 -49250 33088 1650 1000;
5 16 L 52 2;
94 <<L21>> 5750 -49250 33088 1650 1000;
5 16 L 53 2;
94 <<L01>> 21750 -49250 33088 1650 1000;
5 16 L 54 2;
94 <<3.4e-13>> -60250 -59250 33024 3675 1000;
5 16 L 55 2;
94 <<LRB01rx2>> -54250 -59250 33024 4575 1000;
5 16 L 56 2;
94 <<2.21e-13>> -34250 -59250 33024 4050 1000;
5 16 L 57 2;
94 <<LRB10>> -28250 -59250 33024 2850 1000;
5 16 L 58 2;
94 <<2.55e-13>> -8250 -59250 33024 4275 1000;
5 16 L 59 2;
94 <<LRB01>> -2250 -59250 33024 2850 1000;
L PARM;
5 16 B 0 3;
94 <<area=B01rx2>> -59500 13250 32768 6300 1000;
5 16 B 1 3;
94 <<area=B10>> -34250 13250 32768 4575 1000;
5 16 B 2 3;
94 <<area=B01>> -7500 13250 32768 4575 1000;
5 16 B 3 3;
94 <<area=B03>> 7750 13250 32768 4800 1000;
5 16 B 4 3;
94 <<area=B05>> 23750 13250 32768 4800 1000;
5 16 B 5 3;
94 <<area=B01rx3>> -60250 -21750 32768 6300 1000;
5 16 B 6 3;
94 <<area=B14>> -33500 -21750 32768 4575 1000;
5 16 B 7 3;
94 <<area=B08>> -8250 -21750 32768 4800 1000;
5 16 B 8 3;
94 <<area=B07>> 39750 -21750 32768 4800 1000;
5 16 B 9 3;
94 <<area=B09>> 65750 -21750 32768 4800 1000;
5 16 B 10 3;
94 <<area=B01tx1>> 91750 -21750 32768 6000 1000;
5 16 B 11 3;
94 <<area=B03>> 7750 -48750 32768 4800 1000;
5 16 B 12 3;
94 <<area=B05>> 23750 -48750 32768 4800 1000;
5 16 B 13 3;
94 <<area=B01rx2>> -60250 -58750 32768 6300 1000;
5 16 B 14 3;
94 <<area=B10>> -34250 -58750 32768 4575 1000;
5 16 B 15 3;
94 <<area=B01>> -8250 -58750 32768 4575 1000;
L SPTX;
94 <<.tran 0.5p 600p 0 0.25p UIC>> -72000 116000 0 14775 1000;
94 <<.include LSMITLL_AND2T_models.inc>> -72000 115000 0 17625 1000;
94 <<.param Scaling=1.0>> -72000 114000 0 9225 1000;
94 <<.param B0=1.0>> -72000 113000 0 6825 1000;
94 <<.param Ic0=0.0001>> -72000 112000 0 8925 1000;
94 <<.param IcRs=100u*6.859904418>> -72000 111000 0 15300 1000;
94 <<.param B0Rs=IcRs/Ic0*B0>> -72000 110000 0 12825 1000;
94 <<.param Rsheet=2 >> -72000 109000 0 9150 1000;
94 <<.param Lsheet=1.13e-12 >> -72000 108000 0 12300 1000;
94 <<.param B01=1.3189864919663306*Scaling>> -72000 107000 0 19950 1000;
94 <<.param B01rx2=0.8806295881802035*Scaling>> -72000 106000 0 22125 1000;
94 <<.param B01rx3=0.9013887693974552*Scaling>> -72000 105000 0 22125 1000;
94 <<.param B01tx1=2.2662530439217683*Scaling>> -72000 104000 0 21825 1000;
94 <<.param B03=1.134027225271272*Scaling>> -72000 103000 0 19575 1000;
94 <<.param B05=1.5270122143637164*Scaling>> -72000 102000 0 19950 1000;
94 <<.param B07=1.2572454525495327*Scaling>> -72000 101000 0 20625 1000;
94 <<.param B08=1.1670143326561218*Scaling>> -72000 100000 0 19725 1000;
94 <<.param B09=2.0354499501319374*Scaling>> -72000 99000 0 20400 1000;
94 <<.param B10=1.7593414188623595*Scaling>> -72000 98000 0 19950 1000;
94 <<.param B14=1.5018054037988697*Scaling>> -72000 97000 0 20175 1000;
94 <<.param IB01=0.0001132685105651879*Scaling>> -72000 96000 0 21825 1000;
94 <<.param IB01rx2=0.00013144678792769747*Scaling>> -72000 95000 0 24600 1000;
94 <<.param IB01rx3=0.00012754002800301306*Scaling>> -72000 94000 0 24600 1000;
94 <<.param IB01tx1=0.00021366463441719946*Scaling>> -72000 93000 0 24075 1000;
94 <<.param IB03=6.267584201508802e-05*Scaling>> -72000 92000 0 22725 1000;
94 <<.param IB07=0.0001792992285994782*Scaling>> -72000 91000 0 22725 1000;
94 <<.param L01=2.579654888940903e-12*(1/Scaling-(1-Scaling))>> -72000 90000 0 29550 1000;
94 <<.param L01rx2=1.5369470909137645e-12*(1/Scaling-(1-Scaling))>> -72000 89000 0 31425 1000;
94 <<.param L01rx3=1.7745995768508735e-12*(1/Scaling-(1-Scaling))>> -72000 88000 0 31650 1000;
94 <<.param L01tx1=1.5369470909137645e-12*(1/Scaling-(1-Scaling))>> -72000 87000 0 31125 1000;
94 <<.param L02tx1=2.7428202724155485e-12*(1/Scaling-(1-Scaling))>> -72000 86000 0 31575 1000;
94 <<.param L03=1.932542245721269e-12*(1/Scaling-(1-Scaling))>> -72000 85000 0 29325 1000;
94 <<.param L05=1.1464101455537819e-12*(1/Scaling-(1-Scaling))>> -72000 84000 0 29250 1000;
94 <<.param L07=1.993192562787875e-12*(1/Scaling-(1-Scaling))>> -72000 83000 0 29325 1000;
94 <<.param L08=3.9e-14*(1/Scaling-(1-Scaling))>> -72000 82000 0 21375 1000;
94 <<.param L09=2.924750497284551e-12*(1/Scaling-(1-Scaling))>> -72000 81000 0 29550 1000;
94 <<.param L13=2.230395187741294e-12*(1/Scaling-(1-Scaling))>> -72000 80000 0 29100 1000;
94 <<.param L15=6.10490193853037e-12*(1/Scaling-(1-Scaling))>> -72000 79000 0 28500 1000;
94 <<.param L17=1.942792962610844e-12*(1/Scaling-(1-Scaling))>> -72000 78000 0 29100 1000;
94 <<.param L19=2.0373358060008265e-13*(1/Scaling-(1-Scaling))>> -72000 77000 0 30150 1000;
94 <<.param L20=3.9901046610408177e-13*(1/Scaling-(1-Scaling))>> -72000 76000 0 29700 1000;
94 <<.param L21=1.2908933900097938e-13*(1/Scaling-(1-Scaling))>> -72000 75000 0 29925 1000;
94 <<.param L23=1e-14*(1/Scaling-(1-Scaling))>> -72000 74000 0 20325 1000;
94 <<.param LRB01=(RB01/Rsheet)*Lsheet>> -72000 73000 0 18225 1000;
94 <<.param LRB01rx2=(RB01rx2/Rsheet)*Lsheet>> -72000 72000 0 21675 1000;
94 <<.param LRB01rx3=(RB01rx3/Rsheet)*Lsheet>> -72000 71000 0 21675 1000;
94 <<.param LRB01tx1=(RB01tx1/Rsheet)*Lsheet>> -72000 70000 0 21075 1000;
94 <<.param LRB03=(RB03/Rsheet)*Lsheet>> -72000 69000 0 18675 1000;
94 <<.param LRB05=(RB05/Rsheet)*Lsheet>> -72000 68000 0 18675 1000;
94 <<.param LRB07=(RB07/Rsheet)*Lsheet>> -72000 67000 0 18675 1000;
94 <<.param LRB08=(RB08/Rsheet)*Lsheet>> -72000 66000 0 18675 1000;
94 <<.param LRB09=(RB09/Rsheet)*Lsheet>> -72000 65000 0 18675 1000;
94 <<.param LRB10=(RB10/Rsheet)*Lsheet>> -72000 64000 0 18225 1000;
94 <<.param LRB14=(RB14/Rsheet)*Lsheet>> -72000 63000 0 18225 1000;
94 <<.param RB01=B0Rs/B01>> -72000 62000 0 11175 1000;
94 <<.param RB01rx2=B0Rs/B01rx2>> -72000 61000 0 14625 1000;
94 <<.param RB01rx3=B0Rs/B01rx3>> -72000 60000 0 14625 1000;
94 <<.param RB01tx1=B0Rs/B01tx1>> -72000 59000 0 14025 1000;
94 <<.param RB03=B0Rs/B03>> -72000 58000 0 11625 1000;
94 <<.param RB05=B0Rs/B05>> -72000 57000 0 11625 1000;
94 <<.param RB07=B0Rs/B07>> -72000 56000 0 11625 1000;
94 <<.param RB08=B0Rs/B08>> -72000 55000 0 11625 1000;
94 <<.param RB09=B0Rs/B09>> -72000 54000 0 11625 1000;
94 <<.param RB10=B0Rs/B10>> -72000 53000 0 11175 1000;
94 <<.param RB14=B0Rs/B14>> -72000 52000 0 11175 1000;
DF;
E
* Generated by Xic from cell LSmitll_AND2T_v1p5p1
.tran 0.5p 100p 0 0.25p UIC
.tran 0.5p 600p 0 0.25p UIC
.include LSMITLL_AND2T_models.inc
.param Scaling=1.0
.param B0=1.0
.param Ic0=0.0001
.param IcRs=100u*6.859904418
.param B0Rs=IcRs/Ic0*B0
.param Rsheet=2 
.param Lsheet=1.13e-12 
.param B01=1.3189864919663306*Scaling
.param B01rx2=0.8806295881802035*Scaling
.param B01rx3=0.9013887693974552*Scaling
.param B01tx1=2.2662530439217683*Scaling
.param B03=1.134027225271272*Scaling
.param B05=1.5270122143637164*Scaling
.param B07=1.2572454525495327*Scaling
.param B08=1.1670143326561218*Scaling
.param B09=2.0354499501319374*Scaling
.param B10=1.7593414188623595*Scaling
.param B14=1.5018054037988697*Scaling
.param IB01=0.0001132685105651879*Scaling
.param IB01rx2=0.00013144678792769747*Scaling
.param IB01rx3=0.00012754002800301306*Scaling
.param IB01tx1=0.00021366463441719946*Scaling
.param IB03=6.267584201508802e-05*Scaling
.param IB07=0.0001792992285994782*Scaling
.param L01=2.579654888940903e-12*(1/Scaling-(1-Scaling))
.param L01rx2=1.5369470909137645e-12*(1/Scaling-(1-Scaling))
.param L01rx3=1.7745995768508735e-12*(1/Scaling-(1-Scaling))
.param L01tx1=1.5369470909137645e-12*(1/Scaling-(1-Scaling))
.param L02tx1=2.7428202724155485e-12*(1/Scaling-(1-Scaling))
.param L03=1.932542245721269e-12*(1/Scaling-(1-Scaling))
.param L05=1.1464101455537819e-12*(1/Scaling-(1-Scaling))
.param L07=1.993192562787875e-12*(1/Scaling-(1-Scaling))
.param L08=3.9e-14*(1/Scaling-(1-Scaling))
.param L09=2.924750497284551e-12*(1/Scaling-(1-Scaling))
.param L13=2.230395187741294e-12*(1/Scaling-(1-Scaling))
.param L15=6.10490193853037e-12*(1/Scaling-(1-Scaling))
.param L17=1.942792962610844e-12*(1/Scaling-(1-Scaling))
.param L19=2.0373358060008265e-13*(1/Scaling-(1-Scaling))
.param L20=3.9901046610408177e-13*(1/Scaling-(1-Scaling))
.param L21=1.2908933900097938e-13*(1/Scaling-(1-Scaling))
.param L23=1e-14*(1/Scaling-(1-Scaling))
.param LRB01=(RB01/Rsheet)*Lsheet
.param LRB01rx2=(RB01rx2/Rsheet)*Lsheet
.param LRB01rx3=(RB01rx3/Rsheet)*Lsheet
.param LRB01tx1=(RB01tx1/Rsheet)*Lsheet
.param LRB03=(RB03/Rsheet)*Lsheet
.param LRB05=(RB05/Rsheet)*Lsheet
.param LRB07=(RB07/Rsheet)*Lsheet
.param LRB08=(RB08/Rsheet)*Lsheet
.param LRB09=(RB09/Rsheet)*Lsheet
.param LRB10=(RB10/Rsheet)*Lsheet
.param LRB14=(RB14/Rsheet)*Lsheet
.param RB01=B0Rs/B01
.param RB01rx2=B0Rs/B01rx2
.param RB01rx3=B0Rs/B01rx3
.param RB01tx1=B0Rs/B01tx1
.param RB03=B0Rs/B03
.param RB05=B0Rs/B05
.param RB07=B0Rs/B07
.param RB08=B0Rs/B08
.param RB09=B0Rs/B09
.param RB10=B0Rs/B10
.param RB14=B0Rs/B14
B01 7 32 68 jjmit area=B01
B01RX1 5 28 66 jjmit area=B01rx2
B01RX2 20 60 79 jjmit area=B01rx2
B01RX3 13 43 71 jjmit area=B01rx3
B01TX1 18 53 76 jjmit area=B01tx1
B02 22 64 81 jjmit area=B01
B03 8 10 69 jjmit area=B03
B04 23 19 77 jjmit area=B03
B05 9 11 70 jjmit area=B05
B06 24 11 78 jjmit area=B05
B07 16 49 74 jjmit area=B07
B08 15 47 73 jjmit area=B08
B09 17 51 75 jjmit area=B09
B10 6 30 67 jjmit area=B10
B11 21 62 80 jjmit area=B10
B14 14 45 72 jjmit area=B14
IB01 0 26 pwl(0 0 5p IB01)
IB01RX1 0 25 pwl(0 0 5p IB01rx2)
IB01RX2 0 55 pwl(0 0 5p IB01rx2)
IB01RX3 0 36 pwl(0 0 5p IB01rx3)
IB01TX1 0 39 pwl(0 0 5p IB01tx1)
IB02 0 56 pwl(0 0 5p IB01)
IB03 0 38 pwl(0 0 5p IB03)
IB07 0 37 pwl(0 0 5p IB07)
L01 8 9 L01
L01RX1 A 5 L01rx2
L01RX2 B 20 L01rx2
L01RX3 CLK 13 L01rx3
L01TX1 17 18 L01tx1
L02 23 24 L01
L02TX1 18 42 L02tx1
L03 6 27 L03
L04 21 59 L03
L05 10 12 L05
L06 12 19 L05
L07 40 15 L07
L08 16 41 L08
L09 41 17 L09
L13 5 6 L13
L14 20 21 L13
L15 27 7 L15
L16 59 22 L15
L17 13 14 L17
L19 14 40 L19
L20 11 16 L20
L21 7 8 L21
L22 22 23 L21
L23 15 12 L23
LP01 32 0 2.55e-13
LP01RX1 28 0 3.4e-13
LP01RX2 60 0 3.4e-13
LP01RX3 43 0 3.4e-13
LP01TX1 53 0 5e-14
LP02 64 0 2.55e-13
LP07 49 0 2.99e-13
LP08 47 0 2.1099999999999998e-13
LP09 51 0 1.74e-13
LP10 30 0 2.21e-13
LP11 62 0 2.21e-13
LP14 45 0 1.8699999999999999e-13
LPR01RX1 25 5 2e-13
LPR01RX2 55 20 2e-13
LPR01RX3 36 13 2e-13
LPR01TX1 39 18 2e-13
LPR1 26 27 1.3e-14
LPR2 56 59 1.3e-14
LPR3 38 41 1.901e-12
LPR4 37 40 8.499999999999999e-13
LRB01 33 0 LRB01
LRB01RX1 29 0 LRB01rx2
LRB01RX2 61 0 LRB01rx2
LRB01RX3 44 0 LRB01rx3
LRB01TX1 54 0 LRB01tx1
LRB02 65 0 LRB01
LRB03 34 10 LRB03
LRB04 19 57 LRB03
LRB05 35 11 LRB05
LRB06 11 58 LRB05
LRB07 50 0 LRB07
LRB08 48 0 LRB08
LRB09 52 0 LRB09
LRB10 31 0 LRB10
LRB11 63 0 LRB10
LRB14 46 0 LRB14
RB01 7 33 RB01
RB01RX1 5 29 RB01rx2
RB01RX2 20 61 RB01rx2
RB01RX3 13 44 RB01rx3
RB01TX1 18 54 RB01tx1
RB02 22 65 RB01
RB03 8 34 RB03
RB04 57 23 RB03
RB05 9 35 RB05
RB06 58 24 RB05
RB07 16 50 RB07
RB08 15 48 RB08
RB09 17 52 RB09
RB10 6 31 RB10
RB11 21 63 RB10
RB14 14 46 RB14
RINSTX1 42 Q 1.36
.model jjmit jj(rtype=1, vg=2.8mV, cap=0.07pF, r0=160, rn=16, icrit=0.1mA)

*MIT-LL model
.save @IB01RX1[c]
.save @IB01RX3[c]
.save @IB07[c]
.save @IB03[c]
.save @IB02[c]
.save @IB01TX1[c]
.save @IB01[c]
.save @IB01RX2[c]
