(Symbol LSmitll_AND2);
($Id:$);
(PHYSICAL);
(RESOLUTION 1000);
9 LSmitll_AND2;
DS 0 1 1;
DF;
E
(ELECTRICAL);
(RESOLUTION 1000);
5 10 1 0 -38000 -2000 0x0 A;
5 10 2 1 -38000 -122000 0x0 B;
5 10 3 2 -38000 -61000 0x0 CLK;
5 10 4 3 155000 -61000 0x0 Q;
5 11 X 0 subckt;
9 LSmitll_AND2;
DS 0 1 1;
(SymbolCall gnd);
5 10 0 0 55000 26000;
1 Bound 54000 26000 56000 28600;
( Rotate 180 );
9 gnd;
C 0 R -1 0 T 56000 27000;
(SymbolCall gnd);
5 10 0 0 61000 26000;
1 Bound 60000 26000 62000 28600;
( Rotate 180 );
9 gnd;
C 0 R -1 0 T 62000 27000;
(SymbolCall gnd);
5 10 0 0 -22000 23000;
1 Bound -23000 23000 -21000 25600;
( Rotate 180 );
9 gnd;
C 0 R -1 0 T -21000 24000;
(SymbolCall gnd);
5 10 0 0 22000 23000;
1 Bound 21000 23000 23000 25600;
( Rotate 180 );
9 gnd;
C 0 R -1 0 T 23000 24000;
(SymbolCall gnd);
5 10 0 0 -22000 -22000;
1 Bound -23000 -24600 -21000 -22000;
9 gnd;
C 0 T -23000 -23000;
(SymbolCall gnd);
5 10 0 0 -16000 -22000;
1 Bound -17000 -24600 -15000 -22000;
9 gnd;
C 0 T -17000 -23000;
(SymbolCall gnd);
5 10 0 0 22000 -22000;
1 Bound 21000 -24600 23000 -22000;
9 gnd;
C 0 T 21000 -23000;
(SymbolCall gnd);
5 10 0 0 28000 -22000;
1 Bound 27000 -24600 29000 -22000;
9 gnd;
C 0 T 27000 -23000;
(SymbolCall gnd);
5 10 0 0 -23000 -36000;
1 Bound -24000 -36000 -22000 -33400;
( Rotate 180 );
9 gnd;
C 0 R -1 0 T -22000 -35000;
(SymbolCall gnd);
5 10 0 0 7000 -36000;
1 Bound 6000 -36000 8000 -33400;
( Rotate 180 );
9 gnd;
C 0 R -1 0 T 8000 -35000;
(SymbolCall gnd);
5 10 0 0 118000 -36000;
1 Bound 117000 -36000 119000 -33400;
( Rotate 180 );
9 gnd;
C 0 R -1 0 T 119000 -35000;
(SymbolCall gnd);
5 10 0 0 -23000 -81000;
1 Bound -24000 -83600 -22000 -81000;
9 gnd;
C 0 T -24000 -82000;
(SymbolCall gnd);
5 10 0 0 -17000 -81000;
1 Bound -18000 -83600 -16000 -81000;
9 gnd;
C 0 T -18000 -82000;
(SymbolCall gnd);
5 10 0 0 7000 -81000;
1 Bound 6000 -83600 8000 -81000;
9 gnd;
C 0 T 6000 -82000;
(SymbolCall gnd);
5 10 0 0 13000 -81000;
1 Bound 12000 -83600 14000 -81000;
9 gnd;
C 0 T 12000 -82000;
(SymbolCall gnd);
5 10 0 0 118000 -81000;
1 Bound 117000 -83600 119000 -81000;
9 gnd;
C 0 T 117000 -82000;
(SymbolCall gnd);
5 10 0 0 124000 -81000;
1 Bound 123000 -83600 125000 -81000;
9 gnd;
C 0 T 123000 -82000;
(SymbolCall gnd);
5 10 0 0 -22000 -97000;
1 Bound -23000 -97000 -21000 -94400;
( Rotate 180 );
9 gnd;
C 0 R -1 0 T -21000 -96000;
(SymbolCall gnd);
5 10 0 0 22000 -97000;
1 Bound 21000 -97000 23000 -94400;
( Rotate 180 );
9 gnd;
C 0 R -1 0 T 23000 -96000;
(SymbolCall gnd);
5 10 0 0 -22000 -142000;
1 Bound -23000 -144600 -21000 -142000;
9 gnd;
C 0 T -23000 -143000;
(SymbolCall gnd);
5 10 0 0 -16000 -142000;
1 Bound -17000 -144600 -15000 -142000;
9 gnd;
C 0 T -17000 -143000;
(SymbolCall gnd);
5 10 0 0 22000 -142000;
1 Bound 21000 -144600 23000 -142000;
9 gnd;
C 0 T 21000 -143000;
(SymbolCall gnd);
5 10 0 0 28000 -142000;
1 Bound 27000 -144600 29000 -142000;
9 gnd;
C 0 T 27000 -143000;
(SymbolCall gnd);
5 10 0 0 55000 -142000;
1 Bound 54000 -144600 56000 -142000;
9 gnd;
C 0 T 54000 -143000;
(SymbolCall gnd);
5 10 0 0 61000 -142000;
1 Bound 60000 -144600 62000 -142000;
9 gnd;
C 0 T 60000 -143000;
(SymbolCall ind);
5 2 LRB5;
5 11 L.LRB5 0;
5 10 0 1 55000 26000 LRB5-;
5 10 22 0 55000 16000 LRB5+;
5 15 54000 17000 0 1;
1 Bound 53500 16000 55000 26000;
( Rotate 180 );
9 ind;
C 0 R -1 0 T 56000 26000;
(SymbolCall ind);
5 2 LP5;
5 11 L.LP5 1;
5 10 0 1 61000 26000 LP5-;
5 10 23 0 61000 16000 LP5+;
5 15 60000 17000 0 1;
1 Bound 59500 16000 61000 26000;
( Rotate 180 );
9 ind;
C 0 R -1 0 T 62000 26000;
(SymbolCall ind);
5 10 8 1 -22000 3000 LB1-;
5 10 24 0 -22000 13000 LB1+;
5 15 -21000 12000 0 -1;
5 2 LB1;
5 11 L.LB1 2;
1 Bound -22000 3000 -20500 13000;
9 ind;
C 0 T -23000 3000;
(SymbolCall ind);
5 10 7 1 22000 3000 LB2-;
5 10 25 0 22000 13000 LB2+;
5 15 23000 12000 0 -1;
5 2 LB2;
5 11 L.LB2 3;
1 Bound 22000 3000 23500 13000;
9 ind;
C 0 T 21000 3000;
(SymbolCall ind);
5 2 LRB2;
5 11 L.LRB2 4;
5 10 7 1 16000 4000 LRB2-;
5 10 26 0 6000 4000 LRB2+;
5 15 7000 5000 1 0;
1 Bound 6000 4000 16000 5500;
( Rotate 90 );
9 ind;
C 0 R 0 1 T 16000 3000;
(SymbolCall ind);
5 10 8 1 -22000 -2000 L1-;
5 10 1 0 -32000 -2000 L1+;
5 15 -31000 -1000 1 0;
5 2 L1;
5 11 L.L1 5;
1 Bound -32000 -2000 -22000 -500;
( Rotate 90 );
9 ind;
C 0 R 0 1 T -22000 -3000;
(SymbolCall ind);
5 10 6 1 -6000 -2000 L2-;
5 10 8 0 -16000 -2000 L2+;
5 15 -15000 -1000 1 0;
5 2 L2;
5 11 L.L2 6;
1 Bound -16000 -2000 -6000 -500;
( Rotate 90 );
9 ind;
C 0 R 0 1 T -6000 -3000;
(SymbolCall ind);
5 10 5 1 41000 -2000 L3-;
5 10 7 0 31000 -2000 L3+;
5 15 32000 -1000 1 0;
5 2 L3;
5 11 L.L3 7;
1 Bound 31000 -2000 41000 -500;
( Rotate 90 );
9 ind;
C 0 R 0 1 T 41000 -3000;
(SymbolCall ind);
5 10 9 1 78000 -2000 L5-;
5 10 5 0 68000 -2000 L5+;
5 15 69000 -1000 1 0;
5 2 L5;
5 11 L.L5 8;
1 Bound 68000 -2000 78000 -500;
( Rotate 90 );
9 ind;
C 0 R 0 1 T 78000 -3000;
(SymbolCall ind);
5 2 LP1;
5 11 L.LP1 9;
5 10 0 1 -22000 -22000 LP1-;
5 10 27 0 -22000 -12000 LP1+;
5 15 -21000 -13000 0 -1;
1 Bound -22000 -22000 -20500 -12000;
9 ind;
C 0 T -23000 -22000;
(SymbolCall ind);
5 2 LRB1;
5 11 L.LRB1 10;
5 10 0 1 -16000 -22000 LRB1-;
5 10 28 0 -16000 -12000 LRB1+;
5 15 -15000 -13000 0 -1;
1 Bound -16000 -22000 -14500 -12000;
9 ind;
C 0 T -17000 -22000;
(SymbolCall ind);
5 2 LP3;
5 11 L.LP3 11;
5 10 0 1 22000 -22000 LP3-;
5 10 29 0 22000 -12000 LP3+;
5 15 23000 -13000 0 -1;
1 Bound 22000 -22000 23500 -12000;
9 ind;
C 0 T 21000 -22000;
(SymbolCall ind);
5 2 LRB3;
5 11 L.LRB3 12;
5 10 0 1 28000 -22000 LRB3-;
5 10 30 0 28000 -12000 LRB3+;
5 15 29000 -13000 0 -1;
1 Bound 28000 -22000 29500 -12000;
9 ind;
C 0 T 27000 -22000;
(SymbolCall ind);
5 2 LRB4;
5 11 L.LRB4 13;
5 10 10 1 61000 -22000 LRB4-;
5 10 31 0 61000 -12000 LRB4+;
5 15 62000 -13000 0 -1;
1 Bound 61000 -22000 62500 -12000;
9 ind;
C 0 T 60000 -22000;
(SymbolCall ind);
5 2 LRB6;
5 11 L.LRB6 14;
5 10 11 1 90000 -22000 LRB6-;
5 10 32 0 90000 -12000 LRB6+;
5 15 91000 -13000 0 -1;
1 Bound 90000 -22000 91500 -12000;
9 ind;
C 0 T 89000 -22000;
(SymbolCall ind);
5 10 12 1 55000 -37000 L4-;
5 10 10 0 55000 -27000 L4+;
5 15 56000 -28000 0 -1;
5 2 L4;
5 11 L.L4 15;
1 Bound 55000 -37000 56500 -27000;
9 ind;
C 0 T 54000 -37000;
(SymbolCall ind);
5 2 LB5;
5 11 L.LB5 16;
5 10 13 1 -23000 -56000 LB5-;
5 10 33 0 -23000 -46000 LB5+;
5 15 -22000 -47000 0 -1;
1 Bound -23000 -56000 -21500 -46000;
9 ind;
C 0 T -24000 -56000;
(SymbolCall ind);
5 2 LB6;
5 11 L.LB6 17;
5 10 14 1 7000 -56000 LB6-;
5 10 34 0 7000 -46000 LB6+;
5 15 8000 -47000 0 -1;
1 Bound 7000 -56000 8500 -46000;
9 ind;
C 0 T 6000 -56000;
(SymbolCall ind);
5 2 LB7;
5 11 L.LB7 18;
5 10 15 1 118000 -56000 LB7-;
5 10 35 0 118000 -46000 LB7+;
5 15 119000 -47000 0 -1;
1 Bound 118000 -56000 119500 -46000;
9 ind;
C 0 T 117000 -56000;
(SymbolCall ind);
5 10 13 1 -23000 -61000 L11-;
5 10 3 0 -33000 -61000 L11+;
5 15 -32000 -60000 1 0;
5 11 L.L11 19;
5 2 2p;
1 Bound -33000 -61000 -23000 -59500;
( Rotate 90 );
9 ind;
C 0 R 0 1 T -23000 -62000;
(SymbolCall ind);
5 10 14 1 -2000 -61000 L12-;
5 10 13 0 -12000 -61000 L12+;
5 15 -11000 -60000 1 0;
5 2 L12;
5 11 L.L12 20;
1 Bound -12000 -61000 -2000 -59500;
( Rotate 90 );
9 ind;
C 0 R 0 1 T -2000 -62000;
(SymbolCall ind);
5 10 12 1 32000 -61000 L13-;
5 10 14 0 22000 -61000 L13+;
5 15 23000 -60000 1 0;
5 11 L.L13 21;
5 2 L13;
1 Bound 22000 -61000 32000 -59500;
( Rotate 90 );
9 ind;
C 0 R 0 1 T 32000 -62000;
(SymbolCall ind);
5 10 15 1 104000 -61000 L14-;
5 10 11 0 94000 -61000 L14+;
5 15 95000 -60000 1 0;
5 2 L14;
5 11 L.L14 22;
1 Bound 94000 -61000 104000 -59500;
( Rotate 90 );
9 ind;
C 0 R 0 1 T 104000 -62000;
(SymbolCall ind);
5 10 4 1 148000 -61000 L15-;
5 10 15 0 138000 -61000 L15+;
5 15 139000 -60000 1 0;
5 2 L15;
5 11 L.L15 23;
1 Bound 138000 -61000 148000 -59500;
( Rotate 90 );
9 ind;
C 0 R 0 1 T 148000 -62000;
(SymbolCall ind);
5 2 LP13;
5 11 L.LP13 24;
5 10 0 1 -23000 -81000 LP13-;
5 10 36 0 -23000 -71000 LP13+;
5 15 -22000 -72000 0 -1;
1 Bound -23000 -81000 -21500 -71000;
9 ind;
C 0 T -24000 -81000;
(SymbolCall ind);
5 11 L.LRB13 25;
5 2 LRB13;
5 10 0 1 -17000 -81000 LRB13-;
5 10 37 0 -17000 -71000 LRB13+;
5 15 -16000 -72000 0 -1;
1 Bound -17000 -81000 -15500 -71000;
9 ind;
C 0 T -18000 -81000;
(SymbolCall ind);
5 2 LP14;
5 11 L.LP14 26;
5 10 0 1 7000 -81000 LP14-;
5 10 38 0 7000 -71000 LP14+;
5 15 8000 -72000 0 -1;
1 Bound 7000 -81000 8500 -71000;
9 ind;
C 0 T 6000 -81000;
(SymbolCall ind);
5 2 LRB14;
5 11 L.LRB14 27;
5 10 0 1 13000 -81000 LRB14-;
5 10 39 0 13000 -71000 LRB14+;
5 15 14000 -72000 0 -1;
1 Bound 13000 -81000 14500 -71000;
9 ind;
C 0 T 12000 -81000;
(SymbolCall ind);
5 2 LP15;
5 11 L.LP15 28;
5 10 0 1 118000 -81000 LP15-;
5 10 40 0 118000 -71000 LP15+;
5 15 119000 -72000 0 -1;
1 Bound 118000 -81000 119500 -71000;
9 ind;
C 0 T 117000 -81000;
(SymbolCall ind);
5 2 LRB15;
5 11 L.LRB15 29;
5 10 0 1 124000 -81000 LRB15-;
5 10 41 0 124000 -71000 LRB15+;
5 15 125000 -72000 0 -1;
1 Bound 124000 -81000 125500 -71000;
9 ind;
C 0 T 123000 -81000;
(SymbolCall ind);
5 10 16 1 55000 -83000 L9-;
5 10 12 0 55000 -73000 L9+;
5 15 56000 -74000 0 -1;
5 2 L9;
5 11 L.L9 30;
1 Bound 55000 -83000 56500 -73000;
9 ind;
C 0 T 54000 -83000;
(SymbolCall ind);
5 2 LRB10;
5 11 L.LRB10 31;
5 10 17 1 61000 -110000 LRB10-;
5 10 42 0 61000 -100000 LRB10+;
5 15 62000 -101000 0 -1;
1 Bound 61000 -110000 62500 -100000;
9 ind;
C 0 T 60000 -110000;
(SymbolCall ind);
5 2 LERB12;
5 11 L.LRB12 32;
5 10 18 1 90000 -110000 LRB12-;
5 10 43 0 90000 -100000 LRB12+;
5 15 91000 -101000 0 -1;
1 Bound 90000 -110000 91500 -100000;
9 ind;
C 0 T 89000 -110000;
(SymbolCall ind);
5 10 21 1 -22000 -117000 LB3-;
5 10 44 0 -22000 -107000 LB3+;
5 15 -21000 -108000 0 -1;
5 2 LB3;
5 11 L.LB3 33;
1 Bound -22000 -117000 -20500 -107000;
9 ind;
C 0 T -23000 -117000;
(SymbolCall ind);
5 10 20 1 22000 -117000 LB4-;
5 10 45 0 22000 -107000 LB4+;
5 15 23000 -108000 0 -1;
5 11 L.LB4 34;
5 2 LB4;
1 Bound 22000 -117000 23500 -107000;
9 ind;
C 0 T 21000 -117000;
(SymbolCall ind);
5 2 LRB8;
5 11 L.LRB8 35;
5 10 20 1 16000 -116000 LRB8-;
5 10 46 0 6000 -116000 LRB8+;
5 15 7000 -115000 1 0;
1 Bound 6000 -116000 16000 -114500;
( Rotate 90 );
9 ind;
C 0 R 0 1 T 16000 -117000;
(SymbolCall ind);
5 10 21 1 -22000 -122000 L6-;
5 10 2 0 -32000 -122000 L6+;
5 15 -31000 -121000 1 0;
5 2 L6;
5 11 L.L6 36;
1 Bound -32000 -122000 -22000 -120500;
( Rotate 90 );
9 ind;
C 0 R 0 1 T -22000 -123000;
(SymbolCall ind);
5 10 19 1 -6000 -122000 L7-;
5 10 21 0 -16000 -122000 L7+;
5 15 -15000 -121000 1 0;
5 11 L.L7 37;
5 2 L7;
1 Bound -16000 -122000 -6000 -120500;
( Rotate 90 );
9 ind;
C 0 R 0 1 T -6000 -123000;
(SymbolCall ind);
5 10 17 1 45000 -122000 L8-;
5 10 20 0 35000 -122000 L8+;
5 15 36000 -121000 1 0;
5 2 L8;
5 11 L.L8 38;
1 Bound 35000 -122000 45000 -120500;
( Rotate 90 );
9 ind;
C 0 R 0 1 T 45000 -123000;
(SymbolCall ind);
5 10 18 1 77000 -122000 L10-;
5 10 17 0 67000 -122000 L10+;
5 15 68000 -121000 1 0;
5 2 L10;
5 11 L.L10 39;
1 Bound 67000 -122000 77000 -120500;
( Rotate 90 );
9 ind;
C 0 R 0 1 T 77000 -123000;
(SymbolCall ind);
5 2 LP7;
5 11 L.LP7 40;
5 10 0 1 -22000 -142000 LP7-;
5 10 47 0 -22000 -132000 LP7+;
5 15 -21000 -133000 0 -1;
1 Bound -22000 -142000 -20500 -132000;
9 ind;
C 0 T -23000 -142000;
(SymbolCall ind);
5 2 LRB7;
5 11 L.LRB7 41;
5 10 0 1 -16000 -142000 LRB7-;
5 10 48 0 -16000 -132000 LRB7+;
5 15 -15000 -133000 0 -1;
1 Bound -16000 -142000 -14500 -132000;
9 ind;
C 0 T -17000 -142000;
(SymbolCall ind);
5 2 LP9;
5 11 L.LP9 42;
5 10 0 1 22000 -142000 LP9-;
5 10 49 0 22000 -132000 LP9+;
5 15 23000 -133000 0 -1;
1 Bound 22000 -142000 23500 -132000;
9 ind;
C 0 T 21000 -142000;
(SymbolCall ind);
5 2 LRB9;
5 11 L.LRB9 43;
5 10 0 1 28000 -142000 LRB9-;
5 10 50 0 28000 -132000 LRB9+;
5 15 29000 -133000 0 -1;
1 Bound 28000 -142000 29500 -132000;
9 ind;
C 0 T 27000 -142000;
(SymbolCall ind);
5 2 LP11;
5 11 L.LP11 44;
5 10 0 1 55000 -142000 LP11-;
5 10 51 0 55000 -132000 LP11+;
5 15 56000 -133000 0 -1;
1 Bound 55000 -142000 56500 -132000;
9 ind;
C 0 T 54000 -142000;
(SymbolCall ind);
5 2 LRB11;
5 11 L.LRB11 45;
5 10 0 1 61000 -142000 LRB11-;
5 10 52 0 61000 -132000 LRB11+;
5 15 62000 -133000 0 -1;
1 Bound 61000 -142000 62500 -132000;
9 ind;
C 0 T 60000 -142000;
(SymbolCall isrc);
5 10 24 1 -22000 13000 IB1_1;
5 10 0 0 -22000 23000 IB1_0;
5 15 -22000 17000 0 -1 @<name>[c];
5 2 pwl(0 0 5p IB1);
5 11 I.IB1 0;
5 5 nophys;
1 Bound -24000 13000 -20000 23000;
9 isrc;
C 0 T -24000 13000;
(SymbolCall isrc);
5 10 25 1 22000 13000 IB2_1;
5 10 0 0 22000 23000 IB2_0;
5 15 22000 17000 0 -1 @<name>[c];
5 2 pwl(0 0 5p IB2);
5 11 I.IB2 1;
5 5 nophys;
1 Bound 20000 13000 24000 23000;
9 isrc;
C 0 T 20000 13000;
(SymbolCall isrc);
5 10 33 1 -23000 -46000 IB5_1;
5 10 0 0 -23000 -36000 IB5_0;
5 15 -23000 -42000 0 -1 @<name>[c];
5 2 pwl(0 0 5p IB5);
5 11 I.IB5 2;
5 5 nophys;
1 Bound -25000 -46000 -21000 -36000;
9 isrc;
C 0 T -25000 -46000;
(SymbolCall isrc);
5 2 pwl(0 0 5p IB6);
5 11 I.IB6 3;
5 10 34 1 7000 -46000 IB6_1;
5 10 0 0 7000 -36000 IB6_0;
5 15 7000 -42000 0 -1 @<name>[c];
5 5 nophys;
1 Bound 5000 -46000 9000 -36000;
9 isrc;
C 0 T 5000 -46000;
(SymbolCall isrc);
5 2 pwl(0 0 5p IB7);
5 11 I.IB7 4;
5 10 35 1 118000 -46000 IB7_1;
5 10 0 0 118000 -36000 IB7_0;
5 15 118000 -42000 0 -1 @<name>[c];
5 5 nophys;
1 Bound 116000 -46000 120000 -36000;
9 isrc;
C 0 T 116000 -46000;
(SymbolCall isrc);
5 10 44 1 -22000 -107000 IB3_1;
5 10 0 0 -22000 -97000 IB3_0;
5 15 -22000 -103000 0 -1 @<name>[c];
5 2 pwl(0 0 5p IB3);
5 11 I.IB3 5;
5 5 nophys;
1 Bound -24000 -107000 -20000 -97000;
9 isrc;
C 0 T -24000 -107000;
(SymbolCall isrc);
5 10 45 1 22000 -107000 IB4_1;
5 10 0 0 22000 -97000 IB4_0;
5 15 22000 -103000 0 -1 @<name>[c];
5 2 pwl(0 0 5p IB4);
5 11 I.IB4 6;
5 5 nophys;
1 Bound 20000 -107000 24000 -97000;
9 isrc;
C 0 T 20000 -107000;
(SymbolCall jj);
5 3 area=B5;
5 1 jjmit;
5 11 B.B5 0;
5 10 53 2 62000 8000 B5_2;
5 10 23 1 61000 16000 B5-;
5 10 5 0 61000 6000 B5+;
1 Bound 59500 6000 62500 16000;
( Rotate 180 );
9 jj;
C 0 R -1 0 T 62000 16000;
(SymbolCall jj);
5 3 area=B2;
5 1 jjmit;
5 11 B.B2 1;
5 10 54 2 -2000 -3000 B2_2;
5 10 7 1 6000 -2000 B2-;
5 10 6 0 -4000 -2000 B2+;
1 Bound -4000 -3500 6000 -500;
( Rotate 90 );
9 jj;
C 0 R 0 1 T 6000 -3000;
(SymbolCall jj);
5 3 area=B1;
5 1 jjmit;
5 11 B.B1 2;
5 10 55 2 -23000 -4000 B1_2;
5 10 27 1 -22000 -12000 B1-;
5 10 8 0 -22000 -2000 B1+;
1 Bound -23500 -12000 -20500 -2000;
9 jj;
C 0 T -23000 -12000;
(SymbolCall jj);
5 3 area=B3;
5 1 jjmit;
5 11 B.B3 3;
5 10 56 2 21000 -4000 B3_2;
5 10 29 1 22000 -12000 B3-;
5 10 7 0 22000 -2000 B3+;
1 Bound 20500 -12000 23500 -2000;
9 jj;
C 0 T 21000 -12000;
(SymbolCall jj);
5 3 area=B4;
5 1 jjmit;
5 11 B.B4 4;
5 10 57 2 54000 -4000 B4_2;
5 10 10 1 55000 -12000 B4-;
5 10 5 0 55000 -2000 B4+;
1 Bound 53500 -12000 56500 -2000;
9 jj;
C 0 T 54000 -12000;
(SymbolCall jj);
5 3 area=B6;
5 1 jjmit;
5 11 B.B6 5;
5 10 58 2 83000 -4000 B6_2;
5 10 11 1 84000 -12000 B6-;
5 10 9 0 84000 -2000 B6+;
1 Bound 82500 -12000 85500 -2000;
9 jj;
C 0 T 83000 -12000;
(SymbolCall jj);
5 3 area=B13;
5 1 jjmit;
5 11 B.B13 6;
5 10 59 2 -24000 -63000 B13_2;
5 10 36 1 -23000 -71000 B13-;
5 10 13 0 -23000 -61000 B13+;
1 Bound -24500 -71000 -21500 -61000;
9 jj;
C 0 T -24000 -71000;
(SymbolCall jj);
5 3 area=B14;
5 1 jjmit;
5 11 B.B14 7;
5 10 60 2 6000 -63000 B14_2;
5 10 38 1 7000 -71000 B14-;
5 10 14 0 7000 -61000 B14+;
1 Bound 5500 -71000 8500 -61000;
9 jj;
C 0 T 6000 -71000;
(SymbolCall jj);
5 3 area=B15;
5 1 jjmit;
5 11 B.B15 8;
5 10 61 2 117000 -63000 B15_2;
5 10 40 1 118000 -71000 B15-;
5 10 15 0 118000 -61000 B15+;
1 Bound 116500 -71000 119500 -61000;
9 jj;
C 0 T 117000 -71000;
(SymbolCall jj);
5 3 area=B10;
5 1 jjmit;
5 11 B.B10 9;
5 10 62 2 54000 -92000 B10_2;
5 10 17 1 55000 -100000 B10-;
5 10 16 0 55000 -90000 B10+;
1 Bound 53500 -100000 56500 -90000;
9 jj;
C 0 T 54000 -100000;
(SymbolCall jj);
5 3 area=B12;
5 1 jjmit;
5 11 B.B12 10;
5 10 63 2 83000 -92000 B12_2;
5 10 18 1 84000 -100000 B12-;
5 10 11 0 84000 -90000 B12+;
1 Bound 82500 -100000 85500 -90000;
9 jj;
C 0 T 83000 -100000;
(SymbolCall jj);
5 3 area=B8;
5 1 jjmit;
5 11 B.B8 11;
5 10 64 2 -2000 -123000 B8_2;
5 10 20 1 6000 -122000 B8-;
5 10 19 0 -4000 -122000 B8+;
1 Bound -4000 -123500 6000 -120500;
( Rotate 90 );
9 jj;
C 0 R 0 1 T 6000 -123000;
(SymbolCall jj);
5 3 area=B7;
5 1 jjmit;
5 11 B.B7 12;
5 10 65 2 -23000 -124000 B7_2;
5 10 47 1 -22000 -132000 B7-;
5 10 21 0 -22000 -122000 B7+;
1 Bound -23500 -132000 -20500 -122000;
9 jj;
C 0 T -23000 -132000;
(SymbolCall jj);
5 3 area=B9;
5 1 jjmit;
5 11 B.B9 13;
5 10 66 2 21000 -124000 B9_2;
5 10 49 1 22000 -132000 B9-;
5 10 20 0 22000 -122000 B9+;
1 Bound 20500 -132000 23500 -122000;
9 jj;
C 0 T 21000 -132000;
(SymbolCall jj);
5 3 area=B11;
5 1 jjmit;
5 11 B.B11 14;
5 10 67 2 54000 -124000 B11_2;
5 10 51 1 55000 -132000 B11-;
5 10 17 0 55000 -122000 B11+;
1 Bound 53500 -132000 56500 -122000;
9 jj;
C 0 T 54000 -132000;
(SymbolCall res);
5 2 RB5;
5 11 R.RB5 0;
5 10 22 1 55000 16000 RB5-;
5 10 5 0 55000 6000 RB5+;
5 15 56000 7000 0 1 "<v>/<value>O";
1 Bound 54000 6000 56250 16000;
( Rotate 180 );
9 res;
C 0 R -1 0 T 55000 6000;
(SymbolCall res);
5 2 RB2;
5 11 R.RB2 1;
5 10 26 1 6000 4000 RB2-;
5 10 6 0 -4000 4000 RB2+;
5 15 -3000 3000 1 0 "<v>/<value>O";
1 Bound -4000 2750 6000 5000;
( Rotate 90 );
9 res;
C 0 R 0 1 T -4000 4000;
(SymbolCall res);
5 2 RB1;
5 11 R.RB1 2;
5 10 28 1 -16000 -12000 RB1-;
5 10 8 0 -16000 -2000 RB1+;
5 15 -17000 -3000 0 -1 "<v>/<value>O";
1 Bound -17250 -12000 -15000 -2000;
9 res;
C 0 T -16000 -2000;
(SymbolCall res);
5 2 RB3;
5 11 R.RB3 3;
5 10 30 1 28000 -12000 RB3-;
5 10 7 0 28000 -2000 RB3+;
5 15 27000 -3000 0 -1 "<v>/<value>O";
1 Bound 26750 -12000 29000 -2000;
9 res;
C 0 T 28000 -2000;
(SymbolCall res);
5 2 RB4;
5 11 R.RB4 4;
5 10 31 1 61000 -12000 RB4-;
5 10 5 0 61000 -2000 RB4+;
5 15 60000 -3000 0 -1 "<v>/<value>O";
1 Bound 59750 -12000 62000 -2000;
9 res;
C 0 T 61000 -2000;
(SymbolCall res);
5 2 RB6;
5 11 R.RB6 5;
5 10 32 1 90000 -12000 RB6-;
5 10 9 0 90000 -2000 RB6+;
5 15 89000 -3000 0 -1 "<v>/<value>O";
1 Bound 88750 -12000 91000 -2000;
9 res;
C 0 T 90000 -2000;
(SymbolCall res);
5 2 RB13;
5 11 R.RB13 6;
5 10 37 1 -17000 -71000 RB13-;
5 10 13 0 -17000 -61000 RB13+;
5 15 -18000 -62000 0 -1 "<v>/<value>O";
1 Bound -18250 -71000 -16000 -61000;
9 res;
C 0 T -17000 -61000;
(SymbolCall res);
5 2 RB14;
5 11 R.RB14 7;
5 10 39 1 13000 -71000 RB14-;
5 10 14 0 13000 -61000 RB14+;
5 15 12000 -62000 0 -1 "<v>/<value>O";
1 Bound 11750 -71000 14000 -61000;
9 res;
C 0 T 13000 -61000;
(SymbolCall res);
5 2 RB15;
5 11 R.RB15 8;
5 10 41 1 124000 -71000 RB15-;
5 10 15 0 124000 -61000 RB15+;
5 15 123000 -62000 0 -1 "<v>/<value>O";
1 Bound 122750 -71000 125000 -61000;
9 res;
C 0 T 124000 -61000;
(SymbolCall res);
5 2 RB10;
5 11 R.RB10 9;
5 10 42 1 61000 -100000 RB10-;
5 10 16 0 61000 -90000 RB10+;
5 15 60000 -91000 0 -1 "<v>/<value>O";
1 Bound 59750 -100000 62000 -90000;
9 res;
C 0 T 61000 -90000;
(SymbolCall res);
5 2 RB12;
5 11 R.RB12 10;
5 10 43 1 90000 -100000 RB12-;
5 10 11 0 90000 -90000 RB12+;
5 15 89000 -91000 0 -1 "<v>/<value>O";
1 Bound 88750 -100000 91000 -90000;
9 res;
C 0 T 90000 -90000;
(SymbolCall res);
5 2 RB8;
5 11 R.RB8 11;
5 10 46 1 6000 -116000 RB8-;
5 10 19 0 -4000 -116000 RB8+;
5 15 -3000 -117000 1 0 "<v>/<value>O";
1 Bound -4000 -117250 6000 -115000;
( Rotate 90 );
9 res;
C 0 R 0 1 T -4000 -116000;
(SymbolCall res);
5 2 RB7;
5 11 R.RB7 12;
5 10 48 1 -16000 -132000 RB7-;
5 10 21 0 -16000 -122000 RB7+;
5 15 -17000 -123000 0 -1 "<v>/<value>O";
1 Bound -17250 -132000 -15000 -122000;
9 res;
C 0 T -16000 -122000;
(SymbolCall res);
5 2 RB9;
5 11 R.RB9 13;
5 10 50 1 28000 -132000 RB9-;
5 10 20 0 28000 -122000 RB9+;
5 15 27000 -123000 0 -1 "<v>/<value>O";
1 Bound 26750 -132000 29000 -122000;
9 res;
C 0 T 28000 -122000;
(SymbolCall res);
5 2 RB11;
5 11 R.RB11 14;
5 10 52 1 61000 -132000 RB11-;
5 10 17 0 61000 -122000 RB11+;
5 15 60000 -123000 0 -1 "<v>/<value>O";
1 Bound 59750 -132000 62000 -122000;
9 res;
C 0 T 61000 -122000;
L SCED;
5 10 5;
W2 0 61000 6000 61000 -2000 55000 -2000 41000 -2000;
5 10 5;
W2 0 55000 6000 55000 -2000;
5 10 6;
W2 0 -4000 4000 -4000 -2000 -6000 -2000;
5 10 7;
W2 0 6000 -2000 16000 -2000 16000 4000;
5 10 8;
W2 0 -22000 3000 -22000 -2000 -16000 -2000;
5 10 7;
W2 0 22000 3000 22000 -2000 16000 -2000;
5 10 1;
W2 0 -32000 -2000 -38000 -2000;
5 10 7;
W2 0 22000 -2000 28000 -2000 31000 -2000;
5 10 5;
W2 0 61000 -2000 68000 -2000;
5 10 9;
W2 0 78000 -2000 84000 -2000 90000 -2000;
5 10 10;
W2 0 55000 -12000 55000 -22000 61000 -22000;
5 10 11;
W2 0 84000 -12000 84000 -22000 90000 -22000;
5 10 10;
W2 0 55000 -27000 55000 -22000;
5 10 11;
W2 0 84000 -61000 84000 -22000;
5 10 12;
W2 0 32000 -61000 55000 -61000 55000 -37000;
5 10 13;
W2 0 -23000 -56000 -23000 -61000 -17000 -61000 -12000 -61000;
5 10 14;
W2 0 -2000 -61000 7000 -61000 7000 -56000;
5 10 15;
W2 0 104000 -61000 118000 -61000 118000 -56000;
5 10 3;
W2 0 -38000 -61000 -33000 -61000;
5 10 14;
W2 0 7000 -61000 13000 -61000 22000 -61000;
5 10 12;
W2 0 55000 -73000 55000 -61000;
5 10 11;
W2 0 94000 -61000 84000 -61000 84000 -90000 90000 -90000;
5 10 15;
W2 0 118000 -61000 124000 -61000 132000 -61000 133000 -61000;
5 10 15;
W2 0 138000 -61000 133000 -61000 132000 -61000;
5 10 4;
W2 0 148000 -61000 155000 -61000;
5 10 16;
W2 0 55000 -83000 55000 -90000 61000 -90000;
5 10 17;
W2 0 55000 -100000 55000 -110000 61000 -110000;
5 10 18;
W2 0 84000 -100000 84000 -110000 90000 -110000;
5 10 17;
W2 0 55000 -110000 55000 -122000;
5 10 18;
W2 0 77000 -122000 84000 -122000 84000 -110000;
5 10 19;
W2 0 -4000 -116000 -4000 -122000 -6000 -122000;
5 10 20;
W2 0 6000 -122000 16000 -122000 16000 -116000;
5 10 21;
W2 0 -22000 -117000 -22000 -122000 -16000 -122000;
5 10 20;
W2 0 22000 -117000 22000 -122000 16000 -122000;
5 10 2;
W2 0 -32000 -122000 -38000 -122000;
5 10 20;
W2 0 22000 -122000 28000 -122000 35000 -122000;
5 10 17;
W2 0 45000 -122000 55000 -122000 60000 -122000 61000 -122000;
5 10 17;
W2 0 60000 -122000 61000 -122000 67000 -122000;
L NAME;
5 16 L 0 11;
94 <<LRB5>> 53250 24750 320 2475 1000;
5 16 L 1 11;
94 <<LP5>> 59250 24750 320 1875 1000;
5 16 I 0 11;
94 <<IB1>> -24250 21750 320 1350 1000;
5 16 I 1 11;
94 <<IB2>> 19750 21750 320 1575 1000;
5 16 R 0 11;
94 <<RB5>> 53750 14750 320 1875 1000;
5 16 B 0 11;
94 <<B5>> 59250 14750 320 1275 1000;
5 16 L 2 11;
94 <<LB1>> -22250 11750 320 1650 1000;
5 16 L 3 11;
94 <<LB2>> 21750 11750 320 1875 1000;
5 16 L 4 11;
94 <<LRB2>> 6250 5750 0 2475 1000;
5 16 R 1 11;
94 <<RB2>> -3750 5250 0 1875 1000;
5 16 L 5 11;
94 <<L1>> -31750 -250 0 1050 1000;
5 16 L 6 11;
94 <<L2>> -15750 -250 0 1275 1000;
5 16 B 1 11;
94 <<B2>> -3750 -250 0 1275 1000;
5 16 L 7 11;
94 <<L3>> 31250 -250 0 1275 1000;
5 16 L 8 11;
94 <<L5>> 68250 -250 0 1275 1000;
5 16 B 2 11;
94 <<B1>> -23750 -3250 320 1050 1000;
5 16 R 2 11;
94 <<RB1>> -17500 -3250 320 1650 1000;
5 16 B 3 11;
94 <<B3>> 20250 -3250 320 1275 1000;
5 16 R 3 11;
94 <<RB3>> 26500 -3250 320 1875 1000;
5 16 B 4 11;
94 <<B4>> 53250 -3250 320 1275 1000;
5 16 R 4 11;
94 <<RB4>> 59500 -3250 320 1875 1000;
5 16 B 5 11;
94 <<B6>> 82250 -3250 320 1275 1000;
5 16 R 5 11;
94 <<RB6>> 88500 -3250 320 1875 1000;
5 16 L 9 11;
94 <<LP1>> -22250 -13250 320 1650 1000;
5 16 L 10 11;
94 <<LRB1>> -16250 -13250 320 2250 1000;
5 16 L 11 11;
94 <<LP3>> 21750 -13250 320 1875 1000;
5 16 L 12 11;
94 <<LRB3>> 27750 -13250 320 2475 1000;
5 16 L 13 11;
94 <<LRB4>> 60750 -13250 320 2475 1000;
5 16 L 14 11;
94 <<LRB6>> 89750 -13250 320 2475 1000;
5 16 L 15 11;
94 <<L4>> 54750 -28250 320 1275 1000;
5 16 I 2 11;
94 <<IB5>> -25250 -37250 320 1575 1000;
5 16 I 3 11;
94 <<IB6>> 4750 -37250 320 1575 1000;
5 16 I 4 11;
94 <<IB7>> 115750 -37250 320 1575 1000;
5 16 L 17 11;
94 <<LB6>> 6750 -47250 320 1875 1000;
5 16 L 16 11;
94 <<LB5>> -23250 -47250 320 1875 1000;
5 16 L 18 11;
94 <<LB7>> 117750 -47250 320 1875 1000;
5 16 L 19 11;
94 <<L11>> -32750 -59250 0 1425 1000;
5 16 L 20 11;
94 <<L12>> -11750 -59250 0 1650 1000;
5 16 L 21 11;
94 <<L13>> 22250 -59250 0 1650 1000;
5 16 L 22 11;
94 <<L14>> 94250 -59250 0 1650 1000;
5 16 L 23 11;
94 <<L15>> 138250 -59250 0 1650 1000;
5 16 B 6 11;
94 <<B13>> -24750 -62250 320 1650 1000;
5 16 R 6 11;
94 <<RB13>> -18500 -62250 320 2250 1000;
5 16 B 7 11;
94 <<B14>> 5250 -62250 320 1650 1000;
5 16 R 7 11;
94 <<RB14>> 11500 -62250 320 2250 1000;
5 16 B 8 11;
94 <<B15>> 116250 -62250 320 1650 1000;
5 16 R 8 11;
94 <<RB15>> 122500 -62250 320 2250 1000;
5 16 L 24 11;
94 <<LP13>> -23250 -72250 320 2250 1000;
5 16 L 25 11;
94 <<LRB13>> -17250 -72250 320 2850 1000;
5 16 L 26 11;
94 <<LP14>> 6750 -72250 320 2250 1000;
5 16 L 27 11;
94 <<LRB14>> 12750 -72250 320 2850 1000;
5 16 L 28 11;
94 <<LP15>> 117750 -72250 320 2250 1000;
5 16 L 29 11;
94 <<LRB15>> 123750 -72250 320 2850 1000;
5 16 L 30 11;
94 <<L9>> 54750 -74250 320 1275 1000;
5 16 B 9 11;
94 <<B10>> 53250 -91250 320 1650 1000;
5 16 R 9 11;
94 <<RB10>> 59500 -91250 320 2250 1000;
5 16 B 10 11;
94 <<B12>> 82250 -91250 320 1650 1000;
5 16 R 10 11;
94 <<RB12>> 88500 -91250 320 2250 1000;
5 16 I 5 11;
94 <<IB3>> -24250 -98250 320 1575 1000;
5 16 I 6 11;
94 <<IB4>> 19750 -98250 320 1575 1000;
5 16 L 31 11;
94 <<LRB10>> 60750 -101250 320 2850 1000;
5 16 L 32 11;
94 <<LRB12>> 89750 -101250 320 2850 1000;
5 16 L 33 11;
94 <<LB3>> -22250 -108250 320 1875 1000;
5 16 L 34 11;
94 <<LB4>> 21750 -108250 320 1875 1000;
5 16 L 35 11;
94 <<LRB8>> 6250 -114250 0 2475 1000;
5 16 R 11 11;
94 <<RB8>> -3750 -114750 0 1875 1000;
5 16 L 36 11;
94 <<L6>> -31750 -120250 0 1275 1000;
5 16 L 37 11;
94 <<L7>> -15750 -120250 0 1275 1000;
5 16 B 11 11;
94 <<B8>> -3750 -120250 0 1275 1000;
5 16 L 38 11;
94 <<L8>> 35250 -120250 0 1275 1000;
5 16 L 39 11;
94 <<L10>> 67250 -120250 0 1650 1000;
5 16 B 12 11;
94 <<B7>> -23750 -123250 320 1275 1000;
5 16 R 12 11;
94 <<RB7>> -17500 -123250 320 1875 1000;
5 16 B 13 11;
94 <<B9>> 20250 -123250 320 1275 1000;
5 16 R 13 11;
94 <<RB9>> 26500 -123250 320 1875 1000;
5 16 B 14 11;
94 <<B11>> 53250 -123250 320 1425 1000;
5 16 R 14 11;
94 <<RB11>> 59500 -123250 320 2025 1000;
5 16 L 40 11;
94 <<LP7>> -22250 -133250 320 1875 1000;
5 16 L 41 11;
94 <<LRB7>> -16250 -133250 320 2475 1000;
5 16 L 42 11;
94 <<LP9>> 21750 -133250 320 1875 1000;
5 16 L 43 11;
94 <<LRB9>> 27750 -133250 320 2475 1000;
5 16 L 44 11;
94 <<LP11>> 54750 -133250 320 2025 1000;
5 16 L 45 11;
94 <<LRB11>> 60750 -133250 320 2625 1000;
L MODL;
5 16 B 0 1;
94 <<jjmit>> 62750 15750 256 2550 1000;
5 16 B 2 1;
94 <<jjmit>> -20250 -2250 256 2550 1000;
5 16 B 3 1;
94 <<jjmit>> 23750 -2250 256 2550 1000;
5 16 B 4 1;
94 <<jjmit>> 56750 -2250 256 2550 1000;
5 16 B 5 1;
94 <<jjmit>> 85750 -2250 256 2550 1000;
5 16 B 1 1;
94 <<jjmit>> 5750 -3750 320 2550 1000;
5 16 B 6 1;
94 <<jjmit>> -21250 -61250 256 2550 1000;
5 16 B 7 1;
94 <<jjmit>> 8750 -61250 256 2550 1000;
5 16 B 8 1;
94 <<jjmit>> 119750 -61250 256 2550 1000;
5 16 B 9 1;
94 <<jjmit>> 56750 -90250 256 2550 1000;
5 16 B 10 1;
94 <<jjmit>> 85750 -90250 256 2550 1000;
5 16 B 12 1;
94 <<jjmit>> -20250 -122250 256 2550 1000;
5 16 B 13 1;
94 <<jjmit>> 23750 -122250 256 2550 1000;
5 16 B 14 1;
94 <<jjmit>> 56750 -122250 256 2550 1000;
5 16 B 11 1;
94 <<jjmit>> 5750 -123750 320 2550 1000;
L VALU;
5 16 L 0 2;
94 <<LRB5>> 55250 25750 33024 2475 1000;
5 16 L 1 2;
94 <<LP5>> 61250 25750 33024 1875 1000;
5 16 I 0 2;
94 <<pwl(0 0 5p IB1)>> -19750 22750 33024 7650 1000;
5 16 I 1 2;
94 <<pwl(0 0 5p IB2)>> 24250 22750 33024 7875 1000;
5 16 R 0 2;
94 <<RB5>> 56500 15750 33024 1875 1000;
5 16 L 2 2;
94 <<LB1>> -20250 12750 33024 1650 1000;
5 16 L 3 2;
94 <<LB2>> 23750 12750 33024 1875 1000;
5 16 L 4 2;
94 <<LRB2>> 15750 3750 33088 2475 1000;
5 16 R 1 2;
94 <<RB2>> 5750 2500 33088 1875 1000;
5 16 L 5 2;
94 <<L1>> -22250 -2250 33088 1050 1000;
5 16 R 2 2;
94 <<RB1>> -14750 -2250 33024 1650 1000;
5 16 L 6 2;
94 <<L2>> -6250 -2250 33088 1275 1000;
5 16 R 3 2;
94 <<RB3>> 29250 -2250 33024 1875 1000;
5 16 L 7 2;
94 <<L3>> 40750 -2250 33088 1275 1000;
5 16 R 4 2;
94 <<RB4>> 62250 -2250 33024 1875 1000;
5 16 L 8 2;
94 <<L5>> 77750 -2250 33088 1275 1000;
5 16 R 5 2;
94 <<RB6>> 91250 -2250 33024 1875 1000;
5 16 L 9 2;
94 <<LP1>> -20250 -12250 33024 1650 1000;
5 16 L 10 2;
94 <<LRB1>> -14250 -12250 33024 2250 1000;
5 16 L 11 2;
94 <<LP3>> 23750 -12250 33024 1875 1000;
5 16 L 12 2;
94 <<LRB3>> 29750 -12250 33024 2475 1000;
5 16 L 13 2;
94 <<LRB4>> 62750 -12250 33024 2475 1000;
5 16 L 14 2;
94 <<LRB6>> 91750 -12250 33024 2475 1000;
5 16 L 15 2;
94 <<L4>> 56750 -27250 33024 1275 1000;
5 16 I 2 2;
94 <<pwl(0 0 5p IB5)>> -20750 -36250 33024 7875 1000;
5 16 I 3 2;
94 <<pwl(0 0 5p IB6)>> 9250 -36250 33024 7875 1000;
5 16 I 4 2;
94 <<pwl(0 0 5p IB7)>> 120250 -36250 33024 7875 1000;
5 16 L 16 2;
94 <<LB5>> -21250 -46250 33024 1875 1000;
5 16 L 17 2;
94 <<LB6>> 8750 -46250 33024 1875 1000;
5 16 L 18 2;
94 <<LB7>> 119750 -46250 33024 1875 1000;
5 16 L 19 2;
94 <<2p>> -23250 -61250 33088 1275 1000;
5 16 R 6 2;
94 <<RB13>> -15750 -61250 33024 2250 1000;
5 16 L 20 2;
94 <<L12>> -2250 -61250 33088 1650 1000;
5 16 R 7 2;
94 <<RB14>> 14250 -61250 33024 2250 1000;
5 16 L 21 2;
94 <<L13>> 31750 -61250 33088 1650 1000;
5 16 L 22 2;
94 <<L14>> 103750 -61250 33088 1650 1000;
5 16 R 8 2;
94 <<RB15>> 125250 -61250 33024 2250 1000;
5 16 L 23 2;
94 <<L15>> 147750 -61250 33088 1650 1000;
5 16 L 24 2;
94 <<LP13>> -21250 -71250 33024 2250 1000;
5 16 L 25 2;
94 <<LRB13>> -15250 -71250 33024 2850 1000;
5 16 L 26 2;
94 <<LP14>> 8750 -71250 33024 2250 1000;
5 16 L 27 2;
94 <<LRB14>> 14750 -71250 33024 2850 1000;
5 16 L 28 2;
94 <<LP15>> 119750 -71250 33024 2250 1000;
5 16 L 29 2;
94 <<LRB15>> 125750 -71250 33024 2850 1000;
5 16 L 30 2;
94 <<L9>> 56750 -73250 33024 1275 1000;
5 16 R 9 2;
94 <<RB10>> 62250 -90250 33024 2250 1000;
5 16 R 10 2;
94 <<RB12>> 91250 -90250 33024 2250 1000;
5 16 I 5 2;
94 <<pwl(0 0 5p IB3)>> -19750 -97250 33024 7875 1000;
5 16 I 6 2;
94 <<pwl(0 0 5p IB4)>> 24250 -97250 33024 7875 1000;
5 16 L 31 2;
94 <<LRB10>> 62750 -100250 33024 2850 1000;
5 16 L 32 2;
94 <<LERB12>> 91750 -100250 33024 3450 1000;
5 16 L 33 2;
94 <<LB3>> -20250 -107250 33024 1875 1000;
5 16 L 34 2;
94 <<LB4>> 23750 -107250 33024 1875 1000;
5 16 L 35 2;
94 <<LRB8>> 15750 -116250 33088 2475 1000;
5 16 R 11 2;
94 <<RB8>> 5750 -117500 33088 1875 1000;
5 16 L 36 2;
94 <<L6>> -22250 -122250 33088 1275 1000;
5 16 R 12 2;
94 <<RB7>> -14750 -122250 33024 1875 1000;
5 16 L 37 2;
94 <<L7>> -6250 -122250 33088 1275 1000;
5 16 R 13 2;
94 <<RB9>> 29250 -122250 33024 1875 1000;
5 16 L 38 2;
94 <<L8>> 44750 -122250 33088 1275 1000;
5 16 R 14 2;
94 <<RB11>> 62250 -122250 33024 2025 1000;
5 16 L 39 2;
94 <<L10>> 76750 -122250 33088 1650 1000;
5 16 L 40 2;
94 <<LP7>> -20250 -132250 33024 1875 1000;
5 16 L 41 2;
94 <<LRB7>> -14250 -132250 33024 2475 1000;
5 16 L 42 2;
94 <<LP9>> 23750 -132250 33024 1875 1000;
5 16 L 43 2;
94 <<LRB9>> 29750 -132250 33024 2475 1000;
5 16 L 44 2;
94 <<LP11>> 56750 -132250 33024 2025 1000;
5 16 L 45 2;
94 <<LRB11>> 62750 -132250 33024 2625 1000;
L PARM;
5 16 B 0 3;
94 <<area=B5>> 62750 6250 32768 4200 1000;
5 16 B 1 3;
94 <<area=B2>> -3750 -4750 33024 4200 1000;
5 16 B 2 3;
94 <<area=B1>> -20250 -11750 32768 3975 1000;
5 16 B 3 3;
94 <<area=B3>> 23750 -11750 32768 4200 1000;
5 16 B 4 3;
94 <<area=B4>> 56750 -11750 32768 4200 1000;
5 16 B 5 3;
94 <<area=B6>> 85750 -11750 32768 4200 1000;
5 16 B 6 3;
94 <<area=B13>> -21250 -70750 32768 4575 1000;
5 16 B 7 3;
94 <<area=B14>> 8750 -70750 32768 4575 1000;
5 16 B 8 3;
94 <<area=B15>> 119750 -70750 32768 4575 1000;
5 16 B 9 3;
94 <<area=B10>> 56750 -99750 32768 4575 1000;
5 16 B 10 3;
94 <<area=B12>> 85750 -99750 32768 4575 1000;
5 16 B 11 3;
94 <<area=B8>> -3750 -124750 33024 4200 1000;
5 16 B 12 3;
94 <<area=B7>> -20250 -131750 32768 4200 1000;
5 16 B 13 3;
94 <<area=B9>> 23750 -131750 32768 4200 1000;
5 16 B 14 3;
94 <<area=B11>> 56750 -131750 32768 4350 1000;
DF;
E
* Generated by Xic from cell LSmitll_AND2
B1 8 27 55 jjmit area=B1
B2 6 7 54 jjmit area=B2
B3 7 29 56 jjmit area=B3
B4 5 10 57 jjmit area=B4
B5 5 23 53 jjmit area=B5
B6 9 11 58 jjmit area=B6
B7 21 47 65 jjmit area=B7
B8 19 20 64 jjmit area=B8
B9 20 49 66 jjmit area=B9
B10 16 17 62 jjmit area=B10
B11 17 51 67 jjmit area=B11
B12 11 18 63 jjmit area=B12
B13 13 36 59 jjmit area=B13
B14 14 38 60 jjmit area=B14
B15 15 40 61 jjmit area=B15
IB1 0 24 pwl(0 0 5p IB1)
IB2 0 25 pwl(0 0 5p IB2)
IB3 0 44 pwl(0 0 5p IB3)
IB4 0 45 pwl(0 0 5p IB4)
IB5 0 33 pwl(0 0 5p IB5)
IB6 0 34 pwl(0 0 5p IB6)
IB7 0 35 pwl(0 0 5p IB7)
L1 A 8 L1
L2 8 6 L2
L3 7 5 L3
L4 10 12 L4
L5 5 9 L5
L6 B 21 L6
L7 21 19 L7
L8 20 17 L8
L9 12 16 L9
L10 17 18 L10
L11 CLK 13 2p
L12 13 14 L12
L13 14 12 L13
L14 11 15 L14
L15 15 Q L15
LB1 24 8 LB1
LB2 25 7 LB2
LB3 44 21 LB3
LB4 45 20 LB4
LB5 33 13 LB5
LB6 34 14 LB6
LB7 35 15 LB7
LP1 27 0 LP1
LP3 29 0 LP3
LP5 23 0 LP5
LP7 47 0 LP7
LP9 49 0 LP9
LP11 51 0 LP11
LP13 36 0 LP13
LP14 38 0 LP14
LP15 40 0 LP15
LRB1 28 0 LRB1
LRB2 26 7 LRB2
LRB3 30 0 LRB3
LRB4 31 10 LRB4
LRB5 22 0 LRB5
LRB6 32 11 LRB6
LRB7 48 0 LRB7
LRB8 46 20 LRB8
LRB9 50 0 LRB9
LRB10 42 17 LRB10
LRB11 52 0 LRB11
LRB12 43 18 LERB12
LRB13 37 0 LRB13
LRB14 39 0 LRB14
LRB15 41 0 LRB15
RB1 8 28 RB1
RB2 6 26 RB2
RB3 7 30 RB3
RB4 5 31 RB4
RB5 5 22 RB5
RB6 9 32 RB6
RB7 21 48 RB7
RB8 19 46 RB8
RB9 20 50 RB9
RB10 16 42 RB10
RB11 17 52 RB11
RB12 11 43 RB12
RB13 13 37 RB13
RB14 14 39 RB14
RB15 15 41 RB15
.model jjmit jj(rtype=1, vg=2.8mV, cap=0.07pF, r0=160, rn=16, icrit=0.1mA)


* Nb 30 A/cm2
.save @IB1[c]
.save @IB2[c]
.save @IB4[c]
.save @IB3[c]
.save @IB5[c]
.save @IB6[c]
.save @IB7[c]
