(Symbol LSmitll_Always0_sync);
($Id:$);
(PHYSICAL);
(RESOLUTION 1000);
9 LSmitll_Always0_sync;
DS 0 1 1;
DF;
E
(ELECTRICAL);
(RESOLUTION 1000);
5 10 1 0 -35000 12000 0x0 A;
5 10 2 1 4000 12000 0x0 CLK;
5 10 3 2 67000 12000 0x0 Q;
5 11 X 0 subckt;
9 LSmitll_Always0_sync;
DS 0 1 1;
(SymbolCall gnd);
5 10 0 0 -24000 35000;
1 Bound -24000 34000 -21400 36000;
( Rotate 90 );
9 gnd;
C 0 R 0 1 T -23000 34000;
(SymbolCall gnd);
5 10 0 0 15000 35000;
1 Bound 15000 34000 17600 36000;
( Rotate 90 );
9 gnd;
C 0 R 0 1 T 16000 34000;
(SymbolCall gnd);
5 10 0 0 50000 35000;
1 Bound 50000 34000 52600 36000;
( Rotate 90 );
9 gnd;
C 0 R 0 1 T 51000 34000;
(SymbolCall gnd);
5 10 0 0 -7000 2000;
1 Bound -8000 -600 -6000 2000;
9 gnd;
C 0 T -8000 1000;
(SymbolCall gnd);
5 10 0 0 32000 2000;
1 Bound 31000 -600 33000 2000;
9 gnd;
C 0 T 31000 1000;
(SymbolCall gnd);
5 10 0 0 39000 2000;
1 Bound 38000 -600 40000 2000;
9 gnd;
C 0 T 38000 1000;
(SymbolCall gnd);
5 10 0 0 -24000 -8000;
1 Bound -25000 -10600 -23000 -8000;
9 gnd;
C 0 T -25000 -9000;
(SymbolCall gnd);
5 10 0 0 -18000 -8000;
1 Bound -19000 -10600 -17000 -8000;
9 gnd;
C 0 T -19000 -9000;
(SymbolCall gnd);
5 10 0 0 15000 -8000;
1 Bound 14000 -10600 16000 -8000;
9 gnd;
C 0 T 14000 -9000;
(SymbolCall gnd);
5 10 0 0 21000 -8000;
1 Bound 20000 -10600 22000 -8000;
9 gnd;
C 0 T 20000 -9000;
(SymbolCall gnd);
5 10 0 0 50000 -8000;
1 Bound 49000 -10600 51000 -8000;
9 gnd;
C 0 T 49000 -9000;
(SymbolCall gnd);
5 10 0 0 56000 -8000;
1 Bound 55000 -10600 57000 -8000;
9 gnd;
C 0 T 55000 -9000;
(SymbolCall ind);
5 10 4 1 -24000 15000 LB1-;
5 10 7 0 -24000 25000 LB1+;
5 15 -23000 24000 0 -1;
5 2 LB1;
5 11 L.LB1 0;
1 Bound -24000 15000 -22500 25000;
9 ind;
C 0 T -25000 15000;
(SymbolCall ind);
5 10 5 1 15000 15000 LB2-;
5 10 8 0 15000 25000 LB2+;
5 15 16000 24000 0 -1;
5 2 LB2;
5 11 L.LB2 1;
1 Bound 15000 15000 16500 25000;
9 ind;
C 0 T 14000 15000;
(SymbolCall ind);
5 2 LB3;
5 11 L.LB3 2;
5 15 51000 24000 0 -1;
5 10 6 1 50000 15000 LB3-;
5 10 9 0 50000 25000 LB3+;
1 Bound 50000 15000 51500 25000;
9 ind;
C 0 T 49000 15000;
(SymbolCall ind);
5 10 4 1 -25000 12000 L1-;
5 10 1 0 -35000 12000 L1+;
5 15 -34000 13000 1 0;
5 2 L1;
5 11 L.L1 3;
1 Bound -35000 12000 -25000 13500;
( Rotate 90 );
9 ind;
C 0 R 0 1 T -25000 11000;
(SymbolCall ind);
5 10 10 1 -7000 12000 L2-;
5 10 4 0 -17000 12000 L2+;
5 15 -16000 13000 1 0;
5 2 L2;
5 11 L.L2 4;
1 Bound -17000 12000 -7000 13500;
( Rotate 90 );
9 ind;
C 0 R 0 1 T -7000 11000;
(SymbolCall ind);
5 10 5 1 14000 12000 L3-;
5 10 2 0 4000 12000 L3+;
5 15 5000 13000 1 0;
5 2 L3;
5 11 L.L3 5;
1 Bound 4000 12000 14000 13500;
( Rotate 90 );
9 ind;
C 0 R 0 1 T 14000 11000;
(SymbolCall ind);
5 10 11 1 32000 12000 L4-;
5 10 5 0 22000 12000 L4+;
5 15 23000 13000 1 0;
5 2 L4;
5 11 L.L4 6;
1 Bound 22000 12000 32000 13500;
( Rotate 90 );
9 ind;
C 0 R 0 1 T 32000 11000;
(SymbolCall ind);
5 2 L5;
5 11 L.L5 7;
5 15 40000 13000 1 0;
5 10 6 1 49000 12000 L5-;
5 10 12 0 39000 12000 L5+;
1 Bound 39000 12000 49000 13500;
( Rotate 90 );
9 ind;
C 0 R 0 1 T 49000 11000;
(SymbolCall ind);
5 2 L6;
5 11 L.L6 8;
5 15 58000 13000 1 0;
5 10 3 1 67000 12000 L6-;
5 10 6 0 57000 12000 L6+;
1 Bound 57000 12000 67000 13500;
( Rotate 90 );
9 ind;
C 0 R 0 1 T 67000 11000;
(SymbolCall ind);
5 10 0 1 -24000 -8000 LP1-;
5 10 13 0 -24000 2000 LP1+;
5 15 -23000 1000 0 -1;
5 2 LP1;
5 11 L.LP1 9;
1 Bound -24000 -8000 -22500 2000;
9 ind;
C 0 T -25000 -8000;
(SymbolCall ind);
5 10 0 1 -18000 -8000 LRB1-;
5 10 14 0 -18000 2000 LRB1+;
5 15 -17000 1000 0 -1;
5 2 LRB1;
5 11 L.LRB1 10;
1 Bound -18000 -8000 -16500 2000;
9 ind;
C 0 T -19000 -8000;
(SymbolCall ind);
5 10 0 1 15000 -8000 LP2-;
5 10 15 0 15000 2000 LP2+;
5 15 16000 1000 0 -1;
5 2 LP2;
5 11 L.LP2 11;
1 Bound 15000 -8000 16500 2000;
9 ind;
C 0 T 14000 -8000;
(SymbolCall ind);
5 10 0 1 21000 -8000 LRB2-;
5 10 16 0 21000 2000 LRB2+;
5 15 22000 1000 0 -1;
5 2 LRB2;
5 11 L.LRB2 12;
1 Bound 21000 -8000 22500 2000;
9 ind;
C 0 T 20000 -8000;
(SymbolCall ind);
5 2 LP3;
5 11 L.LP3 13;
5 15 51000 1000 0 -1;
5 10 0 1 50000 -8000 LP3-;
5 10 17 0 50000 2000 LP3+;
1 Bound 50000 -8000 51500 2000;
9 ind;
C 0 T 49000 -8000;
(SymbolCall ind);
5 2 LRB3;
5 11 L.LRB3 14;
5 15 57000 1000 0 -1;
5 10 0 1 56000 -8000 LRB3-;
5 10 18 0 56000 2000 LRB3+;
1 Bound 56000 -8000 57500 2000;
9 ind;
C 0 T 55000 -8000;
(SymbolCall isrc);
5 10 7 1 -24000 25000 IB1_1;
5 10 0 0 -24000 35000 IB1_0;
5 15 -24000 29000 0 -1 @<name>[c];
5 2 pwl(0 0 5p IB1);
5 11 I.IB1 0;
5 5 nophys;
1 Bound -26000 25000 -22000 35000;
9 isrc;
C 0 T -26000 25000;
(SymbolCall isrc);
5 10 8 1 15000 25000 IB2_1;
5 10 0 0 15000 35000 IB2_0;
5 15 15000 29000 0 -1 @<name>[c];
5 2 pwl(0 0 5p IB2);
5 11 I.IB2 1;
5 5 nophys;
1 Bound 13000 25000 17000 35000;
9 isrc;
C 0 T 13000 25000;
(SymbolCall isrc);
5 2 pwl(0 0 5p IB3);
5 11 I.IB3 2;
5 5 nophys;
5 15 50000 29000 0 -1 @<name>[c];
5 10 9 1 50000 25000 IB3_1;
5 10 0 0 50000 35000 IB3_0;
1 Bound 48000 25000 52000 35000;
9 isrc;
C 0 T 48000 25000;
(SymbolCall jj);
5 10 19 2 -25000 10000 B1_2;
5 10 13 1 -24000 2000 B1-;
5 10 4 0 -24000 12000 B1+;
5 3 area=B1;
5 11 B.B1 0;
5 1 jjmit;
1 Bound -25500 2000 -22500 12000;
9 jj;
C 0 T -25000 2000;
(SymbolCall jj);
5 10 20 2 14000 10000 B2_2;
5 10 15 1 15000 2000 B2-;
5 10 5 0 15000 12000 B2+;
5 3 area=B2;
5 11 B.B2 1;
5 1 jjmit;
1 Bound 13500 2000 16500 12000;
9 jj;
C 0 T 14000 2000;
(SymbolCall jj);
5 3 area=B3;
5 11 B.B3 2;
5 1 jjmit;
5 10 21 2 49000 10000 B3_2;
5 10 17 1 50000 2000 B3-;
5 10 6 0 50000 12000 B3+;
1 Bound 48500 2000 51500 12000;
9 jj;
C 0 T 49000 2000;
(SymbolCall res);
5 10 14 1 -18000 2000 RB1-;
5 10 4 0 -18000 12000 RB1+;
5 15 -19000 11000 0 -1 "<v>/<value>O";
5 2 RB1;
5 11 R.RB1 0;
1 Bound -19250 2000 -17000 12000;
9 res;
C 0 T -18000 12000;
(SymbolCall res);
5 10 0 1 -7000 2000 R1-;
5 10 10 0 -7000 12000 R1+;
5 15 -8000 11000 0 -1 "<v>/<value>O";
5 2 R1;
5 11 R.R1 1;
1 Bound -8250 2000 -6000 12000;
9 res;
C 0 T -7000 12000;
(SymbolCall res);
5 10 16 1 21000 2000 RB2-;
5 10 5 0 21000 12000 RB2+;
5 15 20000 11000 0 -1 "<v>/<value>O";
5 2 RB2;
5 11 R.RB2 2;
1 Bound 19750 2000 22000 12000;
9 res;
C 0 T 21000 12000;
(SymbolCall res);
5 11 R.R2 3;
5 2 R2;
5 10 11 0 32000 12000 R2+;
5 10 0 1 32000 2000 R2-;
5 15 31000 11000 0 -1 "<v>/<value>O";
1 Bound 30750 2000 33000 12000;
9 res;
C 0 T 32000 12000;
(SymbolCall res);
5 2 R3;
5 11 R.R3 4;
5 15 38000 11000 0 -1 "<v>/<value>O";
5 10 0 1 39000 2000 R3-;
5 10 12 0 39000 12000 R3+;
1 Bound 37750 2000 40000 12000;
9 res;
C 0 T 39000 12000;
(SymbolCall res);
5 2 RB3;
5 11 R.RB3 5;
5 15 55000 11000 0 -1 "<v>/<value>O";
5 10 18 1 56000 2000 RB3-;
5 10 6 0 56000 12000 RB3+;
1 Bound 54750 2000 57000 12000;
9 res;
C 0 T 56000 12000;
L SCED;
5 10 4;
W2 0 -25000 12000 -24000 12000 -24000 15000;
5 10 5;
W2 0 15000 15000 15000 12000 14000 12000;
5 10 6;
W2 0 50000 15000 50000 12000 49000 12000;
5 10 4;
W2 0 -24000 12000 -18000 12000 -17000 12000;
5 10 5;
W2 0 15000 12000 21000 12000 22000 12000;
5 10 6;
W2 0 50000 12000 56000 12000 57000 12000;
L NAME;
5 16 I 0 11;
94 <<IB1>> -26250 33750 320 1350 1000;
5 16 I 1 11;
94 <<IB2>> 12750 33750 320 1575 1000;
5 16 I 2 11;
94 <<IB3>> 47750 33750 320 1575 1000;
5 16 L 0 11;
94 <<LB1>> -24250 23750 320 1650 1000;
5 16 L 1 11;
94 <<LB2>> 14750 23750 320 1875 1000;
5 16 L 2 11;
94 <<LB3>> 49750 23750 320 1875 1000;
5 16 L 3 11;
94 <<L1>> -34750 13750 0 1050 1000;
5 16 L 4 11;
94 <<L2>> -16750 13750 0 1275 1000;
5 16 L 5 11;
94 <<L3>> 4250 13750 0 1275 1000;
5 16 L 6 11;
94 <<L4>> 22250 13750 0 1275 1000;
5 16 L 7 11;
94 <<L5>> 39250 13750 0 1275 1000;
5 16 L 8 11;
94 <<L6>> 57250 13750 0 1275 1000;
5 16 B 0 11;
94 <<B1>> -25750 10750 320 1050 1000;
5 16 R 0 11;
94 <<RB1>> -19500 10750 320 1650 1000;
5 16 R 1 11;
94 <<R1>> -8500 10750 320 1050 1000;
5 16 B 1 11;
94 <<B2>> 13250 10750 320 1275 1000;
5 16 R 2 11;
94 <<RB2>> 19500 10750 320 1875 1000;
5 16 R 3 11;
94 <<R2>> 30500 10750 320 1275 1000;
5 16 R 4 11;
94 <<R3>> 37500 10750 320 1275 1000;
5 16 B 2 11;
94 <<B3>> 48250 10750 320 1275 1000;
5 16 R 5 11;
94 <<RB3>> 54500 10750 320 1875 1000;
5 16 L 9 11;
94 <<LP1>> -24250 750 320 1650 1000;
5 16 L 10 11;
94 <<LRB1>> -18250 750 320 2250 1000;
5 16 L 11 11;
94 <<LP2>> 14750 750 320 1875 1000;
5 16 L 12 11;
94 <<LRB2>> 20750 750 320 2475 1000;
5 16 L 13 11;
94 <<LP3>> 49750 750 320 1875 1000;
5 16 L 14 11;
94 <<LRB3>> 55750 750 320 2475 1000;
L MODL;
5 16 B 0 1;
94 <<jjmit>> -22250 11750 256 2550 1000;
5 16 B 1 1;
94 <<jjmit>> 16750 11750 256 2550 1000;
5 16 B 2 1;
94 <<jjmit>> 51750 11750 256 2550 1000;
L VALU;
5 16 I 0 2;
94 <<pwl(0 0 5p IB1)>> -21750 34750 33024 7650 1000;
5 16 I 1 2;
94 <<pwl(0 0 5p IB2)>> 17250 34750 33024 7875 1000;
5 16 I 2 2;
94 <<pwl(0 0 5p IB3)>> 52250 34750 33024 7875 1000;
5 16 L 0 2;
94 <<LB1>> -22250 24750 33024 1650 1000;
5 16 L 1 2;
94 <<LB2>> 16750 24750 33024 1875 1000;
5 16 L 2 2;
94 <<LB3>> 51750 24750 33024 1875 1000;
5 16 L 3 2;
94 <<L1>> -25250 11750 33088 1050 1000;
5 16 R 0 2;
94 <<RB1>> -16750 11750 33024 1650 1000;
5 16 L 4 2;
94 <<L2>> -7250 11750 33088 1275 1000;
5 16 R 1 2;
94 <<R1>> -5750 11750 33024 1050 1000;
5 16 L 5 2;
94 <<L3>> 13750 11750 33088 1275 1000;
5 16 R 2 2;
94 <<RB2>> 22250 11750 33024 1875 1000;
5 16 L 6 2;
94 <<L4>> 31750 11750 33088 1275 1000;
5 16 R 3 2;
94 <<R2>> 33250 11750 33024 1275 1000;
5 16 R 4 2;
94 <<R3>> 40250 11750 33024 1275 1000;
5 16 L 7 2;
94 <<L5>> 48750 11750 33088 1275 1000;
5 16 R 5 2;
94 <<RB3>> 57250 11750 33024 1875 1000;
5 16 L 8 2;
94 <<L6>> 66750 11750 33088 1275 1000;
5 16 L 9 2;
94 <<LP1>> -22250 1750 33024 1650 1000;
5 16 L 10 2;
94 <<LRB1>> -16250 1750 33024 2250 1000;
5 16 L 11 2;
94 <<LP2>> 16750 1750 33024 1875 1000;
5 16 L 12 2;
94 <<LRB2>> 22750 1750 33024 2475 1000;
5 16 L 13 2;
94 <<LP3>> 51750 1750 33024 1875 1000;
5 16 L 14 2;
94 <<LRB3>> 57750 1750 33024 2475 1000;
L PARM;
5 16 B 0 3;
94 <<area=B1>> -22250 2250 32768 3975 1000;
5 16 B 1 3;
94 <<area=B2>> 16750 2250 32768 4200 1000;
5 16 B 2 3;
94 <<area=B3>> 51750 2250 32768 4200 1000;
DF;
E
* Generated by Xic from cell LSmitll_Always0_sync
B1 4 13 19 jjmit area=B1
B2 5 15 20 jjmit area=B2
B3 6 17 21 jjmit area=B3
IB1 0 7 pwl(0 0 5p IB1)
IB2 0 8 pwl(0 0 5p IB2)
IB3 0 9 pwl(0 0 5p IB3)
L1 A 4 L1
L2 4 10 L2
L3 CLK 5 L3
L4 5 11 L4
L5 12 6 L5
L6 6 Q L6
LB1 7 4 LB1
LB2 8 5 LB2
LB3 9 6 LB3
LP1 13 0 LP1
LP2 15 0 LP2
LP3 17 0 LP3
LRB1 14 0 LRB1
LRB2 16 0 LRB2
LRB3 18 0 LRB3
R1 10 0 R1
R2 11 0 R2
R3 12 0 R3
RB1 4 14 RB1
RB2 5 16 RB2
RB3 6 18 RB3
.model jjmit jj(rtype=1, vg=2.8mV, cap=0.07pF, r0=160, rn=16, icrit=0.1mA)


* Nb 30 A/cm2
.save @IB1[c]
.save @IB2[c]
.save @IB3[c]
