(Symbol LSmitll_XNORT_v2p1_schematic);
($Id:$);
(PHYSICAL);
(RESOLUTION 1000);
9 LSmitll_XNORT_v2p1_schematic;
DS 0 1 1;
DF;
E
(ELECTRICAL);
(RESOLUTION 1000);
5 10 1 0 -24000 11000 0x0 A;
5 10 2 1 -24000 -44000 0x0 B;
5 10 3 2 39000 -91000 0x0 CLK;
5 10 4 3 244000 -30000 0x0 Q;
5 11 X 0 subckt;
9 LSmitll_XNORT_v2p1_schematic;
DS 0 1 1;
(SymbolCall gnd);
5 10 0 0 49000 41000;
1 Bound 49000 40000 51600 42000;
( Rotate 90 );
9 gnd;
C 0 R 0 1 T 50000 40000;
(SymbolCall gnd);
5 10 0 0 -14000 34000;
1 Bound -14000 33000 -11400 35000;
( Rotate 90 );
9 gnd;
C 0 R 0 1 T -13000 33000;
(SymbolCall gnd);
5 10 0 0 94000 8000;
1 Bound 93000 8000 95000 10600;
( Rotate 180 );
9 gnd;
C 0 R -1 0 T 95000 9000;
(SymbolCall gnd);
5 10 0 0 101000 8000;
1 Bound 100000 8000 102000 10600;
( Rotate 180 );
9 gnd;
C 0 R -1 0 T 102000 9000;
(SymbolCall gnd);
5 10 0 0 -14000 -9000;
1 Bound -15000 -11600 -13000 -9000;
9 gnd;
C 0 T -15000 -10000;
(SymbolCall gnd);
5 10 0 0 -7000 -9000;
1 Bound -8000 -11600 -6000 -9000;
9 gnd;
C 0 T -8000 -10000;
(SymbolCall gnd);
5 10 0 0 6000 -9000;
1 Bound 5000 -11600 7000 -9000;
9 gnd;
C 0 T 5000 -10000;
(SymbolCall gnd);
5 10 0 0 13000 -9000;
1 Bound 12000 -11600 14000 -9000;
9 gnd;
C 0 T 12000 -10000;
(SymbolCall gnd);
5 10 0 0 227000 -10000;
1 Bound 227000 -11000 229600 -9000;
( Rotate 90 );
9 gnd;
C 0 R 0 1 T 228000 -11000;
(SymbolCall gnd);
5 10 0 0 206000 -11000;
1 Bound 206000 -12000 208600 -10000;
( Rotate 90 );
9 gnd;
C 0 R 0 1 T 207000 -12000;
(SymbolCall gnd);
5 10 0 0 -14000 -21000;
1 Bound -14000 -22000 -11400 -20000;
( Rotate 90 );
9 gnd;
C 0 R 0 1 T -13000 -22000;
(SymbolCall gnd);
5 10 0 0 148000 -30000;
1 Bound 147000 -32600 149000 -30000;
9 gnd;
C 0 T 147000 -31000;
(SymbolCall gnd);
5 10 0 0 206000 -50000;
1 Bound 205000 -52600 207000 -50000;
9 gnd;
C 0 T 205000 -51000;
(SymbolCall gnd);
5 10 0 0 213000 -50000;
1 Bound 212000 -52600 214000 -50000;
9 gnd;
C 0 T 212000 -51000;
(SymbolCall gnd);
5 10 0 0 227000 -50000;
1 Bound 226000 -52600 228000 -50000;
9 gnd;
C 0 T 226000 -51000;
(SymbolCall gnd);
5 10 0 0 234000 -50000;
1 Bound 233000 -52600 235000 -50000;
9 gnd;
C 0 T 233000 -51000;
(SymbolCall gnd);
5 10 0 0 -14000 -64000;
1 Bound -15000 -66600 -13000 -64000;
9 gnd;
C 0 T -15000 -65000;
(SymbolCall gnd);
5 10 0 0 -7000 -64000;
1 Bound -8000 -66600 -6000 -64000;
9 gnd;
C 0 T -8000 -65000;
(SymbolCall gnd);
5 10 0 0 6000 -64000;
1 Bound 5000 -66600 7000 -64000;
9 gnd;
C 0 T 5000 -65000;
(SymbolCall gnd);
5 10 0 0 13000 -64000;
1 Bound 12000 -66600 14000 -64000;
9 gnd;
C 0 T 12000 -65000;
(SymbolCall gnd);
5 10 0 0 49000 -66000;
1 Bound 48000 -68600 50000 -66000;
( Rotate 180 );
9 gnd;
C 0 MY R -1 0 T 50000 -67000;
(SymbolCall gnd);
5 10 0 0 49000 -71000;
1 Bound 49000 -72000 51600 -70000;
( Rotate 90 );
9 gnd;
C 0 R 0 1 T 50000 -72000;
(SymbolCall gnd);
5 10 0 0 78000 -71000;
1 Bound 78000 -72000 80600 -70000;
( Rotate 90 );
9 gnd;
C 0 R 0 1 T 79000 -72000;
(SymbolCall gnd);
5 10 0 0 152000 -71000;
1 Bound 152000 -72000 154600 -70000;
( Rotate 90 );
9 gnd;
C 0 R 0 1 T 153000 -72000;
(SymbolCall gnd);
5 10 0 0 49000 -111000;
1 Bound 48000 -113600 50000 -111000;
9 gnd;
C 0 T 48000 -112000;
(SymbolCall gnd);
5 10 0 0 56000 -111000;
1 Bound 55000 -113600 57000 -111000;
9 gnd;
C 0 T 55000 -112000;
(SymbolCall gnd);
5 10 0 0 78000 -111000;
1 Bound 77000 -113600 79000 -111000;
9 gnd;
C 0 T 77000 -112000;
(SymbolCall gnd);
5 10 0 0 85000 -111000;
1 Bound 84000 -113600 86000 -111000;
9 gnd;
C 0 T 84000 -112000;
(SymbolCall gnd);
5 10 0 0 135000 -111000;
1 Bound 134000 -113600 136000 -111000;
9 gnd;
C 0 T 134000 -112000;
(SymbolCall gnd);
5 10 0 0 142000 -111000;
1 Bound 141000 -113600 143000 -111000;
9 gnd;
C 0 T 141000 -112000;
(SymbolCall gnd);
5 10 0 0 162000 -111000;
1 Bound 161000 -113600 163000 -111000;
9 gnd;
C 0 T 161000 -112000;
(SymbolCall gnd);
5 10 0 0 169000 -111000;
1 Bound 168000 -113600 170000 -111000;
9 gnd;
C 0 T 168000 -112000;
(SymbolCall ind);
5 10 5 1 49000 21000 LB2-;
5 10 30 0 49000 31000 LB2+;
5 15 50000 30000 0 -1;
5 2 LB2;
5 11 L.LB2 0;
1 Bound 49000 21000 50500 31000;
9 ind;
C 0 T 48000 21000;
(SymbolCall ind);
5 10 7 1 -14000 14000 LB1-;
5 10 31 0 -14000 24000 LB1+;
5 15 -13000 23000 0 -1;
5 2 LB1;
5 11 L.LB1 1;
1 Bound -14000 14000 -12500 24000;
9 ind;
C 0 T -15000 14000;
(SymbolCall ind);
5 10 5 1 48000 18000 LRB3-;
5 10 32 0 38000 18000 LRB3+;
5 15 39000 19000 1 0;
5 2 LRB3;
5 11 L.LRB3 2;
1 Bound 38000 18000 48000 19500;
( Rotate 90 );
9 ind;
C 0 R 0 1 T 48000 17000;
(SymbolCall ind);
5 10 7 1 -14000 11000 L1-;
5 10 1 0 -24000 11000 L1+;
5 15 -23000 12000 1 0;
5 2 L1;
5 11 L.L1 3;
1 Bound -24000 11000 -14000 12500;
( Rotate 90 );
9 ind;
C 0 R 0 1 T -14000 10000;
(SymbolCall ind);
5 10 8 1 4000 11000 L2-;
5 10 7 0 -6000 11000 L2+;
5 15 -5000 12000 1 0;
5 2 L2;
5 11 L.L2 4;
1 Bound -6000 11000 4000 12500;
( Rotate 90 );
9 ind;
C 0 R 0 1 T 4000 10000;
(SymbolCall ind);
5 10 6 1 24000 11000 L3-;
5 10 8 0 14000 11000 L3+;
5 15 15000 12000 1 0;
5 2 L3;
5 11 L.L3 5;
1 Bound 14000 11000 24000 12500;
( Rotate 90 );
9 ind;
C 0 R 0 1 T 24000 10000;
(SymbolCall ind);
5 10 9 1 49000 -1000 L4-;
5 10 5 0 49000 9000 L4+;
5 15 50000 8000 0 -1;
5 2 L4;
5 11 L.L4 6;
1 Bound 49000 -1000 50500 9000;
9 ind;
C 0 T 48000 -1000;
(SymbolCall ind);
5 10 0 1 94000 8000 LRB8-;
5 10 37 0 94000 -2000 LRB8+;
5 15 93000 -1000 0 1;
5 2 LRB8;
5 11 L.LRB8 7;
1 Bound 92500 -2000 94000 8000;
( Rotate 180 );
9 ind;
C 0 R -1 0 T 95000 8000;
(SymbolCall ind);
5 10 0 1 101000 8000 LP8-;
5 10 38 0 101000 -2000 LP8+;
5 15 100000 -1000 0 1;
5 2 LP8;
5 11 L.LP8 8;
1 Bound 99500 -2000 101000 8000;
( Rotate 180 );
9 ind;
C 0 R -1 0 T 102000 8000;
(SymbolCall ind);
5 10 0 1 -14000 -9000 LP1-;
5 10 33 0 -14000 1000 LP1+;
5 15 -13000 0 0 -1;
5 2 LP1;
5 11 L.LP1 9;
1 Bound -14000 -9000 -12500 1000;
9 ind;
C 0 T -15000 -9000;
(SymbolCall ind);
5 10 0 1 -7000 -9000 LRB1-;
5 10 34 0 -7000 1000 LRB1+;
5 15 -6000 0 0 -1;
5 2 LRB1;
5 11 L.LRB1 10;
1 Bound -7000 -9000 -5500 1000;
9 ind;
C 0 T -8000 -9000;
(SymbolCall ind);
5 10 0 1 6000 -9000 LP2-;
5 10 35 0 6000 1000 LP2+;
5 15 7000 0 0 -1;
5 2 LP2;
5 11 L.LP2 11;
1 Bound 6000 -9000 7500 1000;
9 ind;
C 0 T 5000 -9000;
(SymbolCall ind);
5 10 0 1 13000 -9000 LRB2-;
5 10 36 0 13000 1000 LRB2+;
5 15 14000 0 0 -1;
5 2 LRB2;
5 11 L.LRB2 12;
1 Bound 13000 -9000 14500 1000;
9 ind;
C 0 T 12000 -9000;
(SymbolCall ind);
5 10 11 1 88000 -5000 LRB7-;
5 10 39 0 78000 -5000 LRB7+;
5 15 79000 -4000 1 0;
5 2 LRB7;
5 11 L.LRB7 13;
1 Bound 78000 -5000 88000 -3500;
( Rotate 90 );
9 ind;
C 0 R 0 1 T 88000 -6000;
(SymbolCall ind);
5 10 13 1 148000 -5000 LRB14-;
5 10 40 0 138000 -5000 LRB14+;
5 15 139000 -4000 1 0;
5 2 LRB14;
5 11 L.LRB14 14;
1 Bound 138000 -5000 148000 -3500;
( Rotate 90 );
9 ind;
C 0 R 0 1 T 148000 -6000;
(SymbolCall ind);
5 10 14 1 191000 -5000 LRB15-;
5 10 41 0 181000 -5000 LRB15+;
5 15 182000 -4000 1 0;
5 11 L.LRB15 15;
5 2 LRB15;
1 Bound 181000 -5000 191000 -3500;
( Rotate 90 );
9 ind;
C 0 R 0 1 T 191000 -6000;
(SymbolCall ind);
5 10 10 1 62000 -12000 L9-;
5 10 9 0 52000 -12000 L9+;
5 15 53000 -11000 1 0;
5 2 L9;
5 11 L.L9 16;
1 Bound 52000 -12000 62000 -10500;
( Rotate 90 );
9 ind;
C 0 R 0 1 T 62000 -13000;
(SymbolCall ind);
5 10 12 1 126000 -12000 L18-;
5 10 11 0 116000 -12000 L18+;
5 15 117000 -11000 1 0;
5 2 L18;
5 11 L.L18 17;
1 Bound 116000 -12000 126000 -10500;
( Rotate 90 );
9 ind;
C 0 R 0 1 T 126000 -13000;
(SymbolCall ind);
5 10 15 1 191000 -24000 L20-;
5 10 14 0 191000 -14000 L20+;
5 15 192000 -15000 0 -1;
5 2 L20;
5 11 L.L20 18;
1 Bound 191000 -24000 192500 -14000;
9 ind;
C 0 T 190000 -24000;
(SymbolCall ind);
5 10 16 1 101000 -28000 L13-;
5 10 11 0 101000 -18000 L13+;
5 15 102000 -19000 0 -1;
5 2 L13;
5 11 L.L13 19;
1 Bound 101000 -28000 102500 -18000;
9 ind;
C 0 T 100000 -28000;
(SymbolCall ind);
5 10 17 1 206000 -30000 LB9-;
5 10 77 0 206000 -20000 LB9+;
5 15 207000 -21000 0 -1;
5 2 LB9;
5 11 L.LB9 20;
1 Bound 206000 -30000 207500 -20000;
9 ind;
C 0 T 205000 -30000;
(SymbolCall ind);
5 10 18 1 227000 -30000 LB10-;
5 10 42 0 227000 -20000 LB10+;
5 15 228000 -21000 0 -1;
5 2 LB10;
5 11 L.LB10 21;
1 Bound 227000 -30000 228500 -20000;
9 ind;
C 0 T 226000 -30000;
(SymbolCall ind);
5 10 19 1 49000 -34000 L8-;
5 10 9 0 49000 -24000 L8+;
5 15 50000 -25000 0 -1;
5 2 L8;
5 11 L.L8 22;
1 Bound 49000 -34000 50500 -24000;
9 ind;
C 0 T 48000 -34000;
(SymbolCall ind);
5 10 13 1 168000 -30000 LB8-;
5 10 44 0 158000 -30000 LB8+;
5 15 159000 -29000 1 0;
5 2 LB8;
5 11 L.LB8 23;
1 Bound 158000 -30000 168000 -28500;
( Rotate 90 );
9 ind;
C 0 R 0 1 T 168000 -31000;
(SymbolCall ind);
5 10 17 1 202000 -30000 L23-;
5 10 15 0 192000 -30000 L23+;
5 15 193000 -29000 1 0;
5 2 L23;
5 11 L.L23 24;
1 Bound 192000 -30000 202000 -28500;
( Rotate 90 );
9 ind;
C 0 R 0 1 T 202000 -31000;
(SymbolCall ind);
5 10 18 1 225000 -30000 L24-;
5 10 17 0 215000 -30000 L24+;
5 15 216000 -29000 1 0;
5 2 L24;
5 11 L.L24 25;
1 Bound 215000 -30000 225000 -28500;
( Rotate 90 );
9 ind;
C 0 R 0 1 T 225000 -31000;
(SymbolCall ind);
5 10 4 1 244000 -30000 L25-;
5 10 18 0 234000 -30000 L25+;
5 15 235000 -29000 1 0;
5 2 L25;
5 11 L.L25 26;
1 Bound 234000 -30000 244000 -28500;
( Rotate 90 );
9 ind;
C 0 R 0 1 T 244000 -31000;
(SymbolCall ind);
5 10 21 1 -14000 -41000 LB3-;
5 10 43 0 -14000 -31000 LB3+;
5 15 -13000 -32000 0 -1;
5 2 LB3;
5 11 L.LB3 27;
1 Bound -14000 -41000 -12500 -31000;
9 ind;
C 0 T -15000 -41000;
(SymbolCall ind);
5 10 16 1 94000 -33000 LRB11-;
5 10 49 0 94000 -43000 LRB11+;
5 15 93000 -42000 0 1;
5 2 LRB11;
5 11 L.LRB11 28;
1 Bound 92500 -43000 94000 -33000;
( Rotate 180 );
9 ind;
C 0 R -1 0 T 95000 -33000;
(SymbolCall ind);
5 10 19 1 48000 -37000 LRB6-;
5 10 50 0 38000 -37000 LRB6+;
5 15 39000 -36000 1 0;
5 2 LRB6;
5 11 L.LRB6 29;
1 Bound 38000 -37000 48000 -35500;
( Rotate 90 );
9 ind;
C 0 R 0 1 T 48000 -38000;
(SymbolCall ind);
5 10 23 1 171000 -47000 L22-;
5 10 13 0 171000 -37000 L22+;
5 15 172000 -38000 0 -1;
5 2 L22;
5 11 L.L22 30;
1 Bound 171000 -47000 172500 -37000;
9 ind;
C 0 T 170000 -47000;
(SymbolCall ind);
5 10 24 1 191000 -48000 L21-;
5 10 15 0 191000 -38000 L21+;
5 15 192000 -39000 0 -1;
5 2 L21;
5 11 L.L21 31;
1 Bound 191000 -48000 192500 -38000;
9 ind;
C 0 T 190000 -48000;
(SymbolCall ind);
5 10 0 1 206000 -50000 LP17-;
5 10 45 0 206000 -40000 LP17+;
5 15 207000 -41000 0 -1;
5 2 LP17;
5 11 L.LP17 32;
1 Bound 206000 -50000 207500 -40000;
9 ind;
C 0 T 205000 -50000;
(SymbolCall ind);
5 10 0 1 213000 -50000 LRB17-;
5 10 46 0 213000 -40000 LRB17+;
5 15 214000 -41000 0 -1;
5 2 LRB17;
5 11 L.LRB17 33;
1 Bound 213000 -50000 214500 -40000;
9 ind;
C 0 T 212000 -50000;
(SymbolCall ind);
5 10 0 1 227000 -50000 LP18-;
5 10 47 0 227000 -40000 LP18+;
5 15 228000 -41000 0 -1;
5 2 LP18;
5 11 L.LP18 34;
1 Bound 227000 -50000 228500 -40000;
9 ind;
C 0 T 226000 -50000;
(SymbolCall ind);
5 10 0 1 234000 -50000 LRB18-;
5 10 48 0 234000 -40000 LRB18+;
5 15 235000 -41000 0 -1;
5 2 LRB18;
5 11 L.LRB18 35;
1 Bound 234000 -50000 235500 -40000;
9 ind;
C 0 T 233000 -50000;
(SymbolCall ind);
5 10 21 1 -14000 -44000 L5-;
5 10 2 0 -24000 -44000 L5+;
5 15 -23000 -43000 1 0;
5 2 L5;
5 11 L.L5 36;
1 Bound -24000 -44000 -14000 -42500;
( Rotate 90 );
9 ind;
C 0 R 0 1 T -14000 -45000;
(SymbolCall ind);
5 10 22 1 4000 -44000 L6-;
5 10 21 0 -6000 -44000 L6+;
5 15 -5000 -43000 1 0;
5 2 L6;
5 11 L.L6 37;
1 Bound -6000 -44000 4000 -42500;
( Rotate 90 );
9 ind;
C 0 R 0 1 T 4000 -45000;
(SymbolCall ind);
5 10 20 1 24000 -44000 L7-;
5 10 22 0 14000 -44000 L7+;
5 15 15000 -43000 1 0;
5 2 L7;
5 11 L.L7 38;
1 Bound 14000 -44000 24000 -42500;
( Rotate 90 );
9 ind;
C 0 R 0 1 T 24000 -45000;
(SymbolCall ind);
5 10 55 1 49000 -56000 LB4-;
5 10 19 0 49000 -46000 LB4+;
5 15 50000 -47000 0 -1;
5 2 LB4;
5 11 L.LB4 39;
1 Bound 49000 -56000 50500 -46000;
9 ind;
C 0 T 48000 -56000;
(SymbolCall ind);
5 10 24 1 191000 -51000 LRB16-;
5 10 56 0 181000 -51000 LRB16+;
5 15 182000 -50000 1 0;
5 11 L.LRB16 40;
5 2 LRB16;
1 Bound 181000 -51000 191000 -49500;
( Rotate 90 );
9 ind;
C 0 R 0 1 T 191000 -52000;
(SymbolCall ind);
5 10 0 1 -14000 -64000 LP4-;
5 10 51 0 -14000 -54000 LP4+;
5 15 -13000 -55000 0 -1;
5 2 LP4;
5 11 L.LP4 41;
1 Bound -14000 -64000 -12500 -54000;
9 ind;
C 0 T -15000 -64000;
(SymbolCall ind);
5 10 0 1 -7000 -64000 LRB4-;
5 10 52 0 -7000 -54000 LRB4+;
5 15 -6000 -55000 0 -1;
5 2 LRB4;
5 11 L.LRB4 42;
1 Bound -7000 -64000 -5500 -54000;
9 ind;
C 0 T -8000 -64000;
(SymbolCall ind);
5 10 0 1 6000 -64000 LP5-;
5 10 53 0 6000 -54000 LP5+;
5 15 7000 -55000 0 -1;
5 2 LP5;
5 11 L.LP5 43;
1 Bound 6000 -64000 7500 -54000;
9 ind;
C 0 T 5000 -64000;
(SymbolCall ind);
5 10 0 1 13000 -64000 LRB5-;
5 10 54 0 13000 -54000 LRB5+;
5 15 14000 -55000 0 -1;
5 2 LRB5;
5 11 L.LRB5 44;
1 Bound 13000 -64000 14500 -54000;
9 ind;
C 0 T 12000 -64000;
(SymbolCall ind);
5 10 26 1 171000 -80000 L17-;
5 10 23 0 171000 -70000 L17+;
5 15 172000 -71000 0 -1;
5 2 L17;
5 11 L.L17 45;
1 Bound 171000 -80000 172500 -70000;
9 ind;
C 0 T 170000 -80000;
(SymbolCall ind);
5 10 27 1 49000 -91000 LB5-;
5 10 57 0 49000 -81000 LB5+;
5 15 50000 -82000 0 -1;
5 2 LB5;
5 11 L.LB5 46;
1 Bound 49000 -91000 50500 -81000;
9 ind;
C 0 T 48000 -91000;
(SymbolCall ind);
5 10 28 1 78000 -91000 LB6-;
5 10 58 0 78000 -81000 LB6+;
5 15 79000 -82000 0 -1;
5 2 LB6;
5 11 L.LB6 47;
1 Bound 78000 -91000 79500 -81000;
9 ind;
C 0 T 77000 -91000;
(SymbolCall ind);
5 10 60 1 152000 -91000 LB7-;
5 10 59 0 152000 -81000 LB7+;
5 15 153000 -82000 0 -1;
5 2 LB7;
5 11 L.LB7 48;
1 Bound 152000 -91000 153500 -81000;
9 ind;
C 0 T 151000 -91000;
(SymbolCall ind);
5 10 27 1 49000 -91000 L10-;
5 10 3 0 39000 -91000 L10+;
5 15 40000 -90000 1 0;
5 2 L10;
5 11 L.L10 49;
1 Bound 39000 -91000 49000 -89500;
( Rotate 90 );
9 ind;
C 0 R 0 1 T 49000 -92000;
(SymbolCall ind);
5 10 28 1 71000 -91000 L11-;
5 10 27 0 61000 -91000 L11+;
5 15 62000 -90000 1 0;
5 2 L11;
5 11 L.L11 50;
1 Bound 61000 -91000 71000 -89500;
( Rotate 90 );
9 ind;
C 0 R 0 1 T 71000 -92000;
(SymbolCall ind);
5 10 25 1 100000 -91000 L12-;
5 10 28 0 90000 -91000 L12+;
5 15 91000 -90000 1 0;
5 2 L12;
5 11 L.L12 51;
1 Bound 90000 -91000 100000 -89500;
( Rotate 90 );
9 ind;
C 0 R 0 1 T 100000 -92000;
(SymbolCall ind);
5 10 29 1 135000 -91000 L14-;
5 10 25 0 125000 -91000 L14+;
5 15 126000 -90000 1 0;
5 2 L14;
5 11 L.L14 52;
1 Bound 125000 -91000 135000 -89500;
( Rotate 90 );
9 ind;
C 0 R 0 1 T 135000 -92000;
(SymbolCall ind);
5 10 60 1 152000 -91000 L15-;
5 10 29 0 142000 -91000 L15+;
5 15 143000 -90000 1 0;
5 2 L15;
5 11 L.L15 53;
1 Bound 142000 -91000 152000 -89500;
( Rotate 90 );
9 ind;
C 0 R 0 1 T 152000 -92000;
(SymbolCall ind);
5 10 26 1 162000 -91000 L16-;
5 10 60 0 152000 -91000 L16+;
5 15 153000 -90000 1 0;
5 2 L16;
5 11 L.L16 54;
1 Bound 152000 -91000 162000 -89500;
( Rotate 90 );
9 ind;
C 0 R 0 1 T 162000 -92000;
(SymbolCall ind);
5 10 0 1 49000 -111000 LP9-;
5 10 61 0 49000 -101000 LP9+;
5 15 50000 -102000 0 -1;
5 2 LP9;
5 11 L.LP9 55;
1 Bound 49000 -111000 50500 -101000;
9 ind;
C 0 T 48000 -111000;
(SymbolCall ind);
5 10 0 1 56000 -111000 LRB9-;
5 10 62 0 56000 -101000 LRB9+;
5 15 57000 -102000 0 -1;
5 2 LRB9;
5 11 L.LRB9 56;
1 Bound 56000 -111000 57500 -101000;
9 ind;
C 0 T 55000 -111000;
(SymbolCall ind);
5 10 0 1 78000 -111000 LP10-;
5 10 63 0 78000 -101000 LP10+;
5 15 79000 -102000 0 -1;
5 2 LP10;
5 11 L.LP10 57;
1 Bound 78000 -111000 79500 -101000;
9 ind;
C 0 T 77000 -111000;
(SymbolCall ind);
5 10 0 1 85000 -111000 LRB10-;
5 10 64 0 85000 -101000 LRB10+;
5 15 86000 -102000 0 -1;
5 2 LRB10;
5 11 L.LRB10 58;
1 Bound 85000 -111000 86500 -101000;
9 ind;
C 0 T 84000 -111000;
(SymbolCall ind);
5 10 0 1 135000 -111000 LP12-;
5 10 65 0 135000 -101000 LP12+;
5 15 136000 -102000 0 -1;
5 2 LP12;
5 11 L.LP12 59;
1 Bound 135000 -111000 136500 -101000;
9 ind;
C 0 T 134000 -111000;
(SymbolCall ind);
5 10 0 1 142000 -111000 LRB12-;
5 10 66 0 142000 -101000 LRB12+;
5 15 143000 -102000 0 -1;
5 2 LRB12;
5 11 L.LRB12 60;
1 Bound 142000 -111000 143500 -101000;
9 ind;
C 0 T 141000 -111000;
(SymbolCall ind);
5 10 0 1 162000 -111000 LP13-;
5 10 67 0 162000 -101000 LP13+;
5 15 163000 -102000 0 -1;
5 2 LP13;
5 11 L.LP13 61;
1 Bound 162000 -111000 163500 -101000;
9 ind;
C 0 T 161000 -111000;
(SymbolCall ind);
5 10 0 1 169000 -111000 LRB13-;
5 10 68 0 169000 -101000 LRB13+;
5 15 170000 -102000 0 -1;
5 2 LRB13;
5 11 L.LRB13 62;
1 Bound 169000 -111000 170500 -101000;
9 ind;
C 0 T 168000 -111000;
(SymbolCall isrc);
5 10 30 1 49000 31000 IB2_1;
5 10 0 0 49000 41000 IB2_0;
5 15 49000 35000 0 -1 @<name>[c];
5 2 pwl(0 0 5p IB2);
5 11 I.IB2 0;
5 5 nophys;
1 Bound 47000 31000 51000 41000;
9 isrc;
C 0 T 47000 31000;
(SymbolCall isrc);
5 10 31 1 -14000 24000 IB1_1;
5 10 0 0 -14000 34000 IB1_0;
5 15 -14000 28000 0 -1 @<name>[c];
5 2 pwl(0 0 5p IB1);
5 11 I.IB1 1;
5 5 nophys;
1 Bound -16000 24000 -12000 34000;
9 isrc;
C 0 T -16000 24000;
(SymbolCall isrc);
5 10 42 1 227000 -20000 IB10_1;
5 10 0 0 227000 -10000 IB10_0;
5 15 227000 -16000 0 -1 @<name>[c];
5 2 pwl(0 0 5p IB10);
5 11 I.IB10 2;
5 5 nophys;
1 Bound 225000 -20000 229000 -10000;
9 isrc;
C 0 T 225000 -20000;
(SymbolCall isrc);
5 10 76 1 206000 -21000 IB9_1;
5 10 0 0 206000 -11000 IB9_0;
5 15 206000 -17000 0 -1 @<name>[c];
5 2 pwl(0 0 5p IB9);
5 11 I.IB9 3;
5 5 nophys;
1 Bound 204000 -21000 208000 -11000;
9 isrc;
C 0 T 204000 -21000;
(SymbolCall isrc);
5 10 43 1 -14000 -31000 IB3_1;
5 10 0 0 -14000 -21000 IB3_0;
5 15 -14000 -27000 0 -1 @<name>[c];
5 2 pwl(0 0 5p IB3);
5 11 I.IB3 4;
5 5 nophys;
1 Bound -16000 -31000 -12000 -21000;
9 isrc;
C 0 T -16000 -31000;
(SymbolCall isrc);
5 10 44 1 158000 -30000 IB8_1;
5 10 0 0 148000 -30000 IB8_0;
5 15 154000 -30000 1 0 @<name>[c];
5 2 pwl(0 0 5p IB8);
5 11 I.IB8 5;
5 5 nophys;
1 Bound 148000 -32000 158000 -28000;
( Rotate 90 );
9 isrc;
C 0 R 0 1 T 158000 -32000;
(SymbolCall isrc);
5 10 55 1 49000 -56000 IB4_1;
5 10 0 0 49000 -66000 IB4_0;
5 15 49000 -60000 0 1 @<name>[c];
5 2 pwl(0 0 5p IB4);
5 11 I.IB4 6;
5 5 nophys;
1 Bound 47000 -66000 51000 -56000;
9 isrc;
C 0 MY T 47000 -56000;
(SymbolCall isrc);
5 10 57 1 49000 -81000 IB5_1;
5 10 0 0 49000 -71000 IB5_0;
5 15 49000 -77000 0 -1 @<name>[c];
5 2 pwl(0 0 5p IB5);
5 11 I.IB5 7;
5 5 nophys;
1 Bound 47000 -81000 51000 -71000;
9 isrc;
C 0 T 47000 -81000;
(SymbolCall isrc);
5 10 58 1 78000 -81000 IB6_1;
5 10 0 0 78000 -71000 IB6_0;
5 15 78000 -77000 0 -1 @<name>[c];
5 2 pwl(0 0 5p IB6);
5 11 I.IB6 8;
5 5 nophys;
1 Bound 76000 -81000 80000 -71000;
9 isrc;
C 0 T 76000 -81000;
(SymbolCall isrc);
5 10 59 1 152000 -81000 IB7_1;
5 10 0 0 152000 -71000 IB7_0;
5 15 152000 -77000 0 -1 @<name>[c];
5 2 pwl(0 0 5p IB7);
5 11 I.IB7 9;
5 5 nophys;
1 Bound 150000 -81000 154000 -71000;
9 isrc;
C 0 T 150000 -81000;
(SymbolCall jj);
5 10 69 2 30000 10000 B3_2;
5 10 5 1 38000 11000 B3-;
5 10 6 0 28000 11000 B3+;
5 3 area=B3;
5 11 B.B3 0;
5 1 jjmit;
1 Bound 28000 9500 38000 12500;
( Rotate 90 );
9 jj;
C 0 R 0 1 T 38000 10000;
(SymbolCall jj);
5 10 70 2 -15000 9000 B1_2;
5 10 33 1 -14000 1000 B1-;
5 10 7 0 -14000 11000 B1+;
5 3 area=B1;
5 11 B.B1 1;
5 1 jjmit;
1 Bound -15500 1000 -12500 11000;
9 jj;
C 0 T -15000 1000;
(SymbolCall jj);
5 10 71 2 5000 9000 B2_2;
5 10 35 1 6000 1000 B2-;
5 10 8 0 6000 11000 B2+;
5 3 area=B2;
5 11 B.B2 2;
5 1 jjmit;
1 Bound 4500 1000 7500 11000;
9 jj;
C 0 T 5000 1000;
(SymbolCall jj);
5 10 72 2 102000 -10000 B8_2;
5 10 38 1 101000 -2000 B8-;
5 10 11 0 101000 -12000 B8+;
5 3 area=B8;
5 11 B.B8 3;
5 1 jjmit;
1 Bound 99500 -12000 102500 -2000;
( Rotate 180 );
9 jj;
C 0 R -1 0 T 102000 -2000;
(SymbolCall jj);
5 10 73 2 70000 -13000 B7_2;
5 10 11 1 78000 -12000 B7-;
5 10 10 0 68000 -12000 B7+;
5 3 area=B7;
5 11 B.B7 4;
5 1 jjmit;
1 Bound 68000 -13500 78000 -10500;
( Rotate 90 );
9 jj;
C 0 R 0 1 T 78000 -13000;
(SymbolCall jj);
5 10 74 2 130000 -13000 B14_2;
5 10 13 1 138000 -12000 B14-;
5 10 12 0 128000 -12000 B14+;
5 3 area=B14;
5 11 B.B14 5;
5 1 jjmit;
1 Bound 128000 -13500 138000 -10500;
( Rotate 90 );
9 jj;
C 0 R 0 1 T 138000 -13000;
(SymbolCall jj);
5 10 75 2 173000 -13000 B15_2;
5 10 14 1 181000 -12000 B15-;
5 10 13 0 171000 -12000 B15+;
5 3 area=B15;
5 11 B.B15 6;
5 1 jjmit;
1 Bound 171000 -13500 181000 -10500;
( Rotate 90 );
9 jj;
C 0 R 0 1 T 181000 -13000;
(SymbolCall jj);
5 10 78 2 205000 -32000 B17_2;
5 10 45 1 206000 -40000 B17-;
5 10 17 0 206000 -30000 B17+;
5 3 area=B17;
5 11 B.B17 7;
5 1 jjmit;
1 Bound 204500 -40000 207500 -30000;
9 jj;
C 0 T 205000 -40000;
(SymbolCall jj);
5 10 79 2 226000 -32000 B18_2;
5 10 47 1 227000 -40000 B18-;
5 10 18 0 227000 -30000 B18+;
5 3 area=B18;
5 11 B.B18 8;
5 1 jjmit;
1 Bound 225500 -40000 228500 -30000;
9 jj;
C 0 T 226000 -40000;
(SymbolCall jj);
5 10 80 2 30000 -45000 B6_2;
5 10 19 1 38000 -44000 B6-;
5 10 20 0 28000 -44000 B6+;
5 3 area=B6;
5 11 B.B6 9;
5 1 jjmit;
1 Bound 28000 -45500 38000 -42500;
( Rotate 90 );
9 jj;
C 0 R 0 1 T 38000 -45000;
(SymbolCall jj);
5 10 81 2 102000 -51000 B11_2;
5 10 16 1 101000 -43000 B11-;
5 10 25 0 101000 -53000 B11+;
5 3 area=B11;
5 11 B.B11 10;
5 1 jjmit;
1 Bound 99500 -53000 102500 -43000;
( Rotate 180 );
9 jj;
C 0 R -1 0 T 102000 -43000;
(SymbolCall jj);
5 10 82 2 -15000 -46000 B4_2;
5 10 51 1 -14000 -54000 B4-;
5 10 21 0 -14000 -44000 B4+;
5 3 area=B4;
5 11 B.B4 11;
5 1 jjmit;
1 Bound -15500 -54000 -12500 -44000;
9 jj;
C 0 T -15000 -54000;
(SymbolCall jj);
5 10 83 2 5000 -46000 B5_2;
5 10 53 1 6000 -54000 B5-;
5 10 22 0 6000 -44000 B5+;
5 3 area=B5;
5 11 B.B5 12;
5 1 jjmit;
1 Bound 4500 -54000 7500 -44000;
9 jj;
C 0 T 5000 -54000;
(SymbolCall jj);
5 10 84 2 173000 -59000 B16_2;
5 10 24 1 181000 -58000 B16-;
5 10 23 0 171000 -58000 B16+;
5 3 area=B16;
5 11 B.B16 13;
5 1 jjmit;
1 Bound 171000 -59500 181000 -56500;
( Rotate 90 );
9 jj;
C 0 R 0 1 T 181000 -59000;
(SymbolCall jj);
5 10 85 2 48000 -93000 B9_2;
5 10 61 1 49000 -101000 B9-;
5 10 27 0 49000 -91000 B9+;
5 3 area=B9;
5 11 B.B9 14;
5 1 jjmit;
1 Bound 47500 -101000 50500 -91000;
9 jj;
C 0 T 48000 -101000;
(SymbolCall jj);
5 10 86 2 77000 -93000 B10_2;
5 10 63 1 78000 -101000 B10-;
5 10 28 0 78000 -91000 B10+;
5 3 area=B10;
5 11 B.B10 15;
5 1 jjmit;
1 Bound 76500 -101000 79500 -91000;
9 jj;
C 0 T 77000 -101000;
(SymbolCall jj);
5 10 87 2 134000 -93000 B12_2;
5 10 65 1 135000 -101000 B12-;
5 10 29 0 135000 -91000 B12+;
5 3 area=B12;
5 11 B.B12 16;
5 1 jjmit;
1 Bound 133500 -101000 136500 -91000;
9 jj;
C 0 T 134000 -101000;
(SymbolCall jj);
5 10 88 2 161000 -93000 B13_2;
5 10 67 1 162000 -101000 B13-;
5 10 26 0 162000 -91000 B13+;
5 3 area=B13;
5 11 B.B13 17;
5 1 jjmit;
1 Bound 160500 -101000 163500 -91000;
9 jj;
C 0 T 161000 -101000;
(SymbolCall res);
5 10 32 1 38000 18000 RB3-;
5 10 6 0 28000 18000 RB3+;
5 15 29000 17000 1 0 "<v>/<value>O";
5 2 RB3;
5 11 R.RB3 0;
1 Bound 28000 16750 38000 19000;
( Rotate 90 );
9 res;
C 0 R 0 1 T 28000 18000;
(SymbolCall res);
5 10 34 1 -7000 1000 RB1-;
5 10 7 0 -7000 11000 RB1+;
5 15 -8000 10000 0 -1 "<v>/<value>O";
5 2 RB1;
5 11 R.RB1 1;
1 Bound -8250 1000 -6000 11000;
9 res;
C 0 T -7000 11000;
(SymbolCall res);
5 10 36 1 13000 1000 RB2-;
5 10 8 0 13000 11000 RB2+;
5 15 12000 10000 0 -1 "<v>/<value>O";
5 2 RB2;
5 11 R.RB2 2;
1 Bound 11750 1000 14000 11000;
9 res;
C 0 T 13000 11000;
(SymbolCall res);
5 10 37 1 94000 -2000 RB8-;
5 10 11 0 94000 -12000 RB8+;
5 15 95000 -11000 0 1 "<v>/<value>O";
5 2 RB8;
5 11 R.RB8 3;
1 Bound 93000 -12000 95250 -2000;
( Rotate 180 );
9 res;
C 0 R -1 0 T 94000 -12000;
(SymbolCall res);
5 10 39 1 78000 -5000 RB7-;
5 10 10 0 68000 -5000 RB7+;
5 15 69000 -6000 1 0 "<v>/<value>O";
5 2 RB7;
5 11 R.RB7 4;
1 Bound 68000 -6250 78000 -4000;
( Rotate 90 );
9 res;
C 0 R 0 1 T 68000 -5000;
(SymbolCall res);
5 10 40 1 138000 -5000 RB14-;
5 10 12 0 128000 -5000 RB14+;
5 15 129000 -6000 1 0 "<v>/<value>O";
5 2 RB14;
5 11 R.RB14 5;
1 Bound 128000 -6250 138000 -4000;
( Rotate 90 );
9 res;
C 0 R 0 1 T 128000 -5000;
(SymbolCall res);
5 10 41 1 181000 -5000 RB15-;
5 10 13 0 171000 -5000 RB15+;
5 15 172000 -6000 1 0 "<v>/<value>O";
5 2 RB15;
5 11 R.RB15 6;
1 Bound 171000 -6250 181000 -4000;
( Rotate 90 );
9 res;
C 0 R 0 1 T 171000 -5000;
(SymbolCall res);
5 10 46 1 213000 -40000 RB17-;
5 10 17 0 213000 -30000 RB17+;
5 15 212000 -31000 0 -1 "<v>/<value>O";
5 2 RB17;
5 11 R.RB17 7;
1 Bound 211750 -40000 214000 -30000;
9 res;
C 0 T 213000 -30000;
(SymbolCall res);
5 10 48 1 234000 -40000 RB18-;
5 10 18 0 234000 -30000 RB18+;
5 15 233000 -31000 0 -1 "<v>/<value>O";
5 2 RB18;
5 11 R.RB18 8;
1 Bound 232750 -40000 235000 -30000;
9 res;
C 0 T 234000 -30000;
(SymbolCall res);
5 10 50 1 38000 -37000 RB6-;
5 10 20 0 28000 -37000 RB6+;
5 15 29000 -38000 1 0 "<v>/<value>O";
5 2 RB6;
5 11 R.RB6 9;
1 Bound 28000 -38250 38000 -36000;
( Rotate 90 );
9 res;
C 0 R 0 1 T 28000 -37000;
(SymbolCall res);
5 10 49 1 94000 -43000 RB11-;
5 10 25 0 94000 -53000 RB11+;
5 15 95000 -52000 0 1 "<v>/<value>O";
5 2 RB11;
5 11 R.RB11 10;
1 Bound 93000 -53000 95250 -43000;
( Rotate 180 );
9 res;
C 0 R -1 0 T 94000 -53000;
(SymbolCall res);
5 10 52 1 -7000 -54000 RB4-;
5 10 21 0 -7000 -44000 RB4+;
5 15 -8000 -45000 0 -1 "<v>/<value>O";
5 2 RB4;
5 11 R.RB4 11;
1 Bound -8250 -54000 -6000 -44000;
9 res;
C 0 T -7000 -44000;
(SymbolCall res);
5 10 54 1 13000 -54000 RB5-;
5 10 22 0 13000 -44000 RB5+;
5 15 12000 -45000 0 -1 "<v>/<value>O";
5 2 RB5;
5 11 R.RB5 12;
1 Bound 11750 -54000 14000 -44000;
9 res;
C 0 T 13000 -44000;
(SymbolCall res);
5 10 56 1 181000 -51000 RB16-;
5 10 23 0 171000 -51000 RB16+;
5 15 172000 -52000 1 0 "<v>/<value>O";
5 2 RB16;
5 11 R.RB16 13;
1 Bound 171000 -52250 181000 -50000;
( Rotate 90 );
9 res;
C 0 R 0 1 T 171000 -51000;
(SymbolCall res);
5 10 62 1 56000 -101000 RB9-;
5 10 27 0 56000 -91000 RB9+;
5 15 55000 -92000 0 -1 "<v>/<value>O";
5 2 RB9;
5 11 R.RB9 14;
1 Bound 54750 -101000 57000 -91000;
9 res;
C 0 T 56000 -91000;
(SymbolCall res);
5 10 64 1 85000 -101000 RB10-;
5 10 28 0 85000 -91000 RB10+;
5 15 84000 -92000 0 -1 "<v>/<value>O";
5 2 RB10;
5 11 R.RB10 15;
1 Bound 83750 -101000 86000 -91000;
9 res;
C 0 T 85000 -91000;
(SymbolCall res);
5 10 66 1 142000 -101000 RB12-;
5 10 29 0 142000 -91000 RB12+;
5 15 141000 -92000 0 -1 "<v>/<value>O";
5 2 RB12;
5 11 R.RB12 16;
1 Bound 140750 -101000 143000 -91000;
9 res;
C 0 T 142000 -91000;
(SymbolCall res);
5 10 68 1 169000 -101000 RB13-;
5 10 26 0 169000 -91000 RB13+;
5 15 168000 -92000 0 -1 "<v>/<value>O";
5 2 RB13;
5 11 R.RB13 17;
1 Bound 167750 -101000 170000 -91000;
9 res;
C 0 T 169000 -91000;
L SCED;
5 10 5;
W2 0 38000 11000 49000 11000 49000 18000 49000 21000;
5 10 6;
W2 0 24000 11000 28000 11000 28000 18000;
5 10 5;
W2 0 48000 18000 49000 18000;
5 10 7;
W2 0 -14000 14000 -14000 11000 -7000 11000 -6000 11000;
5 10 8;
W2 0 4000 11000 6000 11000 13000 11000 14000 11000;
5 10 5;
W2 0 49000 11000 49000 9000;
5 10 9;
W2 0 49000 -1000 49000 -12000 49000 -24000;
5 10 10;
W2 0 62000 -12000 68000 -12000 68000 -5000;
5 10 11;
W2 0 78000 -12000 88000 -12000 88000 -5000;
5 10 12;
W2 0 126000 -12000 128000 -12000 128000 -5000;
5 10 13;
W2 0 138000 -12000 148000 -12000 148000 -5000;
5 10 13;
W2 0 171000 -5000 171000 -12000;
5 10 14;
W2 0 181000 -12000 191000 -12000 191000 -5000;
5 10 9;
W2 0 52000 -12000 49000 -12000;
5 10 11;
W2 0 88000 -12000 94000 -12000 101000 -12000 101000 -18000;
5 10 11;
W2 0 101000 -12000 116000 -12000;
5 10 13;
W2 0 148000 -12000 171000 -12000 171000 -30000 171000 -37000;
5 10 14;
W2 0 191000 -12000 191000 -14000;
5 10 15;
W2 0 191000 -24000 191000 -30000 191000 -38000;
5 10 16;
W2 0 101000 -28000 101000 -33000;
5 10 13;
W2 0 168000 -30000 171000 -30000;
5 10 15;
W2 0 192000 -30000 191000 -30000;
5 10 17;
W2 0 202000 -30000 206000 -30000 213000 -30000 215000 -30000;
5 10 18;
W2 0 225000 -30000 227000 -30000 234000 -30000;
5 10 16;
W2 0 101000 -43000 101000 -33000 94000 -33000;
5 10 19;
W2 0 38000 -44000 49000 -44000 49000 -37000 49000 -34000;
5 10 20;
W2 0 24000 -44000 28000 -44000 28000 -37000;
5 10 19;
W2 0 48000 -37000 49000 -37000;
5 10 21;
W2 0 -14000 -41000 -14000 -44000 -7000 -44000 -6000 -44000;
5 10 22;
W2 0 4000 -44000 6000 -44000 13000 -44000 14000 -44000;
5 10 19;
W2 0 49000 -44000 49000 -46000;
5 10 23;
W2 0 171000 -47000 171000 -51000 171000 -58000 171000 -70000;
5 10 24;
W2 0 191000 -48000 191000 -51000 191000 -58000 181000 -58000;
5 10 25;
W2 0 94000 -53000 101000 -53000 101000 -91000 125000 -91000;
5 10 26;
W2 0 162000 -91000 169000 -91000 171000 -91000 171000 -80000;
5 10 27;
W2 0 49000 -91000 56000 -91000 61000 -91000;
5 10 28;
W2 0 71000 -91000 78000 -91000 85000 -91000 90000 -91000;
5 10 25;
W2 0 100000 -91000 101000 -91000;
5 10 29;
W2 0 135000 -91000 142000 -91000;
L NAME;
5 16 I 0 11;
94 <<IB2>> 46750 39750 320 1575 1000;
5 16 I 1 11;
94 <<IB1>> -16250 32750 320 1350 1000;
5 16 L 0 11;
94 <<LB2>> 48750 29750 320 1875 1000;
5 16 L 1 11;
94 <<LB1>> -14250 22750 320 1650 1000;
5 16 L 2 11;
94 <<LRB3>> 38250 19750 0 2475 1000;
5 16 R 0 11;
94 <<RB3>> 28250 19250 0 1875 1000;
5 16 L 3 11;
94 <<L1>> -23750 12750 0 1050 1000;
5 16 L 4 11;
94 <<L2>> -5750 12750 0 1275 1000;
5 16 L 5 11;
94 <<L3>> 14250 12750 0 1275 1000;
5 16 B 0 11;
94 <<B3>> 28250 12750 0 1275 1000;
5 16 B 1 11;
94 <<B1>> -15750 9750 320 1050 1000;
5 16 R 1 11;
94 <<RB1>> -8500 9750 320 1650 1000;
5 16 B 2 11;
94 <<B2>> 4250 9750 320 1275 1000;
5 16 R 2 11;
94 <<RB2>> 11500 9750 320 1875 1000;
5 16 L 6 11;
94 <<L4>> 48750 7750 320 1275 1000;
5 16 L 7 11;
94 <<LRB8>> 92250 6750 320 2475 1000;
5 16 L 8 11;
94 <<LP8>> 99250 6750 320 1875 1000;
5 16 L 9 11;
94 <<LP1>> -14250 -250 320 1650 1000;
5 16 L 10 11;
94 <<LRB1>> -7250 -250 320 2250 1000;
5 16 L 11 11;
94 <<LP2>> 5750 -250 320 1875 1000;
5 16 L 12 11;
94 <<LRB2>> 12750 -250 320 2475 1000;
5 16 L 13 11;
94 <<LRB7>> 78250 -3250 0 2475 1000;
5 16 L 14 11;
94 <<LRB14>> 138250 -3250 0 2850 1000;
5 16 L 15 11;
94 <<LRB15>> 181250 -3250 0 2850 1000;
5 16 R 4 11;
94 <<RB7>> 68250 -3750 0 1875 1000;
5 16 R 5 11;
94 <<RB14>> 128250 -3750 0 2250 1000;
5 16 R 6 11;
94 <<RB15>> 171250 -3750 0 2250 1000;
5 16 R 3 11;
94 <<RB8>> 92750 -3250 320 1875 1000;
5 16 B 3 11;
94 <<B8>> 99250 -3250 320 1275 1000;
5 16 L 16 11;
94 <<L9>> 52250 -10250 0 1275 1000;
5 16 B 4 11;
94 <<B7>> 68250 -10250 0 1275 1000;
5 16 L 17 11;
94 <<L18>> 116250 -10250 0 1650 1000;
5 16 B 5 11;
94 <<B14>> 128250 -10250 0 1650 1000;
5 16 B 6 11;
94 <<B15>> 171250 -10250 0 1650 1000;
5 16 I 2 11;
94 <<IB10>> 224750 -11250 320 1950 1000;
5 16 I 3 11;
94 <<IB9>> 203750 -12250 320 1575 1000;
5 16 L 18 11;
94 <<L20>> 190750 -15250 320 1875 1000;
5 16 L 19 11;
94 <<L13>> 100750 -19250 320 1650 1000;
5 16 L 20 11;
94 <<LB9>> 205750 -21250 320 1875 1000;
5 16 L 21 11;
94 <<LB10>> 226750 -21250 320 2250 1000;
5 16 I 4 11;
94 <<IB3>> -16250 -22250 320 1575 1000;
5 16 L 22 11;
94 <<L8>> 48750 -25250 320 1275 1000;
5 16 I 5 11;
94 <<IB8>> 148250 -27750 0 1575 1000;
5 16 L 23 11;
94 <<LB8>> 158250 -28250 0 1875 1000;
5 16 L 24 11;
94 <<L23>> 192250 -28250 0 1875 1000;
5 16 L 25 11;
94 <<L24>> 215250 -28250 0 1875 1000;
5 16 L 26 11;
94 <<L25>> 234250 -28250 0 1875 1000;
5 16 B 7 11;
94 <<B17>> 204250 -31250 320 1650 1000;
5 16 R 7 11;
94 <<RB17>> 211500 -31250 320 2250 1000;
5 16 B 8 11;
94 <<B18>> 225250 -31250 320 1650 1000;
5 16 R 8 11;
94 <<RB18>> 232500 -31250 320 2250 1000;
5 16 L 27 11;
94 <<LB3>> -14250 -32250 320 1875 1000;
5 16 L 29 11;
94 <<LRB6>> 38250 -35250 0 2475 1000;
5 16 L 28 11;
94 <<LRB11>> 92250 -34250 320 2625 1000;
5 16 R 9 11;
94 <<RB6>> 28250 -35750 0 1875 1000;
5 16 L 30 11;
94 <<L22>> 170750 -38250 320 1875 1000;
5 16 L 31 11;
94 <<L21>> 190750 -39250 320 1650 1000;
5 16 L 36 11;
94 <<L5>> -23750 -42250 0 1275 1000;
5 16 L 37 11;
94 <<L6>> -5750 -42250 0 1275 1000;
5 16 L 38 11;
94 <<L7>> 14250 -42250 0 1275 1000;
5 16 B 9 11;
94 <<B6>> 28250 -42250 0 1275 1000;
5 16 L 32 11;
94 <<LP17>> 205750 -41250 320 2250 1000;
5 16 L 33 11;
94 <<LRB17>> 212750 -41250 320 2850 1000;
5 16 L 34 11;
94 <<LP18>> 226750 -41250 320 2250 1000;
5 16 L 35 11;
94 <<LRB18>> 233750 -41250 320 2850 1000;
5 16 R 10 11;
94 <<RB11>> 92750 -44250 320 2025 1000;
5 16 B 10 11;
94 <<B11>> 99250 -44250 320 1425 1000;
5 16 B 11 11;
94 <<B4>> -15750 -45250 320 1275 1000;
5 16 R 11 11;
94 <<RB4>> -8500 -45250 320 1875 1000;
5 16 B 12 11;
94 <<B5>> 4250 -45250 320 1275 1000;
5 16 R 12 11;
94 <<RB5>> 11500 -45250 320 1875 1000;
5 16 L 39 11;
94 <<LB4>> 48750 -47250 320 1875 1000;
5 16 L 40 11;
94 <<LRB16>> 181250 -49250 0 2850 1000;
5 16 R 13 11;
94 <<RB16>> 171250 -49750 0 2250 1000;
5 16 L 41 11;
94 <<LP4>> -14250 -55250 320 1875 1000;
5 16 L 42 11;
94 <<LRB4>> -7250 -55250 320 2475 1000;
5 16 L 43 11;
94 <<LP5>> 5750 -55250 320 1875 1000;
5 16 L 44 11;
94 <<LRB5>> 12750 -55250 320 2475 1000;
5 16 B 13 11;
94 <<B16>> 171250 -56250 0 1650 1000;
5 16 I 6 11;
94 <<IB4>> 46750 -57250 320 1575 1000;
5 16 L 45 11;
94 <<L17>> 170750 -71250 320 1650 1000;
5 16 I 7 11;
94 <<IB5>> 46750 -72250 320 1575 1000;
5 16 I 8 11;
94 <<IB6>> 75750 -72250 320 1575 1000;
5 16 I 9 11;
94 <<IB7>> 149750 -72250 320 1575 1000;
5 16 L 46 11;
94 <<LB5>> 48750 -82250 320 1875 1000;
5 16 L 47 11;
94 <<LB6>> 77750 -82250 320 1875 1000;
5 16 L 48 11;
94 <<LB7>> 151750 -82250 320 1875 1000;
5 16 L 49 11;
94 <<L10>> 39250 -89250 0 1650 1000;
5 16 L 50 11;
94 <<L11>> 61250 -89250 0 1425 1000;
5 16 L 51 11;
94 <<L12>> 90250 -89250 0 1650 1000;
5 16 L 52 11;
94 <<L14>> 125250 -89250 0 1650 1000;
5 16 L 53 11;
94 <<L15>> 142250 -89250 0 1650 1000;
5 16 L 54 11;
94 <<L16>> 152250 -89250 0 1650 1000;
5 16 B 14 11;
94 <<B9>> 47250 -92250 320 1275 1000;
5 16 R 14 11;
94 <<RB9>> 54500 -92250 320 1875 1000;
5 16 B 15 11;
94 <<B10>> 76250 -92250 320 1650 1000;
5 16 R 15 11;
94 <<RB10>> 83500 -92250 320 2250 1000;
5 16 B 16 11;
94 <<B12>> 133250 -92250 320 1650 1000;
5 16 R 16 11;
94 <<RB12>> 140500 -92250 320 2250 1000;
5 16 B 17 11;
94 <<B13>> 160250 -92250 320 1650 1000;
5 16 R 17 11;
94 <<RB13>> 167500 -92250 320 2250 1000;
5 16 L 55 11;
94 <<LP9>> 48750 -102250 320 1875 1000;
5 16 L 56 11;
94 <<LRB9>> 55750 -102250 320 2475 1000;
5 16 L 57 11;
94 <<LP10>> 77750 -102250 320 2250 1000;
5 16 L 58 11;
94 <<LRB10>> 84750 -102250 320 2850 1000;
5 16 L 59 11;
94 <<LP12>> 134750 -102250 320 2250 1000;
5 16 L 60 11;
94 <<LRB12>> 141750 -102250 320 2850 1000;
5 16 L 61 11;
94 <<LP13>> 161750 -102250 320 2250 1000;
5 16 L 62 11;
94 <<LRB13>> 168750 -102250 320 2850 1000;
L MODL;
5 16 B 1 1;
94 <<jjmit>> -12250 10750 256 2550 1000;
5 16 B 2 1;
94 <<jjmit>> 7750 10750 256 2550 1000;
5 16 B 0 1;
94 <<jjmit>> 37750 9250 320 2550 1000;
5 16 B 3 1;
94 <<jjmit>> 102750 -2250 256 2550 1000;
5 16 B 4 1;
94 <<jjmit>> 77750 -13750 320 2550 1000;
5 16 B 5 1;
94 <<jjmit>> 137750 -13750 320 2550 1000;
5 16 B 6 1;
94 <<jjmit>> 180750 -13750 320 2550 1000;
5 16 B 7 1;
94 <<jjmit>> 207750 -30250 256 2550 1000;
5 16 B 8 1;
94 <<jjmit>> 228750 -30250 256 2550 1000;
5 16 B 11 1;
94 <<jjmit>> -12250 -44250 256 2550 1000;
5 16 B 12 1;
94 <<jjmit>> 7750 -44250 256 2550 1000;
5 16 B 9 1;
94 <<jjmit>> 37750 -45750 320 2550 1000;
5 16 B 13 1;
94 <<jjmit>> 180750 -59750 320 2550 1000;
5 16 B 14 1;
94 <<jjmit>> 50750 -91250 256 2550 1000;
5 16 B 15 1;
94 <<jjmit>> 79750 -91250 256 2550 1000;
5 16 B 16 1;
94 <<jjmit>> 136750 -91250 256 2550 1000;
5 16 B 17 1;
94 <<jjmit>> 163750 -91250 256 2550 1000;
L VALU;
5 16 I 0 2;
94 <<pwl(0 0 5p IB2)>> 51250 40750 33024 7875 1000;
5 16 I 1 2;
94 <<pwl(0 0 5p IB1)>> -11750 33750 33024 7650 1000;
5 16 L 0 2;
94 <<LB2>> 50750 30750 33024 1875 1000;
5 16 L 1 2;
94 <<LB1>> -12250 23750 33024 1650 1000;
5 16 L 2 2;
94 <<LRB3>> 47750 17750 33088 2475 1000;
5 16 R 0 2;
94 <<RB3>> 37750 16500 33088 1875 1000;
5 16 L 3 2;
94 <<L1>> -14250 10750 33088 1050 1000;
5 16 R 1 2;
94 <<RB1>> -5750 10750 33024 1650 1000;
5 16 L 4 2;
94 <<L2>> 3750 10750 33088 1275 1000;
5 16 R 2 2;
94 <<RB2>> 14250 10750 33024 1875 1000;
5 16 L 5 2;
94 <<L3>> 23750 10750 33088 1275 1000;
5 16 L 6 2;
94 <<L4>> 50750 8750 33024 1275 1000;
5 16 L 7 2;
94 <<LRB8>> 94250 7750 33024 2475 1000;
5 16 L 8 2;
94 <<LP8>> 101250 7750 33024 1875 1000;
5 16 L 9 2;
94 <<LP1>> -12250 750 33024 1650 1000;
5 16 L 10 2;
94 <<LRB1>> -5250 750 33024 2250 1000;
5 16 L 11 2;
94 <<LP2>> 7750 750 33024 1875 1000;
5 16 L 12 2;
94 <<LRB2>> 14750 750 33024 2475 1000;
5 16 R 3 2;
94 <<RB8>> 95500 -2250 33024 1875 1000;
5 16 L 13 2;
94 <<LRB7>> 87750 -5250 33088 2475 1000;
5 16 L 14 2;
94 <<LRB14>> 147750 -5250 33088 2850 1000;
5 16 L 15 2;
94 <<LRB15>> 190750 -5250 33088 2850 1000;
5 16 R 4 2;
94 <<RB7>> 77750 -6500 33088 1875 1000;
5 16 R 5 2;
94 <<RB14>> 137750 -6500 33088 2250 1000;
5 16 R 6 2;
94 <<RB15>> 180750 -6500 33088 2250 1000;
5 16 I 2 2;
94 <<pwl(0 0 5p IB10)>> 229250 -10250 33024 8250 1000;
5 16 I 3 2;
94 <<pwl(0 0 5p IB9)>> 208250 -11250 33024 7875 1000;
5 16 L 16 2;
94 <<L9>> 61750 -12250 33088 1275 1000;
5 16 L 17 2;
94 <<L18>> 125750 -12250 33088 1650 1000;
5 16 L 18 2;
94 <<L20>> 192750 -14250 33024 1875 1000;
5 16 L 19 2;
94 <<L13>> 102750 -18250 33024 1650 1000;
5 16 L 20 2;
94 <<LB9>> 207750 -20250 33024 1875 1000;
5 16 L 21 2;
94 <<LB10>> 228750 -20250 33024 2250 1000;
5 16 I 4 2;
94 <<pwl(0 0 5p IB3)>> -11750 -21250 33024 7875 1000;
5 16 L 22 2;
94 <<L8>> 50750 -24250 33024 1275 1000;
5 16 L 23 2;
94 <<LB8>> 167750 -30250 33088 1875 1000;
5 16 L 24 2;
94 <<L23>> 201750 -30250 33088 1875 1000;
5 16 R 7 2;
94 <<RB17>> 214250 -30250 33024 2250 1000;
5 16 L 25 2;
94 <<L24>> 224750 -30250 33088 1875 1000;
5 16 R 8 2;
94 <<RB18>> 235250 -30250 33024 2250 1000;
5 16 L 26 2;
94 <<L25>> 243750 -30250 33088 1875 1000;
5 16 L 27 2;
94 <<LB3>> -12250 -31250 33024 1875 1000;
5 16 I 5 2;
94 <<pwl(0 0 5p IB8)>> 157750 -32250 33088 7875 1000;
5 16 L 28 2;
94 <<LRB11>> 94250 -33250 33024 2625 1000;
5 16 L 29 2;
94 <<LRB6>> 47750 -37250 33088 2475 1000;
5 16 L 30 2;
94 <<L22>> 172750 -37250 33024 1875 1000;
5 16 L 31 2;
94 <<L21>> 192750 -38250 33024 1650 1000;
5 16 R 9 2;
94 <<RB6>> 37750 -38500 33088 1875 1000;
5 16 L 32 2;
94 <<LP17>> 207750 -40250 33024 2250 1000;
5 16 L 33 2;
94 <<LRB17>> 214750 -40250 33024 2850 1000;
5 16 L 34 2;
94 <<LP18>> 228750 -40250 33024 2250 1000;
5 16 L 35 2;
94 <<LRB18>> 235750 -40250 33024 2850 1000;
5 16 R 10 2;
94 <<RB11>> 95500 -43250 33024 2025 1000;
5 16 L 36 2;
94 <<L5>> -14250 -44250 33088 1275 1000;
5 16 R 11 2;
94 <<RB4>> -5750 -44250 33024 1875 1000;
5 16 L 37 2;
94 <<L6>> 3750 -44250 33088 1275 1000;
5 16 R 12 2;
94 <<RB5>> 14250 -44250 33024 1875 1000;
5 16 L 38 2;
94 <<L7>> 23750 -44250 33088 1275 1000;
5 16 L 39 2;
94 <<LB4>> 50750 -46250 33024 1875 1000;
5 16 L 40 2;
94 <<LRB16>> 190750 -51250 33088 2850 1000;
5 16 R 13 2;
94 <<RB16>> 180750 -52500 33088 2250 1000;
5 16 L 41 2;
94 <<LP4>> -12250 -54250 33024 1875 1000;
5 16 L 42 2;
94 <<LRB4>> -5250 -54250 33024 2475 1000;
5 16 L 43 2;
94 <<LP5>> 7750 -54250 33024 1875 1000;
5 16 L 44 2;
94 <<LRB5>> 14750 -54250 33024 2475 1000;
5 16 I 6 2;
94 <<pwl(0 0 5p IB4)>> 51250 -56250 33024 7875 1000;
5 16 L 45 2;
94 <<L17>> 172750 -70250 33024 1650 1000;
5 16 I 7 2;
94 <<pwl(0 0 5p IB5)>> 51250 -71250 33024 7875 1000;
5 16 I 8 2;
94 <<pwl(0 0 5p IB6)>> 80250 -71250 33024 7875 1000;
5 16 I 9 2;
94 <<pwl(0 0 5p IB7)>> 154250 -71250 33024 7875 1000;
5 16 L 46 2;
94 <<LB5>> 50750 -81250 33024 1875 1000;
5 16 L 47 2;
94 <<LB6>> 79750 -81250 33024 1875 1000;
5 16 L 48 2;
94 <<LB7>> 153750 -81250 33024 1875 1000;
5 16 L 49 2;
94 <<L10>> 48750 -91250 33088 1650 1000;
5 16 R 14 2;
94 <<RB9>> 57250 -91250 33024 1875 1000;
5 16 L 50 2;
94 <<L11>> 70750 -91250 33088 1425 1000;
5 16 R 15 2;
94 <<RB10>> 86250 -91250 33024 2250 1000;
5 16 L 51 2;
94 <<L12>> 99750 -91250 33088 1650 1000;
5 16 L 52 2;
94 <<L14>> 134750 -91250 33088 1650 1000;
5 16 R 16 2;
94 <<RB12>> 143250 -91250 33024 2250 1000;
5 16 L 53 2;
94 <<L15>> 151750 -91250 33088 1650 1000;
5 16 L 54 2;
94 <<L16>> 161750 -91250 33088 1650 1000;
5 16 R 17 2;
94 <<RB13>> 170250 -91250 33024 2250 1000;
5 16 L 55 2;
94 <<LP9>> 50750 -101250 33024 1875 1000;
5 16 L 56 2;
94 <<LRB9>> 57750 -101250 33024 2475 1000;
5 16 L 57 2;
94 <<LP10>> 79750 -101250 33024 2250 1000;
5 16 L 58 2;
94 <<LRB10>> 86750 -101250 33024 2850 1000;
5 16 L 59 2;
94 <<LP12>> 136750 -101250 33024 2250 1000;
5 16 L 60 2;
94 <<LRB12>> 143750 -101250 33024 2850 1000;
5 16 L 61 2;
94 <<LP13>> 163750 -101250 33024 2250 1000;
5 16 L 62 2;
94 <<LRB13>> 170750 -101250 33024 2850 1000;
L PARM;
5 16 B 0 3;
94 <<area=B3>> 28250 8250 33024 4200 1000;
5 16 B 1 3;
94 <<area=B1>> -12250 1250 32768 3975 1000;
5 16 B 2 3;
94 <<area=B2>> 7750 1250 32768 4200 1000;
5 16 B 3 3;
94 <<area=B8>> 102750 -11750 32768 4200 1000;
5 16 B 4 3;
94 <<area=B7>> 68250 -14750 33024 4200 1000;
5 16 B 5 3;
94 <<area=B14>> 128250 -14750 33024 4575 1000;
5 16 B 6 3;
94 <<area=B15>> 171250 -14750 33024 4575 1000;
5 16 B 7 3;
94 <<area=B17>> 207750 -39750 32768 4575 1000;
5 16 B 8 3;
94 <<area=B18>> 228750 -39750 32768 4575 1000;
5 16 B 9 3;
94 <<area=B6>> 28250 -46750 33024 4200 1000;
5 16 B 10 3;
94 <<area=B11>> 102750 -52750 32768 4350 1000;
5 16 B 11 3;
94 <<area=B4>> -12250 -53750 32768 4200 1000;
5 16 B 12 3;
94 <<area=B5>> 7750 -53750 32768 4200 1000;
5 16 B 13 3;
94 <<area=B16>> 171250 -60750 33024 4575 1000;
5 16 B 14 3;
94 <<area=B9>> 50750 -100750 32768 4200 1000;
5 16 B 15 3;
94 <<area=B10>> 79750 -100750 32768 4575 1000;
5 16 B 16 3;
94 <<area=B12>> 136750 -100750 32768 4575 1000;
5 16 B 17 3;
94 <<area=B13>> 163750 -100750 32768 4575 1000;
DF;
E
* Generated by Xic from cell LSmitll_XNORT_v2p1_schematic
B1 7 33 70 jjmit area=B1
B2 8 35 71 jjmit area=B2
B3 6 5 69 jjmit area=B3
B4 21 51 82 jjmit area=B4
B5 22 53 83 jjmit area=B5
B6 20 19 80 jjmit area=B6
B7 10 11 73 jjmit area=B7
B8 11 38 72 jjmit area=B8
B9 27 61 85 jjmit area=B9
B10 28 63 86 jjmit area=B10
B11 25 16 81 jjmit area=B11
B12 29 65 87 jjmit area=B12
B13 26 67 88 jjmit area=B13
B14 12 13 74 jjmit area=B14
B15 13 14 75 jjmit area=B15
B16 23 24 84 jjmit area=B16
B17 17 45 78 jjmit area=B17
B18 18 47 79 jjmit area=B18
IB1 0 31 pwl(0 0 5p IB1)
IB2 0 30 pwl(0 0 5p IB2)
IB3 0 43 pwl(0 0 5p IB3)
IB4 0 55 pwl(0 0 5p IB4)
IB5 0 57 pwl(0 0 5p IB5)
IB6 0 58 pwl(0 0 5p IB6)
IB7 0 59 pwl(0 0 5p IB7)
IB8 0 44 pwl(0 0 5p IB8)
IB10 0 42 pwl(0 0 5p IB10)
L1 A 7 L1
L2 7 8 L2
L3 8 6 L3
L4 5 9 L4
L5 B 21 L5
L6 21 22 L6
L7 22 20 L7
L8 9 19 L8
L9 9 10 L9
L10 CLK 27 L10
L11 27 28 L11
L12 28 25 L12
L13 11 16 L13
L14 25 29 L14
L15 29 60 L15
L16 60 26 L16
L17 23 26 L17
L18 11 12 L18
L20 14 15 L20
L21 15 24 L21
L22 13 23 L22
L23 15 17 L23
L24 17 18 L24
L25 18 Q L25
LB1 31 7 LB1
LB2 30 5 LB2
LB3 43 21 LB3
LB4 19 55 LB4
LB5 57 27 LB5
LB6 58 28 LB6
LB7 59 60 LB7
LB8 44 13 LB8
LB10 42 18 LB10
LP1 33 0 LP1
LP2 35 0 LP2
LP4 51 0 LP4
LP5 53 0 LP5
LP8 38 0 LP8
LP9 61 0 LP9
LP10 63 0 LP10
LP12 65 0 LP12
LP13 67 0 LP13
LP17 45 0 LP17
LP18 47 0 LP18
LRB1 34 0 LRB1
LRB2 36 0 LRB2
LRB3 32 5 LRB3
LRB4 52 0 LRB4
LRB5 54 0 LRB5
LRB6 50 19 LRB6
LRB7 39 11 LRB7
LRB8 37 0 LRB8
LRB9 62 0 LRB9
LRB10 64 0 LRB10
LRB11 49 16 LRB11
LRB12 66 0 LRB12
LRB13 68 0 LRB13
LRB14 40 13 LRB14
LRB15 41 14 LRB15
LRB16 56 24 LRB16
LRB17 46 0 LRB17
LRB18 48 0 LRB18
RB1 7 34 RB1
RB2 8 36 RB2
RB3 6 32 RB3
RB4 21 52 RB4
RB5 22 54 RB5
RB6 20 50 RB6
RB7 10 39 RB7
RB8 11 37 RB8
RB9 27 62 RB9
RB10 28 64 RB10
RB11 25 49 RB11
RB12 29 66 RB12
RB13 26 68 RB13
RB14 12 40 RB14
RB15 13 41 RB15
RB16 23 56 RB16
RB17 17 46 RB17
RB18 18 48 RB18
.model jjmit jj(rtype=1, vg=2.8mV, cap=0.07pF, r0=160, rn=16, icrit=0.1mA)


* Nb 30 A/cm2
.save @IB8[c]
.save @IB9[c]
.save @IB3[c]
.save @IB4[c]
.save @IB6[c]
.save @IB2[c]
.save @IB1[c]
.save @IB10[c]
.save @IB5[c]
.save @IB7[c]
