(Symbol LSmitll_MERGE_v1p6_schematic);
($Id:$);
(PHYSICAL);
(RESOLUTION 1000);
9 LSmitll_MERGE_v1p6_schematic;
DS 0 1 1;
DF;
E
(ELECTRICAL);
(RESOLUTION 1000);
5 10 1 0 -35000 16000 0x0 A;
5 10 2 1 -35000 -34000 0x0 B;
5 10 3 2 103000 -8000 0x0 Q;
5 11 X 0 subckt;
9 LSmitll_MERGE_v1p6_schematic;
DS 0 1 1;
(SymbolCall gnd);
5 10 0 0 -20000 40000;
1 Bound -21000 40000 -19000 42600;
( Rotate 180 );
9 gnd;
C 0 R -1 0 T -19000 41000;
(SymbolCall gnd);
5 10 0 0 44000 15000;
1 Bound 43000 15000 45000 17600;
( Rotate 180 );
9 gnd;
C 0 R -1 0 T 45000 16000;
(SymbolCall gnd);
5 10 0 0 57000 14000;
1 Bound 56000 14000 58000 16600;
( Rotate 180 );
9 gnd;
C 0 R -1 0 T 58000 15000;
(SymbolCall gnd);
5 10 0 0 82000 13000;
1 Bound 81000 13000 83000 15600;
( Rotate 180 );
9 gnd;
C 0 R -1 0 T 83000 14000;
(SymbolCall gnd);
5 10 0 0 -20000 -4000;
1 Bound -21000 -6600 -19000 -4000;
9 gnd;
C 0 T -21000 -5000;
(SymbolCall gnd);
5 10 0 0 -12000 -4000;
1 Bound -13000 -6600 -11000 -4000;
9 gnd;
C 0 T -13000 -5000;
(SymbolCall gnd);
5 10 0 0 4000 -4000;
1 Bound 3000 -6600 5000 -4000;
9 gnd;
C 0 T 3000 -5000;
(SymbolCall gnd);
5 10 0 0 12000 -4000;
1 Bound 11000 -6600 13000 -4000;
9 gnd;
C 0 T 11000 -5000;
(SymbolCall gnd);
5 10 0 0 -20000 -13000;
1 Bound -21000 -13000 -19000 -10400;
( Rotate 180 );
9 gnd;
C 0 R -1 0 T -19000 -12000;
(SymbolCall gnd);
5 10 0 0 57000 -28000;
1 Bound 56000 -30600 58000 -28000;
9 gnd;
C 0 T 56000 -29000;
(SymbolCall gnd);
5 10 0 0 65000 -28000;
1 Bound 64000 -30600 66000 -28000;
9 gnd;
C 0 T 64000 -29000;
(SymbolCall gnd);
5 10 0 0 82000 -28000;
1 Bound 81000 -30600 83000 -28000;
9 gnd;
C 0 T 81000 -29000;
(SymbolCall gnd);
5 10 0 0 90000 -28000;
1 Bound 89000 -30600 91000 -28000;
9 gnd;
C 0 T 89000 -29000;
(SymbolCall gnd);
5 10 0 0 -20000 -54000;
1 Bound -21000 -56600 -19000 -54000;
9 gnd;
C 0 T -21000 -55000;
(SymbolCall gnd);
5 10 0 0 -12000 -54000;
1 Bound -13000 -56600 -11000 -54000;
9 gnd;
C 0 T -13000 -55000;
(SymbolCall gnd);
5 10 0 0 5000 -54000;
1 Bound 4000 -56600 6000 -54000;
9 gnd;
C 0 T 4000 -55000;
(SymbolCall gnd);
5 10 0 0 13000 -54000;
1 Bound 12000 -56600 14000 -54000;
9 gnd;
C 0 T 12000 -55000;
(SymbolCall ind);
5 10 6 1 -20000 20000 LB1-;
5 10 13 0 -20000 30000 LB1+;
5 15 -19000 29000 0 -1;
5 11 L.LB1 0;
1 Bound -20000 20000 -18500 30000;
9 ind;
C 0 T -21000 20000;
(SymbolCall ind);
5 10 5 1 35000 24000 LRB3-;
5 10 14 0 25000 24000 LRB3+;
5 15 26000 25000 1 0;
5 11 L.LRB3 1;
1 Bound 25000 24000 35000 25500;
( Rotate 90 );
9 ind;
C 0 R 0 1 T 35000 23000;
(SymbolCall ind);
5 10 6 1 -21000 16000 L1-;
5 10 1 0 -31000 16000 L1+;
5 15 -30000 17000 1 0;
5 11 L.L1 2;
1 Bound -31000 16000 -21000 17500;
( Rotate 90 );
9 ind;
C 0 R 0 1 T -21000 15000;
(SymbolCall ind);
5 10 4 1 1000 16000 L2-;
5 10 6 0 -9000 16000 L2+;
5 15 -8000 17000 1 0;
5 11 L.L2 3;
1 Bound -9000 16000 1000 17500;
( Rotate 90 );
9 ind;
C 0 R 0 1 T 1000 15000;
(SymbolCall ind);
5 10 0 1 -20000 -4000 LP1-;
5 10 15 0 -20000 6000 LP1+;
5 15 -19000 5000 0 -1;
5 11 L.LP1 4;
1 Bound -20000 -4000 -18500 6000;
9 ind;
C 0 T -21000 -4000;
(SymbolCall ind);
5 10 0 1 -12000 -4000 LRB1-;
5 10 16 0 -12000 6000 LRB1+;
5 15 -11000 5000 0 -1;
5 11 L.LRB1 5;
1 Bound -12000 -4000 -10500 6000;
9 ind;
C 0 T -13000 -4000;
(SymbolCall ind);
5 10 0 1 4000 -4000 LP2-;
5 10 17 0 4000 6000 LP2+;
5 15 5000 5000 0 -1;
5 11 L.LP2 6;
1 Bound 4000 -4000 5500 6000;
9 ind;
C 0 T 3000 -4000;
(SymbolCall ind);
5 10 0 1 12000 -4000 LRB2-;
5 10 18 0 12000 6000 LRB2+;
5 15 13000 5000 0 -1;
5 11 L.LRB2 7;
1 Bound 12000 -4000 13500 6000;
9 ind;
C 0 T 11000 -4000;
(SymbolCall ind);
5 10 7 1 35000 -4000 L3-;
5 10 5 0 35000 6000 L3+;
5 15 36000 5000 0 -1;
5 11 L.L3 8;
1 Bound 35000 -4000 36500 6000;
9 ind;
C 0 T 34000 -4000;
(SymbolCall ind);
5 10 7 1 44000 -5000 LB3-;
5 10 19 0 44000 5000 LB3+;
5 15 45000 4000 0 -1;
5 11 L.LB3 9;
1 Bound 44000 -5000 45500 5000;
9 ind;
C 0 T 43000 -5000;
(SymbolCall ind);
5 10 8 1 57000 -6000 LB4-;
5 10 20 0 57000 4000 LB4+;
5 15 58000 3000 0 -1;
5 11 L.LB4 10;
1 Bound 57000 -6000 58500 4000;
9 ind;
C 0 T 56000 -6000;
(SymbolCall ind);
5 10 9 1 82000 -6000 LB5-;
5 10 35 0 82000 4000 LB5+;
5 15 83000 3000 0 -1;
5 11 L.LB5 11;
1 Bound 82000 -6000 83500 4000;
9 ind;
C 0 T 81000 -6000;
(SymbolCall ind);
5 10 8 1 56000 -8000 L7-;
5 10 7 0 46000 -8000 L7+;
5 15 47000 -7000 1 0;
5 11 L.L7 12;
1 Bound 46000 -8000 56000 -6500;
( Rotate 90 );
9 ind;
C 0 R 0 1 T 56000 -9000;
(SymbolCall ind);
5 10 9 1 75000 -8000 L8-;
5 10 8 0 65000 -8000 L8+;
5 15 66000 -7000 1 0;
5 11 L.L8 13;
1 Bound 65000 -8000 75000 -6500;
( Rotate 90 );
9 ind;
C 0 R 0 1 T 75000 -9000;
(SymbolCall ind);
5 10 3 1 100000 -8000 L9-;
5 10 9 0 90000 -8000 L9+;
5 15 91000 -7000 1 0;
5 11 L.L9 14;
1 Bound 90000 -8000 100000 -6500;
( Rotate 90 );
9 ind;
C 0 R 0 1 T 100000 -9000;
(SymbolCall ind);
5 10 10 1 35000 -20000 L6-;
5 10 7 0 35000 -10000 L6+;
5 15 36000 -11000 0 -1;
5 11 L.L6 15;
1 Bound 35000 -20000 36500 -10000;
9 ind;
C 0 T 34000 -20000;
(SymbolCall ind);
5 10 0 1 57000 -28000 LP7-;
5 10 21 0 57000 -18000 LP7+;
5 15 58000 -19000 0 -1;
5 11 L.LP7 16;
1 Bound 57000 -28000 58500 -18000;
9 ind;
C 0 T 56000 -28000;
(SymbolCall ind);
5 10 0 1 65000 -28000 LRB7-;
5 10 22 0 65000 -18000 LRB7+;
5 15 66000 -19000 0 -1;
5 11 L.LRB7 17;
1 Bound 65000 -28000 66500 -18000;
9 ind;
C 0 T 64000 -28000;
(SymbolCall ind);
5 10 0 1 82000 -28000 LP8-;
5 10 23 0 82000 -18000 LP8+;
5 15 83000 -19000 0 -1;
5 11 L.LP8 18;
1 Bound 82000 -28000 83500 -18000;
9 ind;
C 0 T 81000 -28000;
(SymbolCall ind);
5 10 0 1 90000 -28000 LRB8-;
5 10 24 0 90000 -18000 LRB8+;
5 15 91000 -19000 0 -1;
5 11 L.LRB8 19;
1 Bound 90000 -28000 91500 -18000;
9 ind;
C 0 T 89000 -28000;
(SymbolCall ind);
5 10 12 1 -20000 -33000 LB2-;
5 10 25 0 -20000 -23000 LB2+;
5 15 -19000 -24000 0 -1;
5 11 L.LB2 20;
1 Bound -20000 -33000 -18500 -23000;
9 ind;
C 0 T -21000 -33000;
(SymbolCall ind);
5 10 10 1 35000 -26000 LRB6-;
5 10 26 0 25000 -26000 LRB6+;
5 15 26000 -25000 1 0;
5 11 L.LRB6 21;
1 Bound 25000 -26000 35000 -24500;
( Rotate 90 );
9 ind;
C 0 R 0 1 T 35000 -27000;
(SymbolCall ind);
5 10 12 1 -22000 -34000 L4-;
5 10 2 0 -32000 -34000 L4+;
5 15 -31000 -33000 1 0;
5 11 L.L4 22;
1 Bound -32000 -34000 -22000 -32500;
( Rotate 90 );
9 ind;
C 0 R 0 1 T -22000 -35000;
(SymbolCall ind);
5 10 11 1 0 -34000 L5-;
5 10 12 0 -10000 -34000 L5+;
5 15 -9000 -33000 1 0;
5 11 L.L5 23;
1 Bound -10000 -34000 0 -32500;
( Rotate 90 );
9 ind;
C 0 R 0 1 T 0 -35000;
(SymbolCall ind);
5 10 0 1 -20000 -54000 LP4-;
5 10 27 0 -20000 -44000 LP4+;
5 15 -19000 -45000 0 -1;
5 11 L.LP4 24;
1 Bound -20000 -54000 -18500 -44000;
9 ind;
C 0 T -21000 -54000;
(SymbolCall ind);
5 10 0 1 -12000 -54000 LRB4-;
5 10 28 0 -12000 -44000 LRB4+;
5 15 -11000 -45000 0 -1;
5 11 L.LRB4 25;
1 Bound -12000 -54000 -10500 -44000;
9 ind;
C 0 T -13000 -54000;
(SymbolCall ind);
5 10 0 1 5000 -54000 LP5-;
5 10 29 0 5000 -44000 LP5+;
5 15 6000 -45000 0 -1;
5 11 L.LP5 26;
1 Bound 5000 -54000 6500 -44000;
9 ind;
C 0 T 4000 -54000;
(SymbolCall ind);
5 10 0 1 13000 -54000 LRB5-;
5 10 30 0 13000 -44000 LRB5+;
5 15 14000 -45000 0 -1;
5 11 L.LRB5 27;
1 Bound 13000 -54000 14500 -44000;
9 ind;
C 0 T 12000 -54000;
(SymbolCall isrc);
5 10 13 1 -20000 30000 IB1_1;
5 10 0 0 -20000 40000 IB1_0;
5 15 -20000 34000 0 -1 @<name>[c];
5 11 I.IB1 0;
5 5 nophys;
1 Bound -22000 30000 -18000 40000;
9 isrc;
C 0 T -22000 30000;
(SymbolCall isrc);
5 10 19 1 44000 5000 IB3_1;
5 10 0 0 44000 15000 IB3_0;
5 15 44000 9000 0 -1 @<name>[c];
5 11 I.IB3 1;
5 5 nophys;
1 Bound 42000 5000 46000 15000;
9 isrc;
C 0 T 42000 5000;
(SymbolCall isrc);
5 10 20 1 57000 4000 IB4_1;
5 10 0 0 57000 14000 IB4_0;
5 15 57000 8000 0 -1 @<name>[c];
5 11 I.IB4 2;
5 5 nophys;
1 Bound 55000 4000 59000 14000;
9 isrc;
C 0 T 55000 4000;
(SymbolCall isrc);
5 10 34 1 82000 3000 IB5_1;
5 10 0 0 82000 13000 IB5_0;
5 15 82000 7000 0 -1 @<name>[c];
5 11 I.IB5 3;
5 5 nophys;
1 Bound 80000 3000 84000 13000;
9 isrc;
C 0 T 80000 3000;
(SymbolCall isrc);
5 10 25 1 -20000 -23000 IB2_1;
5 10 0 0 -20000 -13000 IB2_0;
5 15 -20000 -19000 0 -1 @<name>[c];
5 11 I.IB2 4;
5 5 nophys;
1 Bound -22000 -23000 -18000 -13000;
9 isrc;
C 0 T -22000 -23000;
(SymbolCall jj);
5 10 31 2 16000 15000 B3_2;
5 10 5 1 24000 16000 B3-;
5 10 4 0 14000 16000 B3+;
5 3 area=B3;
5 1 jjmit;
5 11 B.B3 0;
1 Bound 14000 14500 24000 17500;
( Rotate 90 );
9 jj;
C 0 R 0 1 T 24000 15000;
(SymbolCall jj);
5 10 32 2 -21000 14000 B1_2;
5 10 15 1 -20000 6000 B1-;
5 10 6 0 -20000 16000 B1+;
5 3 area=B1;
5 1 jjmit;
5 11 B.B1 1;
1 Bound -21500 6000 -18500 16000;
9 jj;
C 0 T -21000 6000;
(SymbolCall jj);
5 10 33 2 3000 14000 B2_2;
5 10 17 1 4000 6000 B2-;
5 10 4 0 4000 16000 B2+;
5 3 area=B2;
5 1 jjmit;
5 11 B.B2 2;
1 Bound 2500 6000 5500 16000;
9 jj;
C 0 T 3000 6000;
(SymbolCall jj);
5 10 36 2 56000 -10000 B7_2;
5 10 21 1 57000 -18000 B7-;
5 10 8 0 57000 -8000 B7+;
5 3 area=B7;
5 1 jjmit;
5 11 B.B7 3;
1 Bound 55500 -18000 58500 -8000;
9 jj;
C 0 T 56000 -18000;
(SymbolCall jj);
5 10 37 2 81000 -10000 B8_2;
5 10 23 1 82000 -18000 B8-;
5 10 9 0 82000 -8000 B8+;
5 3 area=B8;
5 1 jjmit;
5 11 B.B8 4;
1 Bound 80500 -18000 83500 -8000;
9 jj;
C 0 T 81000 -18000;
(SymbolCall jj);
5 10 38 2 17000 -35000 B6_2;
5 10 10 1 25000 -34000 B6-;
5 10 11 0 15000 -34000 B6+;
5 3 area=B6;
5 1 jjmit;
5 11 B.B6 5;
1 Bound 15000 -35500 25000 -32500;
( Rotate 90 );
9 jj;
C 0 R 0 1 T 25000 -35000;
(SymbolCall jj);
5 10 39 2 -21000 -36000 B4_2;
5 10 27 1 -20000 -44000 B4-;
5 10 12 0 -20000 -34000 B4+;
5 3 area=B4;
5 1 jjmit;
5 11 B.B4 6;
1 Bound -21500 -44000 -18500 -34000;
9 jj;
C 0 T -21000 -44000;
(SymbolCall jj);
5 10 40 2 4000 -36000 B5_2;
5 10 29 1 5000 -44000 B5-;
5 10 11 0 5000 -34000 B5+;
5 3 area=B5;
5 1 jjmit;
5 11 B.B5 7;
1 Bound 3500 -44000 6500 -34000;
9 jj;
C 0 T 4000 -44000;
(SymbolCall res);
5 10 14 1 25000 24000 RB3-;
5 10 4 0 15000 24000 RB3+;
5 15 16000 23000 1 0 "<v>/<value>O";
5 11 R.RB3 0;
1 Bound 15000 22750 25000 25000;
( Rotate 90 );
9 res;
C 0 R 0 1 T 15000 24000;
(SymbolCall res);
5 10 16 1 -12000 6000 RB1-;
5 10 6 0 -12000 16000 RB1+;
5 15 -13000 15000 0 -1 "<v>/<value>O";
5 11 R.RB1 1;
1 Bound -13250 6000 -11000 16000;
9 res;
C 0 T -12000 16000;
(SymbolCall res);
5 10 18 1 12000 6000 RB2-;
5 10 4 0 12000 16000 RB2+;
5 15 11000 15000 0 -1 "<v>/<value>O";
5 11 R.RB2 2;
1 Bound 10750 6000 13000 16000;
9 res;
C 0 T 12000 16000;
(SymbolCall res);
5 10 22 1 65000 -18000 RB7-;
5 10 8 0 65000 -8000 RB7+;
5 15 64000 -9000 0 -1 "<v>/<value>O";
5 11 R.RB7 3;
1 Bound 63750 -18000 66000 -8000;
9 res;
C 0 T 65000 -8000;
(SymbolCall res);
5 10 24 1 90000 -18000 RB8-;
5 10 9 0 90000 -8000 RB8+;
5 15 89000 -9000 0 -1 "<v>/<value>O";
5 11 R.RB8 4;
1 Bound 88750 -18000 91000 -8000;
9 res;
C 0 T 90000 -8000;
(SymbolCall res);
5 10 26 1 25000 -26000 RB6-;
5 10 11 0 15000 -26000 RB6+;
5 15 16000 -27000 1 0 "<v>/<value>O";
5 11 R.RB6 5;
1 Bound 15000 -27250 25000 -25000;
( Rotate 90 );
9 res;
C 0 R 0 1 T 15000 -26000;
(SymbolCall res);
5 10 28 1 -12000 -44000 RB4-;
5 10 12 0 -12000 -34000 RB4+;
5 15 -13000 -35000 0 -1 "<v>/<value>O";
5 11 R.RB4 6;
1 Bound -13250 -44000 -11000 -34000;
9 res;
C 0 T -12000 -34000;
(SymbolCall res);
5 10 30 1 13000 -44000 RB5-;
5 10 11 0 13000 -34000 RB5+;
5 15 12000 -35000 0 -1 "<v>/<value>O";
5 11 R.RB5 7;
1 Bound 11750 -44000 14000 -34000;
9 res;
C 0 T 13000 -34000;
L SCED;
5 10 4;
W2 0 1000 16000 4000 16000 12000 16000 14000 16000 14000 24000 15000 24000;
5 10 5;
W2 0 24000 16000 33000 16000 35000 16000 35000 24000;
5 10 6;
W2 0 -20000 20000 -20000 16000;
5 10 1;
W2 0 -31000 16000 -35000 16000;
5 10 6;
W2 0 -21000 16000 -20000 16000 -12000 16000 -9000 16000;
5 10 5;
W2 0 33000 16000 35000 16000 35000 6000;
5 10 7;
W2 0 35000 -4000 35000 -8000 35000 -10000;
5 10 7;
W2 0 44000 -5000 44000 -8000;
5 10 8;
W2 0 57000 -6000 57000 -8000 56000 -8000;
5 10 9;
W2 0 82000 -6000 82000 -8000;
5 10 7;
W2 0 46000 -8000 44000 -8000 35000 -8000;
5 10 8;
W2 0 57000 -8000 65000 -8000;
5 10 9;
W2 0 75000 -8000 82000 -8000 90000 -8000;
5 10 3;
W2 0 100000 -8000 103000 -8000;
5 10 10;
W2 0 35000 -20000 35000 -26000 35000 -34000 34000 -34000;
5 10 11;
W2 0 -1000 -34000 0 -34000 5000 -34000 13000 -34000 15000 -34000 15000 -26000;
5 10 10;
W2 0 35000 -26000 35000 -34000 34000 -34000 25000 -34000;
5 10 12;
W2 0 -22000 -34000 -20000 -34000 -20000 -33000;
5 10 2;
W2 0 -32000 -34000 -35000 -34000;
5 10 12;
W2 0 -20000 -34000 -12000 -34000 -10000 -34000;
L NAME;
5 16 I 0 11;
94 <<IB1>> -22250 38750 320 1350 1000;
5 16 L 0 11;
94 <<LB1>> -20250 28750 320 1650 1000;
5 16 L 1 11;
94 <<LRB3>> 25250 25750 0 2475 1000;
5 16 R 0 11;
94 <<RB3>> 15250 25250 0 1875 1000;
5 16 L 2 11;
94 <<L1>> -30750 17750 0 1050 1000;
5 16 L 3 11;
94 <<L2>> -8750 17750 0 1275 1000;
5 16 B 0 11;
94 <<B3>> 14250 17750 0 1275 1000;
5 16 B 1 11;
94 <<B1>> -21750 14750 320 1050 1000;
5 16 R 1 11;
94 <<RB1>> -13500 14750 320 1650 1000;
5 16 B 2 11;
94 <<B2>> 2250 14750 320 1275 1000;
5 16 R 2 11;
94 <<RB2>> 10500 14750 320 1875 1000;
5 16 I 1 11;
94 <<IB3>> 41750 13750 320 1575 1000;
5 16 I 2 11;
94 <<IB4>> 54750 12750 320 1575 1000;
5 16 I 3 11;
94 <<IB5>> 79750 11750 320 1575 1000;
5 16 L 4 11;
94 <<LP1>> -20250 4750 320 1650 1000;
5 16 L 5 11;
94 <<LRB1>> -12250 4750 320 2250 1000;
5 16 L 6 11;
94 <<LP2>> 3750 4750 320 1875 1000;
5 16 L 7 11;
94 <<LRB2>> 11750 4750 320 2475 1000;
5 16 L 8 11;
94 <<L3>> 34750 4750 320 1275 1000;
5 16 L 9 11;
94 <<LB3>> 43750 3750 320 1875 1000;
5 16 L 10 11;
94 <<LB4>> 56750 2750 320 1875 1000;
5 16 L 11 11;
94 <<LB5>> 81750 2750 320 1875 1000;
5 16 L 12 11;
94 <<L7>> 46250 -6250 0 1275 1000;
5 16 L 13 11;
94 <<L8>> 65250 -6250 0 1275 1000;
5 16 L 14 11;
94 <<L9>> 90250 -6250 0 1275 1000;
5 16 B 3 11;
94 <<B7>> 55250 -9250 320 1275 1000;
5 16 R 3 11;
94 <<RB7>> 63500 -9250 320 1875 1000;
5 16 B 4 11;
94 <<B8>> 80250 -9250 320 1275 1000;
5 16 R 4 11;
94 <<RB8>> 88500 -9250 320 1875 1000;
5 16 L 15 11;
94 <<L6>> 34750 -11250 320 1275 1000;
5 16 I 4 11;
94 <<IB2>> -22250 -14250 320 1575 1000;
5 16 L 16 11;
94 <<LP7>> 56750 -19250 320 1875 1000;
5 16 L 17 11;
94 <<LRB7>> 64750 -19250 320 2475 1000;
5 16 L 18 11;
94 <<LP8>> 81750 -19250 320 1875 1000;
5 16 L 19 11;
94 <<LRB8>> 89750 -19250 320 2475 1000;
5 16 L 21 11;
94 <<LRB6>> 25250 -24250 0 2475 1000;
5 16 R 5 11;
94 <<RB6>> 15250 -24750 0 1875 1000;
5 16 L 20 11;
94 <<LB2>> -20250 -24250 320 1875 1000;
5 16 L 22 11;
94 <<L4>> -31750 -32250 0 1275 1000;
5 16 L 23 11;
94 <<L5>> -9750 -32250 0 1275 1000;
5 16 B 5 11;
94 <<B6>> 15250 -32250 0 1275 1000;
5 16 B 6 11;
94 <<B4>> -21750 -35250 320 1275 1000;
5 16 R 6 11;
94 <<RB4>> -13500 -35250 320 1875 1000;
5 16 B 7 11;
94 <<B5>> 3250 -35250 320 1275 1000;
5 16 R 7 11;
94 <<RB5>> 11500 -35250 320 1875 1000;
5 16 L 24 11;
94 <<LP4>> -20250 -45250 320 1875 1000;
5 16 L 25 11;
94 <<LRB4>> -12250 -45250 320 2475 1000;
5 16 L 26 11;
94 <<LP5>> 4750 -45250 320 1875 1000;
5 16 L 27 11;
94 <<LRB5>> 12750 -45250 320 2475 1000;
L MODL;
5 16 B 1 1;
94 <<jjmit>> -18250 15750 256 2550 1000;
5 16 B 2 1;
94 <<jjmit>> 5750 15750 256 2550 1000;
5 16 B 0 1;
94 <<jjmit>> 23750 14250 320 2550 1000;
5 16 B 3 1;
94 <<jjmit>> 58750 -8250 256 2550 1000;
5 16 B 4 1;
94 <<jjmit>> 83750 -8250 256 2550 1000;
5 16 B 6 1;
94 <<jjmit>> -18250 -34250 256 2550 1000;
5 16 B 7 1;
94 <<jjmit>> 6750 -34250 256 2550 1000;
5 16 B 5 1;
94 <<jjmit>> 24750 -35750 320 2550 1000;
L PARM;
5 16 B 0 3;
94 <<area=B3>> 14250 13250 33024 4200 1000;
5 16 B 1 3;
94 <<area=B1>> -18250 6250 32768 3975 1000;
5 16 B 2 3;
94 <<area=B2>> 5750 6250 32768 4200 1000;
5 16 B 3 3;
94 <<area=B7>> 58750 -17750 32768 4200 1000;
5 16 B 4 3;
94 <<area=B8>> 83750 -17750 32768 4200 1000;
5 16 B 5 3;
94 <<area=B6>> 15250 -36750 33024 4200 1000;
5 16 B 6 3;
94 <<area=B4>> -18250 -43750 32768 4200 1000;
5 16 B 7 3;
94 <<area=B5>> 6750 -43750 32768 4200 1000;
DF;
E
* Generated by Xic from cell LSmitll_MERGE_v1p6_schematic
B1 6 15 32 jjmit area=B1
B2 4 17 33 jjmit area=B2
B3 4 5 31 jjmit area=B3
B4 12 27 39 jjmit area=B4
B5 11 29 40 jjmit area=B5
B6 11 10 38 jjmit area=B6
B7 8 21 36 jjmit area=B7
B8 9 23 37 jjmit area=B8
IB1 0 13
IB2 0 25
IB3 0 19
IB4 0 20
L1 A 6
L2 6 4
L3 5 7
L4 B 12
L5 12 11
L6 7 10
L7 7 8
L8 8 9
L9 9 Q
LB1 13 6
LB2 25 12
LB3 19 7
LB4 20 8
LP1 15 0
LP2 17 0
LP4 27 0
LP5 29 0
LP7 21 0
LP8 23 0
LRB1 16 0
LRB2 18 0
LRB3 14 5
LRB4 28 0
LRB5 30 0
LRB6 26 10
LRB7 22 0
LRB8 24 0
RB1 6 16
RB2 4 18
RB3 4 14
RB4 12 28
RB5 11 30
RB6 11 26
RB7 8 22
RB8 9 24
.model jjmit jj(rtype=1, vg=2.8mV, cap=0.07pF, r0=160, rn=16, icrit=0.1mA)


* Nb 30 A/cm2
.save @IB1[c]
.save @IB3[c]
.save @IB4[c]
.save @IB5[c]
.save @IB2[c]
