(Symbol DFF);
($Id:$);
(PHYSICAL);
(RESOLUTION 1000);
9 DFF;
DS 0 1 1;
DF;
E
(ELECTRICAL);
(RESOLUTION 1000);
5 10 1 0 -32000 13000 0x0 P1;
5 10 2 1 22000 13000 0x0 P2;
5 11 X 0 subckt;
9 DFF;
DS 0 1 1;
(SymbolCall gnd);
5 10 0 0 80000 79000;
1 Bound 80000 78000 82600 80000;
( Rotate 90 );
9 gnd;
C 0 R 0 1 T 81000 78000;
(SymbolCall gnd);
5 10 0 0 37000 73000;
1 Bound 34400 72000 37000 74000;
( Rotate 270 );
9 gnd;
C 0 R 0 -1 T 36000 74000;
(SymbolCall gnd);
5 10 0 0 80000 73000;
1 Bound 80000 72000 82600 74000;
( Rotate 90 );
9 gnd;
C 0 R 0 1 T 81000 72000;
(SymbolCall gnd);
5 10 0 0 -22000 33000;
1 Bound -23000 33000 -21000 35600;
( Rotate 180 );
9 gnd;
C 0 R -1 0 T -21000 34000;
(SymbolCall gnd);
5 10 0 0 23000 33000;
1 Bound 22000 33000 24000 35600;
( Rotate 180 );
9 gnd;
C 0 R -1 0 T 24000 34000;
(SymbolCall gnd);
5 10 0 0 90000 33000;
1 Bound 89000 33000 91000 35600;
( Rotate 180 );
9 gnd;
C 0 R -1 0 T 91000 34000;
(SymbolCall gnd);
5 10 0 0 -22000 -7000;
1 Bound -23000 -9600 -21000 -7000;
9 gnd;
C 0 T -23000 -8000;
(SymbolCall gnd);
5 10 0 0 -16000 -7000;
1 Bound -17000 -9600 -15000 -7000;
9 gnd;
C 0 T -17000 -8000;
(SymbolCall gnd);
5 10 0 0 23000 -7000;
1 Bound 22000 -9600 24000 -7000;
9 gnd;
C 0 T 22000 -8000;
(SymbolCall gnd);
5 10 0 0 29000 -7000;
1 Bound 28000 -9600 30000 -7000;
9 gnd;
C 0 T 28000 -8000;
(SymbolCall gnd);
5 10 0 0 60000 -7000;
1 Bound 59000 -9600 61000 -7000;
9 gnd;
C 0 T 59000 -8000;
(SymbolCall gnd);
5 10 0 0 66000 -7000;
1 Bound 65000 -9600 67000 -7000;
9 gnd;
C 0 T 65000 -8000;
(SymbolCall gnd);
5 10 0 0 90000 -7000;
1 Bound 89000 -9600 91000 -7000;
9 gnd;
C 0 T 89000 -8000;
(SymbolCall gnd);
5 10 0 0 96000 -7000;
1 Bound 95000 -9600 97000 -7000;
9 gnd;
C 0 T 95000 -8000;
(SymbolCall ind);
5 2 L5;
5 11 L.L5 0;
5 15 61000 92000 0 -1;
5 10 3 1 60000 83000 L5-;
5 10 25 0 60000 93000 L5+;
1 Bound 60000 83000 61500 93000;
9 ind;
C 0 T 59000 83000;
(SymbolCall ind);
5 2 LRB6;
5 11 L.LRB6 1;
5 15 71000 80000 1 0;
5 10 0 1 80000 79000 LRB6-;
5 10 9 0 70000 79000 LRB6+;
1 Bound 70000 79000 80000 80500;
( Rotate 90 );
9 ind;
C 0 R 0 1 T 80000 78000;
(SymbolCall ind);
5 2 LB3;
5 11 L.LB3 2;
5 15 48000 74000 1 0;
5 10 3 1 57000 73000 LB3-;
5 10 10 0 47000 73000 LB3+;
1 Bound 47000 73000 57000 74500;
( Rotate 90 );
9 ind;
C 0 R 0 1 T 57000 72000;
(SymbolCall ind);
5 2 LP6;
5 11 L.LP6 3;
5 15 71000 74000 1 0;
5 10 0 1 80000 73000 LP6-;
5 10 11 0 70000 73000 LP6+;
1 Bound 70000 73000 80000 74500;
( Rotate 90 );
9 ind;
C 0 R 0 1 T 80000 72000;
(SymbolCall ind);
5 2 L4;
5 11 L.L4 4;
5 15 61000 63000 0 -1;
5 10 4 1 60000 54000 L4-;
5 10 3 0 60000 64000 L4+;
1 Bound 60000 54000 61500 64000;
9 ind;
C 0 T 59000 54000;
(SymbolCall ind);
5 2 LRB5;
5 11 L.LRB5 5;
5 15 67000 39000 0 -1;
5 10 5 1 66000 30000 LRB5-;
5 10 12 0 66000 40000 LRB5+;
1 Bound 66000 30000 67500 40000;
9 ind;
C 0 T 65000 30000;
(SymbolCall ind);
5 2 LB1;
5 11 L.LB1 6;
5 10 13 0 -22000 23000 LB1+;
5 10 7 1 -22000 13000 LB1-;
5 15 -21000 22000 0 -1;
1 Bound -22000 13000 -20500 23000;
9 ind;
C 0 T -23000 13000;
(SymbolCall ind);
5 2 LB2;
5 11 L.LB2 7;
5 15 24000 22000 0 -1;
5 10 2 1 23000 13000 LB2-;
5 10 14 0 23000 23000 LB2+;
1 Bound 23000 13000 24500 23000;
9 ind;
C 0 T 22000 13000;
(SymbolCall ind);
5 2 LB4;
5 11 L.LB4 8;
5 15 91000 22000 0 -1;
5 10 8 1 90000 13000 LB4-;
5 10 15 0 90000 23000 LB4+;
1 Bound 90000 13000 91500 23000;
9 ind;
C 0 T 89000 13000;
(SymbolCall ind);
5 2 LRB2;
5 11 L.LRB2 9;
5 15 8000 20000 1 0;
5 10 2 1 17000 19000 LRB2-;
5 10 16 0 7000 19000 LRB2+;
1 Bound 7000 19000 17000 20500;
( Rotate 90 );
9 ind;
C 0 R 0 1 T 17000 18000;
(SymbolCall ind);
5 2 L1;
5 11 L.L1 10;
5 10 7 1 -22000 13000 L1-;
5 10 1 0 -32000 13000 L1+;
5 15 -31000 14000 1 0;
1 Bound -32000 13000 -22000 14500;
( Rotate 90 );
9 ind;
C 0 R 0 1 T -22000 12000;
(SymbolCall ind);
5 2 L2;
5 11 L.L2 11;
5 10 6 1 -6000 13000 L2-;
5 10 7 0 -16000 13000 L2+;
5 15 -15000 14000 1 0;
1 Bound -16000 13000 -6000 14500;
( Rotate 90 );
9 ind;
C 0 R 0 1 T -6000 12000;
(SymbolCall ind);
5 2 L3;
5 11 L.L3 12;
5 15 33000 14000 1 0;
5 10 5 1 42000 13000 L3-;
5 10 2 0 32000 13000 L3+;
1 Bound 32000 13000 42000 14500;
( Rotate 90 );
9 ind;
C 0 R 0 1 T 42000 12000;
(SymbolCall ind);
5 2 L6;
5 11 L.L6 13;
5 15 74000 14000 1 0;
5 10 8 1 83000 13000 L6-;
5 10 5 0 73000 13000 L6+;
1 Bound 73000 13000 83000 14500;
( Rotate 90 );
9 ind;
C 0 R 0 1 T 83000 12000;
(SymbolCall ind);
5 2 L7;
5 11 L.L7 14;
5 15 102000 14000 1 0;
5 10 29 1 111000 13000 L7-;
5 10 8 0 101000 13000 L7+;
1 Bound 101000 13000 111000 14500;
( Rotate 90 );
9 ind;
C 0 R 0 1 T 111000 12000;
(SymbolCall ind);
5 2 LP1;
5 11 L.LP1 15;
5 10 0 1 -22000 -7000 LP1-;
5 10 17 0 -22000 3000 LP1+;
5 15 -21000 2000 0 -1;
1 Bound -22000 -7000 -20500 3000;
9 ind;
C 0 T -23000 -7000;
(SymbolCall ind);
5 2 LRB1;
5 11 L.LRB1 16;
5 15 -15000 2000 0 -1;
5 10 0 1 -16000 -7000 LRB1-;
5 10 18 0 -16000 3000 LRB1+;
1 Bound -16000 -7000 -14500 3000;
9 ind;
C 0 T -17000 -7000;
(SymbolCall ind);
5 2 LP3;
5 11 L.LP3 17;
5 15 24000 2000 0 -1;
5 10 0 1 23000 -7000 LP3-;
5 10 19 0 23000 3000 LP3+;
1 Bound 23000 -7000 24500 3000;
9 ind;
C 0 T 22000 -7000;
(SymbolCall ind);
5 2 LRB3;
5 11 L.LRB3 18;
5 15 30000 2000 0 -1;
5 10 0 1 29000 -7000 LRB3-;
5 10 20 0 29000 3000 LRB3+;
1 Bound 29000 -7000 30500 3000;
9 ind;
C 0 T 28000 -7000;
(SymbolCall ind);
5 2 LP4;
5 11 L.LP4 19;
5 15 61000 2000 0 -1;
5 10 0 1 60000 -7000 LP4-;
5 10 21 0 60000 3000 LP4+;
1 Bound 60000 -7000 61500 3000;
9 ind;
C 0 T 59000 -7000;
(SymbolCall ind);
5 2 LRB4;
5 11 L.LRB4 20;
5 15 67000 2000 0 -1;
5 10 0 1 66000 -7000 LRB4-;
5 10 22 0 66000 3000 LRB4+;
1 Bound 66000 -7000 67500 3000;
9 ind;
C 0 T 65000 -7000;
(SymbolCall ind);
5 2 LP7;
5 11 L.LP7 21;
5 15 91000 2000 0 -1;
5 10 0 1 90000 -7000 LP7-;
5 10 23 0 90000 3000 LP7+;
1 Bound 90000 -7000 91500 3000;
9 ind;
C 0 T 89000 -7000;
(SymbolCall ind);
5 2 LRB7;
5 11 L.LRB7 22;
5 15 97000 2000 0 -1;
5 10 0 1 96000 -7000 LRB7-;
5 10 24 0 96000 3000 LRB7+;
1 Bound 96000 -7000 97500 3000;
9 ind;
C 0 T 95000 -7000;
(SymbolCall isrc);
5 2 pwl(0 0 5p IB3);
5 11 I.IB3 0;
5 5 nophys;
5 15 43000 73000 1 0 @<name>[c];
5 10 10 1 47000 73000 IB3_1;
5 10 0 0 37000 73000 IB3_0;
1 Bound 37000 71000 47000 75000;
( Rotate 90 );
9 isrc;
C 0 R 0 1 T 47000 71000;
(SymbolCall isrc);
5 2 pwl(0 0 5p IB1);
5 11 I.IB1 1;
5 5 nophys;
5 10 0 0 -22000 33000 IB1_0;
5 10 13 1 -22000 23000 IB1_1;
5 15 -22000 27000 0 -1 @<name>[c];
1 Bound -24000 23000 -20000 33000;
9 isrc;
C 0 T -24000 23000;
(SymbolCall isrc);
5 2 pwl(0 0 5p IB2);
5 11 I.IB2 2;
5 5 nophys;
5 15 23000 27000 0 -1 @<name>[c];
5 10 14 1 23000 23000 IB2_1;
5 10 0 0 23000 33000 IB2_0;
1 Bound 21000 23000 25000 33000;
9 isrc;
C 0 T 21000 23000;
(SymbolCall isrc);
5 2 pwl(0 0 5p IB4);
5 11 I.IB4 3;
5 5 nophys;
5 15 90000 27000 0 -1 @<name>[c];
5 10 15 1 90000 23000 IB4_1;
5 10 0 0 90000 33000 IB4_0;
1 Bound 88000 23000 92000 33000;
9 isrc;
C 0 T 88000 23000;
(SymbolCall jj);
5 3 area=B6;
5 11 B.B6 0;
5 1 jjmit;
5 10 26 2 62000 72000 B6_2;
5 10 11 1 70000 73000 B6-;
5 10 3 0 60000 73000 B6+;
1 Bound 60000 71500 70000 74500;
( Rotate 90 );
9 jj;
C 0 R 0 1 T 70000 72000;
(SymbolCall jj);
5 3 area=B5;
5 11 B.B5 1;
5 1 jjmit;
5 10 27 2 59000 48000 B5_2;
5 10 5 1 60000 40000 B5-;
5 10 4 0 60000 50000 B5+;
1 Bound 58500 40000 61500 50000;
9 jj;
C 0 T 59000 40000;
(SymbolCall jj);
5 3 area=B2;
5 11 B.B2 2;
5 1 jjmit;
5 10 28 2 -1000 12000 B2_2;
5 10 2 1 7000 13000 B2-;
5 10 6 0 -3000 13000 B2+;
1 Bound -3000 11500 7000 14500;
( Rotate 90 );
9 jj;
C 0 R 0 1 T 7000 12000;
(SymbolCall jj);
5 3 area=B1;
5 11 B.B1 3;
5 1 jjmit;
5 10 30 2 -23000 11000 B1_2;
5 10 17 1 -22000 3000 B1-;
5 10 7 0 -22000 13000 B1+;
1 Bound -23500 3000 -20500 13000;
9 jj;
C 0 T -23000 3000;
(SymbolCall jj);
5 3 area=B3;
5 11 B.B3 4;
5 1 jjmit;
5 10 31 2 22000 11000 B3_2;
5 10 19 1 23000 3000 B3-;
5 10 2 0 23000 13000 B3+;
1 Bound 21500 3000 24500 13000;
9 jj;
C 0 T 22000 3000;
(SymbolCall jj);
5 3 area=B4;
5 11 B.B4 5;
5 1 jjmit;
5 10 32 2 59000 11000 B4_2;
5 10 21 1 60000 3000 B4-;
5 10 5 0 60000 13000 B4+;
1 Bound 58500 3000 61500 13000;
9 jj;
C 0 T 59000 3000;
(SymbolCall jj);
5 3 area=B7;
5 11 B.B7 6;
5 1 jjmit;
5 10 33 2 89000 11000 B7_2;
5 10 23 1 90000 3000 B7-;
5 10 8 0 90000 13000 B7+;
1 Bound 88500 3000 91500 13000;
9 jj;
C 0 T 89000 3000;
(SymbolCall res);
5 2 RB6;
5 11 R.RB6 0;
5 15 61000 78000 1 0 "<v>/<value>O";
5 10 9 1 70000 79000 RB6-;
5 10 3 0 60000 79000 RB6+;
1 Bound 60000 77750 70000 80000;
( Rotate 90 );
9 res;
C 0 R 0 1 T 60000 79000;
(SymbolCall res);
5 2 RB5;
5 11 R.RB5 1;
5 15 65000 49000 0 -1 "<v>/<value>O";
5 10 12 1 66000 40000 RB5-;
5 10 4 0 66000 50000 RB5+;
1 Bound 64750 40000 67000 50000;
9 res;
C 0 T 66000 50000;
(SymbolCall res);
5 2 RB2;
5 11 R.RB2 2;
5 15 -2000 18000 1 0 "<v>/<value>O";
5 10 16 1 7000 19000 RB2-;
5 10 6 0 -3000 19000 RB2+;
1 Bound -3000 17750 7000 20000;
( Rotate 90 );
9 res;
C 0 R 0 1 T -3000 19000;
(SymbolCall res);
5 2 RB1;
5 11 R.RB1 3;
5 10 18 1 -16000 3000 RB1-;
5 10 7 0 -16000 13000 RB1+;
5 15 -17000 12000 0 -1 "<v>/<value>O";
1 Bound -17250 3000 -15000 13000;
9 res;
C 0 T -16000 13000;
(SymbolCall res);
5 2 RB3;
5 11 R.RB3 4;
5 15 28000 12000 0 -1 "<v>/<value>O";
5 10 20 1 29000 3000 RB3-;
5 10 2 0 29000 13000 RB3+;
1 Bound 27750 3000 30000 13000;
9 res;
C 0 T 29000 13000;
(SymbolCall res);
5 2 RB4;
5 11 R.RB4 5;
5 15 65000 12000 0 -1 "<v>/<value>O";
5 10 22 1 66000 3000 RB4-;
5 10 5 0 66000 13000 RB4+;
1 Bound 64750 3000 67000 13000;
9 res;
C 0 T 66000 13000;
(SymbolCall res);
5 2 RB7;
5 11 R.RB7 6;
5 15 95000 12000 0 -1 "<v>/<value>O";
5 10 24 1 96000 3000 RB7-;
5 10 8 0 96000 13000 RB7+;
1 Bound 94750 3000 97000 13000;
9 res;
C 0 T 96000 13000;
L SCED;
5 10 3;
W2 0 60000 73000 60000 79000 60000 83000;
5 10 3;
W2 0 57000 73000 60000 73000 60000 64000 60000 63000;
5 10 4;
W2 0 60000 54000 60000 50000 66000 50000;
5 10 5;
W2 0 60000 40000 60000 30000 60000 13000;
5 10 5;
W2 0 66000 30000 60000 30000;
5 10 6;
W2 0 -3000 19000 -3000 13000 -6000 13000;
5 10 2;
W2 0 7000 13000 17000 13000 17000 19000;
5 10 7;
W2 0 -22000 13000 -16000 13000;
5 10 2;
W2 0 17000 13000 22000 13000 23000 13000 29000 13000 29000 12000;
5 10 2;
W2 0 29000 13000 32000 13000;
5 10 5;
W2 0 42000 13000 60000 13000 66000 13000 73000 13000;
5 10 8;
W2 0 83000 13000 90000 13000 96000 13000 101000 13000;
L NAME;
5 16 L 0 11;
94 <<L5>> 59750 91750 320 1275 1000;
5 16 L 1 11;
94 <<LRB6>> 70250 80750 0 2475 1000;
5 16 R 0 11;
94 <<RB6>> 60250 80250 0 1875 1000;
5 16 I 0 11;
94 <<IB3>> 37250 75250 0 1575 1000;
5 16 L 2 11;
94 <<LB3>> 47250 74750 0 1875 1000;
5 16 B 0 11;
94 <<B6>> 60250 74750 0 1275 1000;
5 16 L 3 11;
94 <<LP6>> 70250 74750 0 1875 1000;
5 16 L 4 11;
94 <<L4>> 59750 62750 320 1275 1000;
5 16 B 1 11;
94 <<B5>> 58250 48750 320 1275 1000;
5 16 R 1 11;
94 <<RB5>> 64500 48750 320 1875 1000;
5 16 L 5 11;
94 <<LRB5>> 65750 38750 320 2475 1000;
5 16 I 1 11;
94 <<IB1>> -24250 31750 320 1350 1000;
5 16 I 2 11;
94 <<IB2>> 20750 31750 320 1575 1000;
5 16 I 3 11;
94 <<IB4>> 87750 31750 320 1575 1000;
5 16 L 6 11;
94 <<LB1>> -22250 21750 320 1650 1000;
5 16 L 9 11;
94 <<LRB2>> 7250 20750 0 2475 1000;
5 16 L 7 11;
94 <<LB2>> 22750 21750 320 1875 1000;
5 16 L 8 11;
94 <<LB4>> 89750 21750 320 1875 1000;
5 16 R 2 11;
94 <<RB2>> -2750 20250 0 1875 1000;
5 16 L 10 11;
94 <<L1>> -31750 14750 0 1050 1000;
5 16 L 11 11;
94 <<L2>> -15750 14750 0 1275 1000;
5 16 B 2 11;
94 <<B2>> -2750 14750 0 1275 1000;
5 16 L 12 11;
94 <<L3>> 32250 14750 0 1275 1000;
5 16 L 13 11;
94 <<L6>> 73250 14750 0 1275 1000;
5 16 L 14 11;
94 <<L7>> 101250 14750 0 1275 1000;
5 16 B 3 11;
94 <<B1>> -23750 11750 320 1050 1000;
5 16 R 3 11;
94 <<RB1>> -17500 11750 320 1650 1000;
5 16 B 4 11;
94 <<B3>> 21250 11750 320 1275 1000;
5 16 R 4 11;
94 <<RB3>> 27500 11750 320 1875 1000;
5 16 B 5 11;
94 <<B4>> 58250 11750 320 1275 1000;
5 16 R 5 11;
94 <<RB4>> 64500 11750 320 1875 1000;
5 16 B 6 11;
94 <<B7>> 88250 11750 320 1275 1000;
5 16 R 6 11;
94 <<RB7>> 94500 11750 320 1875 1000;
5 16 L 15 11;
94 <<LP1>> -22250 1750 320 1650 1000;
5 16 L 16 11;
94 <<LRB1>> -16250 1750 320 2250 1000;
5 16 L 17 11;
94 <<LP3>> 22750 1750 320 1875 1000;
5 16 L 18 11;
94 <<LRB3>> 28750 1750 320 2475 1000;
5 16 L 19 11;
94 <<LP4>> 59750 1750 320 1875 1000;
5 16 L 20 11;
94 <<LRB4>> 65750 1750 320 2475 1000;
5 16 L 21 11;
94 <<LP7>> 89750 1750 320 1875 1000;
5 16 L 22 11;
94 <<LRB7>> 95750 1750 320 2475 1000;
L MODL;
5 16 B 0 1;
94 <<jjmit>> 69750 71250 320 2550 1000;
5 16 B 1 1;
94 <<jjmit>> 61750 49750 256 2550 1000;
5 16 B 3 1;
94 <<jjmit>> -20250 12750 256 2550 1000;
5 16 B 4 1;
94 <<jjmit>> 24750 12750 256 2550 1000;
5 16 B 5 1;
94 <<jjmit>> 61750 12750 256 2550 1000;
5 16 B 6 1;
94 <<jjmit>> 91750 12750 256 2550 1000;
5 16 B 2 1;
94 <<jjmit>> 6750 11250 320 2550 1000;
L VALU;
5 16 L 0 2;
94 <<L5>> 61750 92750 33024 1275 1000;
5 16 L 1 2;
94 <<LRB6>> 79750 78750 33088 2475 1000;
5 16 R 0 2;
94 <<RB6>> 69750 77500 33088 1875 1000;
5 16 L 2 2;
94 <<LB3>> 56750 72750 33088 1875 1000;
5 16 L 3 2;
94 <<LP6>> 79750 72750 33088 1875 1000;
5 16 I 0 2;
94 <<pwl(0 0 5p IB3)>> 46750 70750 33088 7875 1000;
5 16 L 4 2;
94 <<L4>> 61750 63750 33024 1275 1000;
5 16 R 1 2;
94 <<RB5>> 67250 49750 33024 1875 1000;
5 16 L 5 2;
94 <<LRB5>> 67750 39750 33024 2475 1000;
5 16 I 1 2;
94 <<pwl(0 0 5p IB1)>> -19750 32750 33024 7650 1000;
5 16 I 2 2;
94 <<pwl(0 0 5p IB2)>> 25250 32750 33024 7875 1000;
5 16 I 3 2;
94 <<pwl(0 0 5p IB4)>> 92250 32750 33024 7875 1000;
5 16 L 6 2;
94 <<LB1>> -20250 22750 33024 1650 1000;
5 16 L 7 2;
94 <<LB2>> 24750 22750 33024 1875 1000;
5 16 L 8 2;
94 <<LB4>> 91750 22750 33024 1875 1000;
5 16 L 9 2;
94 <<LRB2>> 16750 18750 33088 2475 1000;
5 16 R 2 2;
94 <<RB2>> 6750 17500 33088 1875 1000;
5 16 L 10 2;
94 <<L1>> -22250 12750 33088 1050 1000;
5 16 R 3 2;
94 <<RB1>> -14750 12750 33024 1650 1000;
5 16 L 11 2;
94 <<L2>> -6250 12750 33088 1275 1000;
5 16 R 4 2;
94 <<RB3>> 30250 12750 33024 1875 1000;
5 16 L 12 2;
94 <<L3>> 41750 12750 33088 1275 1000;
5 16 R 5 2;
94 <<RB4>> 67250 12750 33024 1875 1000;
5 16 L 13 2;
94 <<L6>> 82750 12750 33088 1275 1000;
5 16 R 6 2;
94 <<RB7>> 97250 12750 33024 1875 1000;
5 16 L 14 2;
94 <<L7>> 110750 12750 33088 1275 1000;
5 16 L 15 2;
94 <<LP1>> -20250 2750 33024 1650 1000;
5 16 L 16 2;
94 <<LRB1>> -14250 2750 33024 2250 1000;
5 16 L 17 2;
94 <<LP3>> 24750 2750 33024 1875 1000;
5 16 L 18 2;
94 <<LRB3>> 30750 2750 33024 2475 1000;
5 16 L 19 2;
94 <<LP4>> 61750 2750 33024 1875 1000;
5 16 L 20 2;
94 <<LRB4>> 67750 2750 33024 2475 1000;
5 16 L 21 2;
94 <<LP7>> 91750 2750 33024 1875 1000;
5 16 L 22 2;
94 <<LRB7>> 97750 2750 33024 2475 1000;
L PARM;
5 16 B 0 3;
94 <<area=B6>> 60250 70250 33024 4200 1000;
5 16 B 1 3;
94 <<area=B5>> 61750 40250 32768 4200 1000;
5 16 B 2 3;
94 <<area=B2>> -2750 10250 33024 4200 1000;
5 16 B 3 3;
94 <<area=B1>> -20250 3250 32768 3975 1000;
5 16 B 4 3;
94 <<area=B3>> 24750 3250 32768 4200 1000;
5 16 B 5 3;
94 <<area=B4>> 61750 3250 32768 4200 1000;
5 16 B 6 3;
94 <<area=B7>> 91750 3250 32768 4200 1000;
DF;
E
* Generated by Xic from cell noname
B1 7 17 30 jjmit area=B1
B2 6 P2 28 jjmit area=B2
B3 P2 19 31 jjmit area=B3
B4 5 21 32 jjmit area=B4
B5 4 5 27 jjmit area=B5
B6 3 11 26 jjmit area=B6
B7 8 23 33 jjmit area=B7
IB1 0 13 pwl(0 0 5p IB1)
IB2 0 14 pwl(0 0 5p IB2)
IB3 0 10 pwl(0 0 5p IB3)
IB4 0 15 pwl(0 0 5p IB4)
L1 P1 7 L1
L2 7 6 L2
L3 P2 5 L3
L4 3 4 L4
L6 5 8 L6
LB1 13 7 LB1
LB2 14 P2 LB2
LB3 10 3 LB3
LB4 15 8 LB4
LP1 17 0 LP1
LP3 19 0 LP3
LP4 21 0 LP4
LP6 11 0 LP6
LP7 23 0 LP7
LRB1 18 0 LRB1
LRB2 16 P2 LRB2
LRB3 20 0 LRB3
LRB4 22 0 LRB4
LRB5 12 5 LRB5
LRB6 9 0 LRB6
LRB7 24 0 LRB7
RB1 7 18 RB1
RB2 6 16 RB2
RB3 P2 20 RB3
RB4 5 22 RB4
RB5 4 12 RB5
RB6 3 9 RB6
RB7 8 24 RB7
.model jjmit jj(rtype=1, vg=2.8mV, cap=0.07pF, r0=160, rn=16, icrit=0.1mA)


* Nb 30 A/cm2
.save @IB1[c]
.save @IB2[c]
.save @IB4[c]
.save @IB3[c]
