(Symbol LSmitll_BUFF_v1p6);
($Id:$);
(PHYSICAL);
(RESOLUTION 1000);
9 LSmitll_BUFF_v1p6;
DS 0 1 1;
DF;
E
(ELECTRICAL);
(RESOLUTION 1000);
5 10 1 0 -31000 8000 0x0 A;
5 10 2 1 74000 8000 0x0 Q;
5 11 X 0 subckt;
9 LSmitll_BUFF_v1p6;
DS 0 1 1;
(SymbolCall gnd);
5 10 0 0 -18000 28000;
1 Bound -18000 27000 -15400 29000;
( Rotate 90 );
9 gnd;
C 0 R 0 1 T -17000 27000;
(SymbolCall gnd);
5 10 0 0 6000 28000;
1 Bound 6000 27000 8600 29000;
( Rotate 90 );
9 gnd;
C 0 R 0 1 T 7000 27000;
(SymbolCall gnd);
5 10 0 0 30000 28000;
1 Bound 30000 27000 32600 29000;
( Rotate 90 );
9 gnd;
C 0 R 0 1 T 31000 27000;
(SymbolCall gnd);
5 10 0 0 55000 28000;
1 Bound 55000 27000 57600 29000;
( Rotate 90 );
9 gnd;
C 0 R 0 1 T 56000 27000;
(SymbolCall gnd);
5 10 0 0 -18000 -12000;
1 Bound -19000 -14600 -17000 -12000;
9 gnd;
C 0 T -19000 -13000;
(SymbolCall gnd);
5 10 0 0 -11000 -12000;
1 Bound -12000 -14600 -10000 -12000;
9 gnd;
C 0 T -12000 -13000;
(SymbolCall gnd);
5 10 0 0 6000 -12000;
1 Bound 5000 -14600 7000 -12000;
9 gnd;
C 0 T 5000 -13000;
(SymbolCall gnd);
5 10 0 0 13000 -12000;
1 Bound 12000 -14600 14000 -12000;
9 gnd;
C 0 T 12000 -13000;
(SymbolCall gnd);
5 10 0 0 30000 -12000;
1 Bound 29000 -14600 31000 -12000;
9 gnd;
C 0 T 29000 -13000;
(SymbolCall gnd);
5 10 0 0 37000 -12000;
1 Bound 36000 -14600 38000 -12000;
9 gnd;
C 0 T 36000 -13000;
(SymbolCall gnd);
5 10 0 0 55000 -12000;
1 Bound 54000 -14600 56000 -12000;
9 gnd;
C 0 T 54000 -13000;
(SymbolCall gnd);
5 10 0 0 62000 -12000;
1 Bound 61000 -14600 63000 -12000;
9 gnd;
C 0 T 61000 -13000;
(SymbolCall ind);
5 2 LB1;
5 11 L.LB1 0;
5 15 -17000 17000 0 -1;
5 10 3 1 -18000 8000 LB1-;
5 10 7 0 -18000 18000 LB1+;
1 Bound -18000 8000 -16500 18000;
9 ind;
C 0 T -19000 8000;
(SymbolCall ind);
5 2 LB2;
5 11 L.LB2 1;
5 15 7000 17000 0 -1;
5 10 4 1 6000 8000 LB2-;
5 10 8 0 6000 18000 LB2+;
1 Bound 6000 8000 7500 18000;
9 ind;
C 0 T 5000 8000;
(SymbolCall ind);
5 2 LB3;
5 11 L.LB3 2;
5 15 31000 17000 0 -1;
5 10 5 1 30000 8000 LB3-;
5 10 9 0 30000 18000 LB3+;
1 Bound 30000 8000 31500 18000;
9 ind;
C 0 T 29000 8000;
(SymbolCall ind);
5 2 LB4;
5 11 L.LB4 3;
5 10 10 0 55000 18000 LB4+;
5 10 6 1 55000 8000 LB4-;
5 15 56000 17000 0 -1;
1 Bound 55000 8000 56500 18000;
9 ind;
C 0 T 54000 8000;
(SymbolCall ind);
5 2 L1;
5 11 L.L1 4;
5 15 -30000 9000 1 0;
5 10 3 1 -21000 8000 L1-;
5 10 1 0 -31000 8000 L1+;
1 Bound -31000 8000 -21000 9500;
( Rotate 90 );
9 ind;
C 0 R 0 1 T -21000 7000;
(SymbolCall ind);
5 2 L2;
5 11 L.L2 5;
5 15 -7000 9000 1 0;
5 10 4 1 2000 8000 L2-;
5 10 3 0 -8000 8000 L2+;
1 Bound -8000 8000 2000 9500;
( Rotate 90 );
9 ind;
C 0 R 0 1 T 2000 7000;
(SymbolCall ind);
5 2 L3;
5 11 L.L3 6;
5 15 18000 9000 1 0;
5 10 5 1 27000 8000 L3-;
5 10 4 0 17000 8000 L3+;
1 Bound 17000 8000 27000 9500;
( Rotate 90 );
9 ind;
C 0 R 0 1 T 27000 7000;
(SymbolCall ind);
5 2 L4;
5 11 L.L4 7;
5 15 41000 9000 1 0;
5 10 6 1 50000 8000 L4-;
5 10 5 0 40000 8000 L4+;
1 Bound 40000 8000 50000 9500;
( Rotate 90 );
9 ind;
C 0 R 0 1 T 50000 7000;
(SymbolCall ind);
5 2 L5;
5 11 L.L5 8;
5 15 65000 9000 1 0;
5 10 2 1 74000 8000 L5-;
5 10 6 0 64000 8000 L5+;
1 Bound 64000 8000 74000 9500;
( Rotate 90 );
9 ind;
C 0 R 0 1 T 74000 7000;
(SymbolCall ind);
5 2 LP1;
5 11 L.LP1 9;
5 15 -17000 -3000 0 -1;
5 10 0 1 -18000 -12000 LP1-;
5 10 11 0 -18000 -2000 LP1+;
1 Bound -18000 -12000 -16500 -2000;
9 ind;
C 0 T -19000 -12000;
(SymbolCall ind);
5 2 LRB1;
5 11 L.LRB1 10;
5 15 -10000 -3000 0 -1;
5 10 0 1 -11000 -12000 LRB1-;
5 10 12 0 -11000 -2000 LRB1+;
1 Bound -11000 -12000 -9500 -2000;
9 ind;
C 0 T -12000 -12000;
(SymbolCall ind);
5 2 LP2;
5 11 L.LP2 11;
5 15 7000 -3000 0 -1;
5 10 0 1 6000 -12000 LP2-;
5 10 13 0 6000 -2000 LP2+;
1 Bound 6000 -12000 7500 -2000;
9 ind;
C 0 T 5000 -12000;
(SymbolCall ind);
5 2 LRB2;
5 11 L.LRB2 12;
5 15 14000 -3000 0 -1;
5 10 0 1 13000 -12000 LRB2-;
5 10 14 0 13000 -2000 LRB2+;
1 Bound 13000 -12000 14500 -2000;
9 ind;
C 0 T 12000 -12000;
(SymbolCall ind);
5 2 LP3;
5 11 L.LP3 13;
5 15 31000 -3000 0 -1;
5 10 0 1 30000 -12000 LP3-;
5 10 15 0 30000 -2000 LP3+;
1 Bound 30000 -12000 31500 -2000;
9 ind;
C 0 T 29000 -12000;
(SymbolCall ind);
5 2 LRB3;
5 11 L.LRB3 14;
5 15 38000 -3000 0 -1;
5 10 0 1 37000 -12000 LRB3-;
5 10 16 0 37000 -2000 LRB3+;
1 Bound 37000 -12000 38500 -2000;
9 ind;
C 0 T 36000 -12000;
(SymbolCall ind);
5 2 LP4;
5 11 L.LP4 15;
5 15 56000 -3000 0 -1;
5 10 0 1 55000 -12000 LP4-;
5 10 17 0 55000 -2000 LP4+;
1 Bound 55000 -12000 56500 -2000;
9 ind;
C 0 T 54000 -12000;
(SymbolCall ind);
5 2 LRB4;
5 11 L.LRB4 16;
5 15 63000 -3000 0 -1;
5 10 0 1 62000 -12000 LRB4-;
5 10 18 0 62000 -2000 LRB4+;
1 Bound 62000 -12000 63500 -2000;
9 ind;
C 0 T 61000 -12000;
(SymbolCall isrc);
5 2 pwl(0 0 5p IB1);
5 11 I.IB1 0;
5 15 -18000 22000 0 -1 @<name>[c];
5 10 7 1 -18000 18000 IB1_1;
5 10 0 0 -18000 28000 IB1_0;
5 5 nophys;
1 Bound -20000 18000 -16000 28000;
9 isrc;
C 0 T -20000 18000;
(SymbolCall isrc);
5 2 pwl(0 0 5p IB2);
5 11 I.IB2 1;
5 15 6000 22000 0 -1 @<name>[c];
5 10 8 1 6000 18000 IB2_1;
5 10 0 0 6000 28000 IB2_0;
5 5 nophys;
1 Bound 4000 18000 8000 28000;
9 isrc;
C 0 T 4000 18000;
(SymbolCall isrc);
5 2 pwl(0 0 5p IB3);
5 11 I.IB3 2;
5 15 30000 22000 0 -1 @<name>[c];
5 10 9 1 30000 18000 IB3_1;
5 10 0 0 30000 28000 IB3_0;
5 5 nophys;
1 Bound 28000 18000 32000 28000;
9 isrc;
C 0 T 28000 18000;
(SymbolCall isrc);
5 2 pwl(0 0 5p IB4);
5 11 I.IB4 3;
5 5 nophys;
5 10 0 0 55000 28000 IB4_0;
5 10 10 1 55000 18000 IB4_1;
5 15 55000 22000 0 -1 @<name>[c];
1 Bound 53000 18000 57000 28000;
9 isrc;
C 0 T 53000 18000;
(SymbolCall jj);
5 3 area=B1;
5 11 B.B1 0;
5 1 jjmit;
5 10 19 2 -19000 6000 B1_2;
5 10 11 1 -18000 -2000 B1-;
5 10 3 0 -18000 8000 B1+;
1 Bound -19500 -2000 -16500 8000;
9 jj;
C 0 T -19000 -2000;
(SymbolCall jj);
5 3 area=B2;
5 11 B.B2 1;
5 1 jjmit;
5 10 20 2 5000 6000 B2_2;
5 10 13 1 6000 -2000 B2-;
5 10 4 0 6000 8000 B2+;
1 Bound 4500 -2000 7500 8000;
9 jj;
C 0 T 5000 -2000;
(SymbolCall jj);
5 3 area=B3;
5 11 B.B3 2;
5 1 jjmit;
5 10 21 2 29000 6000 B3_2;
5 10 15 1 30000 -2000 B3-;
5 10 5 0 30000 8000 B3+;
1 Bound 28500 -2000 31500 8000;
9 jj;
C 0 T 29000 -2000;
(SymbolCall jj);
5 3 area=B4;
5 11 B.B4 3;
5 1 jjmit;
5 10 22 2 54000 6000 B4_2;
5 10 17 1 55000 -2000 B4-;
5 10 6 0 55000 8000 B4+;
1 Bound 53500 -2000 56500 8000;
9 jj;
C 0 T 54000 -2000;
(SymbolCall res);
5 2 RB1;
5 11 R.RB1 0;
5 15 -12000 7000 0 -1 "<v>/<value>O";
5 10 12 1 -11000 -2000 RB1-;
5 10 3 0 -11000 8000 RB1+;
1 Bound -12250 -2000 -10000 8000;
9 res;
C 0 T -11000 8000;
(SymbolCall res);
5 2 RB2;
5 11 R.RB2 1;
5 15 12000 7000 0 -1 "<v>/<value>O";
5 10 14 1 13000 -2000 RB2-;
5 10 4 0 13000 8000 RB2+;
1 Bound 11750 -2000 14000 8000;
9 res;
C 0 T 13000 8000;
(SymbolCall res);
5 2 RB3;
5 11 R.RB3 2;
5 15 36000 7000 0 -1 "<v>/<value>O";
5 10 16 1 37000 -2000 RB3-;
5 10 5 0 37000 8000 RB3+;
1 Bound 35750 -2000 38000 8000;
9 res;
C 0 T 37000 8000;
(SymbolCall res);
5 2 RB4;
5 11 R.RB4 3;
5 15 61000 7000 0 -1 "<v>/<value>O";
5 10 18 1 62000 -2000 RB4-;
5 10 6 0 62000 8000 RB4+;
1 Bound 60750 -2000 63000 8000;
9 res;
C 0 T 62000 8000;
L SCED;
5 10 3;
W2 0 -21000 8000 -18000 8000 -11000 8000 -8000 8000;
5 10 4;
W2 0 2000 8000 6000 8000 13000 8000 17000 8000;
5 10 5;
W2 0 27000 8000 30000 8000 37000 8000 40000 8000;
5 10 6;
W2 0 50000 8000 55000 8000 62000 8000 64000 8000;
L NAME;
5 16 I 0 11;
94 <<IB1>> -20250 26750 320 1350 1000;
5 16 I 1 11;
94 <<IB2>> 3750 26750 320 1575 1000;
5 16 I 2 11;
94 <<IB3>> 27750 26750 320 1575 1000;
5 16 I 3 11;
94 <<IB4>> 52750 26750 320 1575 1000;
5 16 L 0 11;
94 <<LB1>> -18250 16750 320 1650 1000;
5 16 L 1 11;
94 <<LB2>> 5750 16750 320 1875 1000;
5 16 L 2 11;
94 <<LB3>> 29750 16750 320 1875 1000;
5 16 L 3 11;
94 <<LB4>> 54750 16750 320 1875 1000;
5 16 L 4 11;
94 <<L1>> -30750 9750 0 1050 1000;
5 16 L 5 11;
94 <<L2>> -7750 9750 0 1275 1000;
5 16 L 6 11;
94 <<L3>> 17250 9750 0 1275 1000;
5 16 L 7 11;
94 <<L4>> 40250 9750 0 1275 1000;
5 16 L 8 11;
94 <<L5>> 64250 9750 0 1275 1000;
5 16 B 0 11;
94 <<B1>> -19750 6750 320 1050 1000;
5 16 R 0 11;
94 <<RB1>> -12500 6750 320 1650 1000;
5 16 B 1 11;
94 <<B2>> 4250 6750 320 1275 1000;
5 16 R 1 11;
94 <<RB2>> 11500 6750 320 1875 1000;
5 16 B 2 11;
94 <<B3>> 28250 6750 320 1275 1000;
5 16 R 2 11;
94 <<RB3>> 35500 6750 320 1875 1000;
5 16 B 3 11;
94 <<B4>> 53250 6750 320 1275 1000;
5 16 R 3 11;
94 <<RB4>> 60500 6750 320 1875 1000;
5 16 L 9 11;
94 <<LP1>> -18250 -3250 320 1650 1000;
5 16 L 10 11;
94 <<LRB1>> -11250 -3250 320 2250 1000;
5 16 L 11 11;
94 <<LP2>> 5750 -3250 320 1875 1000;
5 16 L 12 11;
94 <<LRB2>> 12750 -3250 320 2475 1000;
5 16 L 13 11;
94 <<LP3>> 29750 -3250 320 1875 1000;
5 16 L 14 11;
94 <<LRB3>> 36750 -3250 320 2475 1000;
5 16 L 15 11;
94 <<LP4>> 54750 -3250 320 1875 1000;
5 16 L 16 11;
94 <<LRB4>> 61750 -3250 320 2475 1000;
L MODL;
5 16 B 0 1;
94 <<jjmit>> -16250 7750 256 2550 1000;
5 16 B 1 1;
94 <<jjmit>> 7750 7750 256 2550 1000;
5 16 B 2 1;
94 <<jjmit>> 31750 7750 256 2550 1000;
5 16 B 3 1;
94 <<jjmit>> 56750 7750 256 2550 1000;
L VALU;
5 16 I 0 2;
94 <<pwl(0 0 5p IB1)>> -15750 27750 33024 7650 1000;
5 16 I 1 2;
94 <<pwl(0 0 5p IB2)>> 8250 27750 33024 7875 1000;
5 16 I 2 2;
94 <<pwl(0 0 5p IB3)>> 32250 27750 33024 7875 1000;
5 16 I 3 2;
94 <<pwl(0 0 5p IB4)>> 57250 27750 33024 7875 1000;
5 16 L 0 2;
94 <<LB1>> -16250 17750 33024 1650 1000;
5 16 L 1 2;
94 <<LB2>> 7750 17750 33024 1875 1000;
5 16 L 2 2;
94 <<LB3>> 31750 17750 33024 1875 1000;
5 16 L 3 2;
94 <<LB4>> 56750 17750 33024 1875 1000;
5 16 L 4 2;
94 <<L1>> -21250 7750 33088 1050 1000;
5 16 R 0 2;
94 <<RB1>> -9750 7750 33024 1650 1000;
5 16 L 5 2;
94 <<L2>> 1750 7750 33088 1275 1000;
5 16 R 1 2;
94 <<RB2>> 14250 7750 33024 1875 1000;
5 16 L 6 2;
94 <<L3>> 26750 7750 33088 1275 1000;
5 16 R 2 2;
94 <<RB3>> 38250 7750 33024 1875 1000;
5 16 L 7 2;
94 <<L4>> 49750 7750 33088 1275 1000;
5 16 R 3 2;
94 <<RB4>> 63250 7750 33024 1875 1000;
5 16 L 8 2;
94 <<L5>> 73750 7750 33088 1275 1000;
5 16 L 9 2;
94 <<LP1>> -16250 -2250 33024 1650 1000;
5 16 L 10 2;
94 <<LRB1>> -9250 -2250 33024 2250 1000;
5 16 L 11 2;
94 <<LP2>> 7750 -2250 33024 1875 1000;
5 16 L 12 2;
94 <<LRB2>> 14750 -2250 33024 2475 1000;
5 16 L 13 2;
94 <<LP3>> 31750 -2250 33024 1875 1000;
5 16 L 14 2;
94 <<LRB3>> 38750 -2250 33024 2475 1000;
5 16 L 15 2;
94 <<LP4>> 56750 -2250 33024 1875 1000;
5 16 L 16 2;
94 <<LRB4>> 63750 -2250 33024 2475 1000;
L PARM;
5 16 B 0 3;
94 <<area=B1>> -16250 -1750 32768 3975 1000;
5 16 B 1 3;
94 <<area=B2>> 7750 -1750 32768 4200 1000;
5 16 B 2 3;
94 <<area=B3>> 31750 -1750 32768 4200 1000;
5 16 B 3 3;
94 <<area=B4>> 56750 -1750 32768 4200 1000;
DF;
E
* Generated by Xic from cell LSmitll_BUFF_v1p6
B1 3 11 19 jjmit area=B1
B2 4 13 20 jjmit area=B2
B3 5 15 21 jjmit area=B3
B4 6 17 22 jjmit area=B4
IB1 0 7 pwl(0 0 5p IB1)
IB2 0 8 pwl(0 0 5p IB2)
IB3 0 9 pwl(0 0 5p IB3)
IB4 0 10 pwl(0 0 5p IB4)
L1 A 3 L1
L2 3 4 L2
L3 4 5 L3
L4 5 6 L4
L5 6 Q L5
LB1 7 3 LB1
LB2 8 4 LB2
LB3 9 5 LB3
LB4 10 6 LB4
LP1 11 0 LP1
LP2 13 0 LP2
LP3 15 0 LP3
LP4 17 0 LP4
LRB1 12 0 LRB1
LRB2 14 0 LRB2
LRB3 16 0 LRB3
LRB4 18 0 LRB4
RB1 3 12 RB1
RB2 4 14 RB2
RB3 5 16 RB3
RB4 6 18 RB4
.model jjmit jj(rtype=1, vg=2.8mV, cap=0.07pF, r0=160, rn=16, icrit=0.1mA)


* Nb 30 A/cm2
.save @IB1[c]
.save @IB2[c]
.save @IB3[c]
.save @IB4[c]
