(Symbol LSmitll_DCSFQ_v1p5p1);
($Id:$);
(xic.exe 4.3.5 Win32 i386 06/17/2020 12:58 GMT);
(PHYSICAL);
(RESOLUTION 1000);
( CREATED 6/17/2020 12:58:17, MODIFIED 6/17/2020 12:58:17 );
5 7100 grid 25 4;
9 LSmitll_DCSFQ_v1p5p1;
DS 0 1 1;
DF;
E
(ELECTRICAL);
(RESOLUTION 1000);
5 10 1 0 -67000 -1000 0x0 A;
5 10 2 1 15000:34000 -1000:-1000 0x0 Q;
5 11 X 0 subckt;
9 LSmitll_DCSFQ_v1p5p1;
DS 0 1 1;
(SymbolCall gnd);
5 10 0 0 -27000 19000;
1 Bound -27000 18000 -24400 20000;
( Rotate 90 );
9 gnd;
C 0 R 0 1 T -26000 18000;
(SymbolCall gnd);
5 10 0 0 -1000 19000;
1 Bound -1000 18000 1600 20000;
( Rotate 90 );
9 gnd;
C 0 R 0 1 T 0 18000;
(SymbolCall gnd);
5 10 0 0 -57000 -11000;
1 Bound -58000 -13600 -56000 -11000;
9 gnd;
C 0 T -58000 -12000;
(SymbolCall gnd);
5 10 0 0 -17000 -21000;
1 Bound -18000 -23600 -16000 -21000;
9 gnd;
C 0 T -18000 -22000;
(SymbolCall gnd);
5 10 0 0 -11000 -21000;
1 Bound -12000 -23600 -10000 -21000;
9 gnd;
C 0 T -12000 -22000;
(SymbolCall gnd);
5 10 0 0 -1000 -21000;
1 Bound -2000 -23600 0 -21000;
9 gnd;
C 0 T -2000 -22000;
(SymbolCall gnd);
5 10 0 0 5000 -21000;
1 Bound 4000 -23600 6000 -21000;
9 gnd;
C 0 T 4000 -22000;
(SymbolCall ind);
5 10 4 1 -27000 -1000 L0-;
5 10 7 0 -27000 9000 L0+;
5 15 -26000 8000 0 -1;
5 11 L 0;
5 2 0.2p;
1 Bound -27000 -1000 -25500 9000;
9 ind;
C 0 T -28000 -1000;
(SymbolCall ind);
5 10 6 1 -1000 -1000 L1-;
5 10 8 0 -1000 9000 L1+;
5 15 0 8000 0 -1;
5 11 L 1;
5 2 0.2p;
1 Bound -1000 -1000 500 9000;
9 ind;
C 0 T -2000 -1000;
(SymbolCall ind);
5 10 9 1 -57000 -1000 L2-;
5 10 1 0 -67000 -1000 L2+;
5 15 -66000 0 1 0;
5 2 1p;
5 11 L 2;
1 Bound -67000 -1000 -57000 500;
( Rotate 90 );
9 ind;
C 0 R 0 1 T -57000 -2000;
(SymbolCall ind);
5 10 3 1 -47000 -1000 L3-;
5 10 9 0 -57000 -1000 L3+;
5 15 -56000 0 1 0;
5 11 L 3;
5 2 0.6p;
1 Bound -57000 -1000 -47000 500;
( Rotate 90 );
9 ind;
C 0 R 0 1 T -47000 -2000;
(SymbolCall ind);
5 10 5 1 -17000 -1000 L4-;
5 10 4 0 -27000 -1000 L4+;
5 15 -26000 0 1 0;
5 2 1.1p;
5 11 L 4;
1 Bound -27000 -1000 -17000 500;
( Rotate 90 );
9 ind;
C 0 R 0 1 T -17000 -2000;
(SymbolCall ind);
5 10 6 1 -1000 -1000 L5-;
5 10 5 0 -11000 -1000 L5+;
5 15 -10000 0 1 0;
5 2 4.5p;
5 11 L 5;
1 Bound -11000 -1000 -1000 500;
( Rotate 90 );
9 ind;
C 0 R 0 1 T -1000 -2000;
(SymbolCall ind);
5 10 2 1 15000 -1000 L6-;
5 10 6 0 5000 -1000 L6+;
5 15 6000 0 1 0;
5 2 2p;
5 11 L 6;
1 Bound 5000 -1000 15000 500;
( Rotate 90 );
9 ind;
C 0 R 0 1 T 15000 -2000;
(SymbolCall ind);
5 10 0 1 -57000 -11000 L7-;
5 10 9 0 -57000 -1000 L7+;
5 15 -56000 -2000 0 -1;
5 2 3.9p;
5 11 L 7;
1 Bound -57000 -11000 -55500 -1000;
9 ind;
C 0 T -58000 -11000;
(SymbolCall ind);
5 10 4 1 -27000 -7000 L8-;
5 10 14 0 -37000 -7000 L8+;
5 15 -36000 -6000 1 0;
5 11 L 8;
5 2 1p;
1 Bound -37000 -7000 -27000 -5500;
( Rotate 90 );
9 ind;
C 0 R 0 1 T -27000 -8000;
(SymbolCall ind);
5 10 0 1 -17000 -21000 L9-;
5 10 10 0 -17000 -11000 L9+;
5 15 -16000 -12000 0 -1;
5 11 L 9;
5 2 0.2p;
1 Bound -17000 -21000 -15500 -11000;
9 ind;
C 0 T -18000 -21000;
(SymbolCall ind);
5 10 0 1 -11000 -21000 L10-;
5 10 11 0 -11000 -11000 L10+;
5 15 -10000 -12000 0 -1;
5 11 L 10;
5 2 1p;
1 Bound -11000 -21000 -9500 -11000;
9 ind;
C 0 T -12000 -21000;
(SymbolCall ind);
5 10 0 1 -1000 -21000 L11-;
5 10 12 0 -1000 -11000 L11+;
5 15 0 -12000 0 -1;
5 11 L 11;
5 2 0.2p;
1 Bound -1000 -21000 500 -11000;
9 ind;
C 0 T -2000 -21000;
(SymbolCall ind);
5 10 0 1 5000 -21000 L12-;
5 10 13 0 5000 -11000 L12+;
5 15 6000 -12000 0 -1;
5 2 1p;
5 11 L 12;
1 Bound 5000 -21000 6500 -11000;
9 ind;
C 0 T 4000 -21000;
(SymbolCall isrc);
5 10 7 1 -27000 9000 I0_1;
5 10 0 0 -27000 19000 I0_0;
5 15 -27000 13000 0 -1 @<name>[c];
5 5 nophys;
5 11 I 0;
5 2 pwl(0 0 5p 275u);
1 Bound -29000 9000 -25000 19000;
9 isrc;
C 0 T -29000 9000;
(SymbolCall isrc);
5 10 8 1 -1000 9000 I1_1;
5 10 0 0 -1000 19000 I1_0;
5 15 -1000 13000 0 -1 @<name>[c];
5 5 nophys;
5 11 I 1;
5 2 pwl(0 0 5p 175u);
1 Bound -3000 9000 1000 19000;
9 isrc;
C 0 T -3000 9000;
(SymbolCall jj);
5 10 15 2 -45000 -2000 B0_2;
5 10 4 1 -37000 -1000 B0-;
5 10 3 0 -47000 -1000 B0+;
5 1 jjmit;
5 3 area=2.25;
5 11 B 0;
1 Bound -47000 -2500 -37000 500;
( Rotate 90 );
9 jj;
C 0 R 0 1 T -37000 -2000;
(SymbolCall jj);
5 10 16 2 -18000 -3000 B1_2;
5 10 10 1 -17000 -11000 B1-;
5 10 5 0 -17000 -1000 B1+;
5 11 B 1;
5 3 area=2.25;
5 1 jjmit;
1 Bound -18500 -11000 -15500 -1000;
9 jj;
C 0 T -18000 -11000;
(SymbolCall jj);
5 10 17 2 -2000 -3000 B2_2;
5 10 12 1 -1000 -11000 B2-;
5 10 6 0 -1000 -1000 B2+;
5 3 area=2.5;
5 11 B 2;
5 1 jjmit;
1 Bound -2500 -11000 500 -1000;
9 jj;
C 0 T -2000 -11000;
(SymbolCall res);
5 10 11 1 -11000 -11000 R0-;
5 10 5 0 -11000 -1000 R0+;
5 15 -12000 -2000 0 -1 "<v>/<value>O";
5 11 R 0;
5 2 3.048846408;
1 Bound -12250 -11000 -10000 -1000;
9 res;
C 0 T -11000 -1000;
(SymbolCall res);
5 10 13 1 5000 -11000 R1-;
5 10 6 0 5000 -1000 R1+;
5 15 4000 -2000 0 -1 "<v>/<value>O";
5 2 2.743961767;
5 11 R 1;
1 Bound 3750 -11000 6000 -1000;
9 res;
C 0 T 5000 -1000;
(SymbolCall res);
5 10 14 1 -37000 -7000 R2-;
5 10 3 0 -47000 -7000 R2+;
5 15 -46000 -8000 1 0 "<v>/<value>O";
5 11 R 2;
5 2 3.048846408;
1 Bound -47000 -8250 -37000 -6000;
( Rotate 90 );
9 res;
C 0 R 0 1 T -47000 -7000;
L SCED;
5 10 3;
W2 0 -47000 -1000 -47000 -7000;
5 10 4;
W2 0 -37000 -1000 -27000 -1000 -27000 -7000;
5 10 5;
W2 0 -17000 -1000 -11000 -1000;
5 10 6;
W2 0 -1000 -1000 5000 -1000;
L NAME;
5 16 I 0 11;
94 <<I0>> -29250 17750 320 975 1000;
5 16 I 1 11;
94 <<I1>> -3250 17750 320 750 1000;
5 16 L 0 11;
94 <<L0>> -27250 7750 320 1275 1000;
5 16 L 1 11;
94 <<L1>> -1250 7750 320 1050 1000;
5 16 L 2 11;
94 <<L2>> -66750 750 0 1275 1000;
5 16 L 3 11;
94 <<L3>> -56750 750 0 1275 1000;
5 16 B 0 11;
94 <<B0>> -46750 750 0 1275 1000;
5 16 L 4 11;
94 <<L4>> -26750 750 0 1275 1000;
5 16 L 5 11;
94 <<L5>> -10750 750 0 1275 1000;
5 16 L 6 11;
94 <<L6>> 5250 750 0 1275 1000;
5 16 L 7 11;
94 <<L7>> -57250 -2250 320 1275 1000;
5 16 B 1 11;
94 <<B1>> -18750 -2250 320 1050 1000;
5 16 R 0 11;
94 <<R0>> -12500 -2250 320 1275 1000;
5 16 B 2 11;
94 <<B2>> -2750 -2250 320 1275 1000;
5 16 R 1 11;
94 <<R1>> 3500 -2250 320 1050 1000;
5 16 L 8 11;
94 <<L8>> -36750 -5250 0 1275 1000;
5 16 R 2 11;
94 <<R2>> -46750 -5750 0 1275 1000;
5 16 L 9 11;
94 <<L9>> -17250 -12250 320 1275 1000;
5 16 L 10 11;
94 <<L10>> -11250 -12250 320 1650 1000;
5 16 L 11 11;
94 <<L11>> -1250 -12250 320 1425 1000;
5 16 L 12 11;
94 <<L12>> 4750 -12250 320 1650 1000;
L MODL;
5 16 B 1 1;
94 <<jjmit>> -15250 -1250 256 2550 1000;
5 16 B 2 1;
94 <<jjmit>> 750 -1250 256 2550 1000;
5 16 B 0 1;
94 <<jjmit>> -37250 -2750 320 2550 1000;
L VALU;
5 16 I 0 2;
94 <<pwl(0 0 5p 275u)>> -24750 18750 33024 8775 1000;
5 16 I 1 2;
94 <<pwl(0 0 5p 175u)>> 1250 18750 33024 8550 1000;
5 16 L 0 2;
94 <<0.2p>> -25250 8750 33024 2100 1000;
5 16 L 1 2;
94 <<0.2p>> 750 8750 33024 2100 1000;
5 16 L 2 2;
94 <<1p>> -57250 -1250 33088 1050 1000;
5 16 L 7 2;
94 <<3.9p>> -55250 -1250 33024 2100 1000;
5 16 L 3 2;
94 <<0.6p>> -47250 -1250 33088 2100 1000;
5 16 L 4 2;
94 <<1.1p>> -17250 -1250 33088 1650 1000;
5 16 R 0 2;
94 <<3.048846408>> -9750 -1250 33024 6300 1000;
5 16 L 5 2;
94 <<4.5p>> -1250 -1250 33088 2100 1000;
5 16 R 1 2;
94 <<2.743961767>> 6250 -1250 33024 6075 1000;
5 16 L 6 2;
94 <<2p>> 14750 -1250 33088 1275 1000;
5 16 L 8 2;
94 <<1p>> -27250 -7250 33088 1050 1000;
5 16 R 2 2;
94 <<3.048846408>> -37250 -8500 33088 6300 1000;
5 16 L 9 2;
94 <<0.2p>> -15250 -11250 33024 2100 1000;
5 16 L 10 2;
94 <<1p>> -9250 -11250 33024 1050 1000;
5 16 L 11 2;
94 <<0.2p>> 750 -11250 33024 2100 1000;
5 16 L 12 2;
94 <<1p>> 6750 -11250 33024 1050 1000;
L PARM;
5 16 B 0 3;
94 <<area=2.25>> -46750 -3750 33024 5025 1000;
5 16 B 1 3;
94 <<area=2.25>> -15250 -10750 32768 5025 1000;
5 16 B 2 3;
94 <<area=2.5>> -250 -10750 32768 4425 1000;
DF;
E
* Generated by Xic from cell LSmitll_DCSFQ_v1p5p1
B0 3 4 15 jjmit area=2.25
B1 5 10 16 jjmit area=2.25
B2 6 12 17 jjmit area=2.5
I0 0 7 pwl(0 0 5p 275u)
I1 0 8 pwl(0 0 5p 175u)
L0 7 4 0.2p
L1 8 6 0.2p
L2 A 9 1p
L3 9 3 0.6p
L4 4 5 1.1p
L5 5 6 4.5p
L6 6 Q 2p
L7 9 0 3.9p
L8 14 4 1p
L9 10 0 0.2p
L10 11 0 1p
L11 12 0 0.2p
L12 13 0 1p
R0 5 11 3.048846408
R1 6 13 2.743961767
R2 3 14 3.048846408
.model jjmit jj(rtype=1, vg=2.8mV, cap=0.07pF, r0=160, rn=16, icrit=0.1mA)

*MIT-LL model
.save @I0[c]
.save @I1[c]
