(Symbol LSmitll_DCSFQ);
($Id:$);
(xic.exe 4.3.5 Win32 i386 01/08/2019 05:49 GMT);
(PHYSICAL);
(RESOLUTION 1000);
( CREATED 1/8/2019 5:49:55, MODIFIED 1/8/2019 5:49:55 );
5 7100 grid 25 1;
9 LSmitll_DCSFQ;
DS 0 1 1;
(SymbolCall M4M7connection);
1 Bound -9575 27575 -6025 29675;
( Rotate 270 );
9 M4M7connection;
C 0 R 0 -1 T -6725 28625;
(SymbolCall M4M7connection);
1 Bound 15525 26650 19075 28750;
( Rotate 270 );
9 M4M7connection;
C 0 R 0 -1 T 18375 27700;
(SymbolCall M4M7connection);
1 Bound -9150 16275 -7050 19825;
( Rotate 180 );
9 M4M7connection;
C 0 R -1 0 T -8100 16975;
(SymbolCall M4M7connection);
1 Bound 15850 16675 19400 18775;
( Rotate 270 );
9 M4M7connection;
C 0 R 0 -1 T 18700 17725;
(SymbolCall M4M7connection);
1 Bound -9700 11775 -6150 13875;
( Rotate 90 );
9 M4M7connection;
C 0 R 0 1 T -9000 12825;
(SymbolCall M4M7connection);
1 Bound 15825 11400 19375 13500;
( Rotate 90 );
9 M4M7connection;
C 0 R 0 1 T 16525 12450;
(SymbolCall M4M7connection);
1 Bound 11100 5225 14650 7325;
( Rotate 270 );
9 M4M7connection;
C 0 R 0 -1 T 13950 6275;
(SymbolCall M4M7connection);
1 Bound -2125 5025 1425 7125;
( Rotate 270 );
9 M4M7connection;
C 0 R 0 -1 T 725 6075;
(SymbolCall M5M6connection);
1 Bound 4100 27075 5800 28775;
9 M5M6connection;
C 0 T 4950 27925;
(SymbolCall M5M6connection);
1 Bound 11250 27075 12950 28775;
9 M5M6connection;
C 0 T 12100 27925;
(SymbolCall RC5M6connection);
1 Bound 3900 25825 6000 27225;
( Rotate 270 );
9 RC5M6connection;
C 0 MY R 0 -1 T 4950 26875;
(SymbolCall RC5M6connection);
1 Bound 11075 25800 13175 27200;
( Rotate 270 );
9 RC5M6connection;
C 0 MY R 0 -1 T 12125 26850;
(SymbolCall RC5M6connection);
1 Bound 3900 19700 6000 21100;
( Rotate 90 );
9 RC5M6connection;
C 0 R 0 1 T 4950 20050;
(SymbolCall RC5M6connection);
1 Bound 11075 16975 13175 18375;
( Rotate 90 );
9 RC5M6connection;
C 0 R 0 1 T 12125 17325;
(SymbolCall jj225);
1 Bound 3132 8428 5882 16278;
( Rotate 180 );
9 jj225;
C 0 R -1 0 T 4507 14903;
(SymbolCall jj225ungrounded);
1 Bound -2526 8428 224 16278;
( Rotate 180 );
9 jj225ungrounded;
C 0 R -1 0 T -1151 14903;
(SymbolCall jj250);
1 Bound 10706 8479 13506 16379;
9 jj250;
C 0 MY T 12106 14979;
L M4;
P -10000 30000 20000 30000 20000 0 -10000 0 -10000 13700 1150 13700 1150 8925
  -3450 8925 -3450 13375 -4475 13375 -4475 8925 1150 8925 1150 8525 2125 8525
  2125 13700 14275 13700 14275 8550 15300 8550 15300 13725 14275 13725
  14275 13700 -10000 13700 -10000 23275 -3150 23275 -3150 22250 3150 22250
  3150 23275 6775 23275 6775 20500 9725 20500 9725 19800 -2750 19800
  -2750 21125 -3725 21125 -3725 16900 6775 16900 6775 16275 9925 16275
  9925 17250 6775 17250 6775 16900 -2750 16900 -2750 17950 5050 17950
  5050 18950 650 18950 650 17950 -2750 17950 -2750 19800 14425 19800
  14425 24875 13425 24875 13425 19800 10700 19800 10700 24875 9725 24875
  9725 20500 7775 20500 7775 25300 6775 25300 6775 23275 -10000 23275
  -10000 30000;
L I4;
B 800 800 -375 25275;
L M5;
P 4650 30000 5350 30000 5350 28375 11550 28375 11550 27425 4650 27425
  4650 30000;
P -5550 25975 325 25975 325 24575 -4500 24575 -4500 15925 -1875 15925
  -1875 14225 -5850 14225 -5850 15925 -5550 15925 -5550 25975;
L R5;
B 1000 4725 4950 23462;
B 1000 7425 12125 22087;
L I5;
B 700 700 -5000 15075;
L M6;
P -1925 21100 5375 21100 5375 19700 -350 19700 -350 16025 -1925 16025
  -1925 21100;
B 2175 3075 12162 17362;
P -6050 15425 -5700 15775 -4300 15775 -4300 14375 -5700 14375 -6050 14725
  -10000 14725 -10000 15425 -6050 15425;
P 10950 15525 10950 14475 9900 14475 9900 8200 6650 8200 6650 14525 5475 14525
  5475 15475 7550 15475 7550 9075 9025 9075 9025 15525 10950 15525;
B 6650 1000 16675 15000;
B 3500 850 1700 14925;
L M7;
P -10000 29950 20000 29950 20000 0 -10000 0 -10000 13650 1150 13650 1150 8875
  -3450 8875 -3450 13325 -4475 13325 -4475 8875 1150 8875 1150 8475 2125 8475
  2125 13650 14275 13650 14275 8500 15300 8500 15300 13675 14275 13675
  14275 13650 -10000 13650 -10000 23225 -3150 23225 -3150 22200 3150 22200
  3150 23225 6775 23225 6775 20450 9725 20450 9725 19750 -2750 19750
  -2750 21075 -3725 21075 -3725 16850 6775 16850 6775 16225 9925 16225
  9925 17200 6775 17200 6775 16850 -2750 16850 -2750 17900 5050 17900
  5050 18900 650 18900 650 17900 -2750 17900 -2750 19750 14425 19750
  14425 24825 13425 24825 13425 19750 10700 19750 10700 24825 9725 24825
  9725 20450 7775 20450 7775 25250 6775 25250 6775 23225 -10000 23225
  -10000 29950;
L TEXT;
94 <<DC-SFQ>> 1450 30825 0 10920 3120;
L TERM;
W2 200 3975 21300 3975 19525;
94 <<P2 M6 M4>> 3975 20375 0 260 56;
W2 200 10400 16700 13925 16700;
94 <<P4 M6 M4>> 12300 16700 0 260 56;
94 <<J1 M5 M6>> -1150 14900 1 1504 340;
W2 200 20000 15500 20000 14500;
W2 200 -10000 15425 -10000 14725;
94 <<P1 M6 M4>> -9975 15075 0 248 56;
94 <<J3 M6 M5>> 12100 14900 0 1040 224;
94 <<P3 M6 M4>> 19950 15050 0 260 56;
94 <<J2 M6 M5>> 4475 14850 5 1576 340;
DF;
E
(ELECTRICAL);
(RESOLUTION 1000);
5 10 1 0 -67000 -1000 0x0 IN;
5 10 2 1 15000:34000 -1000:-1000 0x0 OUT;
5 11 X 0 subckt;
9 LSmitll_DCSFQ;
DS 0 1 1;
(SymbolCall gnd);
5 10 0 0 -27000 19000;
1 Bound -27000 18000 -24400 20000;
( Rotate 90 );
9 gnd;
C 0 R 0 1 T -26000 18000;
(SymbolCall gnd);
5 10 0 0 -1000 19000;
1 Bound -1000 18000 1600 20000;
( Rotate 90 );
9 gnd;
C 0 R 0 1 T 0 18000;
(SymbolCall gnd);
5 10 0 0 -57000 -11000;
1 Bound -58000 -13600 -56000 -11000;
9 gnd;
C 0 T -58000 -12000;
(SymbolCall gnd);
5 10 0 0 -17000 -21000;
1 Bound -18000 -23600 -16000 -21000;
9 gnd;
C 0 T -18000 -22000;
(SymbolCall gnd);
5 10 0 0 -11000 -21000;
1 Bound -12000 -23600 -10000 -21000;
9 gnd;
C 0 T -12000 -22000;
(SymbolCall gnd);
5 10 0 0 -1000 -21000;
1 Bound -2000 -23600 0 -21000;
9 gnd;
C 0 T -2000 -22000;
(SymbolCall gnd);
5 10 0 0 5000 -21000;
1 Bound 4000 -23600 6000 -21000;
9 gnd;
C 0 T 4000 -22000;
(SymbolCall ind);
5 10 4 1 -27000 -1000 L0-;
5 10 7 0 -27000 9000 L0+;
5 15 -26000 8000 0 -1;
5 11 L 0;
5 2 0.2p;
1 Bound -27000 -1000 -25500 9000;
9 ind;
C 0 T -28000 -1000;
(SymbolCall ind);
5 10 6 1 -1000 -1000 L1-;
5 10 8 0 -1000 9000 L1+;
5 15 0 8000 0 -1;
5 11 L 1;
5 2 0.2p;
1 Bound -1000 -1000 500 9000;
9 ind;
C 0 T -2000 -1000;
(SymbolCall ind);
5 10 9 1 -57000 -1000 L2-;
5 10 1 0 -67000 -1000 L2+;
5 15 -66000 0 1 0;
5 2 1p;
5 11 L 2;
1 Bound -67000 -1000 -57000 500;
( Rotate 90 );
9 ind;
C 0 R 0 1 T -57000 -2000;
(SymbolCall ind);
5 10 3 1 -47000 -1000 L3-;
5 10 9 0 -57000 -1000 L3+;
5 15 -56000 0 1 0;
5 11 L 3;
5 2 0.6p;
1 Bound -57000 -1000 -47000 500;
( Rotate 90 );
9 ind;
C 0 R 0 1 T -47000 -2000;
(SymbolCall ind);
5 10 5 1 -17000 -1000 L4-;
5 10 4 0 -27000 -1000 L4+;
5 15 -26000 0 1 0;
5 2 1.1p;
5 11 L 4;
1 Bound -27000 -1000 -17000 500;
( Rotate 90 );
9 ind;
C 0 R 0 1 T -17000 -2000;
(SymbolCall ind);
5 10 6 1 -1000 -1000 L5-;
5 10 5 0 -11000 -1000 L5+;
5 15 -10000 0 1 0;
5 2 4.5p;
5 11 L 5;
1 Bound -11000 -1000 -1000 500;
( Rotate 90 );
9 ind;
C 0 R 0 1 T -1000 -2000;
(SymbolCall ind);
5 10 2 1 15000 -1000 L6-;
5 10 6 0 5000 -1000 L6+;
5 15 6000 0 1 0;
5 2 2p;
5 11 L 6;
1 Bound 5000 -1000 15000 500;
( Rotate 90 );
9 ind;
C 0 R 0 1 T 15000 -2000;
(SymbolCall ind);
5 10 0 1 -57000 -11000 L7-;
5 10 9 0 -57000 -1000 L7+;
5 15 -56000 -2000 0 -1;
5 2 3.9p;
5 11 L 7;
1 Bound -57000 -11000 -55500 -1000;
9 ind;
C 0 T -58000 -11000;
(SymbolCall ind);
5 10 4 1 -27000 -7000 L8-;
5 10 14 0 -37000 -7000 L8+;
5 15 -36000 -6000 1 0;
5 11 L 8;
5 2 1p;
1 Bound -37000 -7000 -27000 -5500;
( Rotate 90 );
9 ind;
C 0 R 0 1 T -27000 -8000;
(SymbolCall ind);
5 10 0 1 -17000 -21000 L9-;
5 10 10 0 -17000 -11000 L9+;
5 15 -16000 -12000 0 -1;
5 11 L 9;
5 2 0.2p;
1 Bound -17000 -21000 -15500 -11000;
9 ind;
C 0 T -18000 -21000;
(SymbolCall ind);
5 10 0 1 -11000 -21000 L10-;
5 10 11 0 -11000 -11000 L10+;
5 15 -10000 -12000 0 -1;
5 11 L 10;
5 2 1p;
1 Bound -11000 -21000 -9500 -11000;
9 ind;
C 0 T -12000 -21000;
(SymbolCall ind);
5 10 0 1 -1000 -21000 L11-;
5 10 12 0 -1000 -11000 L11+;
5 15 0 -12000 0 -1;
5 11 L 11;
5 2 0.2p;
1 Bound -1000 -21000 500 -11000;
9 ind;
C 0 T -2000 -21000;
(SymbolCall ind);
5 10 0 1 5000 -21000 L12-;
5 10 13 0 5000 -11000 L12+;
5 15 6000 -12000 0 -1;
5 2 1p;
5 11 L 12;
1 Bound 5000 -21000 6500 -11000;
9 ind;
C 0 T 4000 -21000;
(SymbolCall isrc);
5 10 7 1 -27000 9000 I0_1;
5 10 0 0 -27000 19000 I0_0;
5 15 -27000 13000 0 -1 @<name>[c];
5 5 nophys;
5 11 I 0;
5 2 pwl(0 0 5p 275u);
1 Bound -29000 9000 -25000 19000;
9 isrc;
C 0 T -29000 9000;
(SymbolCall isrc);
5 10 8 1 -1000 9000 I1_1;
5 10 0 0 -1000 19000 I1_0;
5 15 -1000 13000 0 -1 @<name>[c];
5 5 nophys;
5 11 I 1;
5 2 pwl(0 0 5p 175u);
1 Bound -3000 9000 1000 19000;
9 isrc;
C 0 T -3000 9000;
(SymbolCall jj);
5 10 15 2 -45000 -2000 B0_2;
5 10 4 1 -37000 -1000 B0-;
5 10 3 0 -47000 -1000 B0+;
5 1 jjmit;
5 3 area=2.25;
5 11 B 0;
1 Bound -47000 -2500 -37000 500;
( Rotate 90 );
9 jj;
C 0 R 0 1 T -37000 -2000;
(SymbolCall jj);
5 10 16 2 -18000 -3000 B1_2;
5 10 10 1 -17000 -11000 B1-;
5 10 5 0 -17000 -1000 B1+;
5 11 B 1;
5 3 area=2.25;
5 1 jjmit;
1 Bound -18500 -11000 -15500 -1000;
9 jj;
C 0 T -18000 -11000;
(SymbolCall jj);
5 10 17 2 -2000 -3000 B2_2;
5 10 12 1 -1000 -11000 B2-;
5 10 6 0 -1000 -1000 B2+;
5 3 area=2.5;
5 11 B 2;
5 1 jjmit;
1 Bound -2500 -11000 500 -1000;
9 jj;
C 0 T -2000 -11000;
(SymbolCall res);
5 10 11 1 -11000 -11000 R0-;
5 10 5 0 -11000 -1000 R0+;
5 15 -12000 -2000 0 -1 "<v>/<value>O";
5 11 R 0;
5 2 3.048846408;
1 Bound -12250 -11000 -10000 -1000;
9 res;
C 0 T -11000 -1000;
(SymbolCall res);
5 10 13 1 5000 -11000 R1-;
5 10 6 0 5000 -1000 R1+;
5 15 4000 -2000 0 -1 "<v>/<value>O";
5 2 2.743961767;
5 11 R 1;
1 Bound 3750 -11000 6000 -1000;
9 res;
C 0 T 5000 -1000;
(SymbolCall res);
5 10 14 1 -37000 -7000 R2-;
5 10 3 0 -47000 -7000 R2+;
5 15 -46000 -8000 1 0 "<v>/<value>O";
5 11 R 2;
5 2 3.048846408;
1 Bound -47000 -8250 -37000 -6000;
( Rotate 90 );
9 res;
C 0 R 0 1 T -47000 -7000;
L SCED;
5 10 3;
W2 0 -47000 -1000 -47000 -7000;
5 10 4;
W2 0 -37000 -1000 -27000 -1000 -27000 -7000;
5 10 5;
W2 0 -17000 -1000 -11000 -1000;
5 10 6;
W2 0 -1000 -1000 5000 -1000;
L NAME;
5 16 I 0 11;
94 <<I0>> -29250 17750 320 975 1000;
5 16 I 1 11;
94 <<I1>> -3250 17750 320 750 1000;
5 16 L 0 11;
94 <<L0>> -27250 7750 320 1275 1000;
5 16 L 1 11;
94 <<L1>> -1250 7750 320 1050 1000;
5 16 L 2 11;
94 <<L2>> -66750 750 0 1275 1000;
5 16 L 3 11;
94 <<L3>> -56750 750 0 1275 1000;
5 16 B 0 11;
94 <<B0>> -46750 750 0 1275 1000;
5 16 L 4 11;
94 <<L4>> -26750 750 0 1275 1000;
5 16 L 5 11;
94 <<L5>> -10750 750 0 1275 1000;
5 16 L 6 11;
94 <<L6>> 5250 750 0 1275 1000;
5 16 L 7 11;
94 <<L7>> -57250 -2250 320 1275 1000;
5 16 B 1 11;
94 <<B1>> -18750 -2250 320 1050 1000;
5 16 R 0 11;
94 <<R0>> -12500 -2250 320 1275 1000;
5 16 B 2 11;
94 <<B2>> -2750 -2250 320 1275 1000;
5 16 R 1 11;
94 <<R1>> 3500 -2250 320 1050 1000;
5 16 L 8 11;
94 <<L8>> -36750 -5250 0 1275 1000;
5 16 R 2 11;
94 <<R2>> -46750 -5750 0 1275 1000;
5 16 L 9 11;
94 <<L9>> -17250 -12250 320 1275 1000;
5 16 L 10 11;
94 <<L10>> -11250 -12250 320 1650 1000;
5 16 L 11 11;
94 <<L11>> -1250 -12250 320 1425 1000;
5 16 L 12 11;
94 <<L12>> 4750 -12250 320 1650 1000;
L MODL;
5 16 B 1 1;
94 <<jjmit>> -15250 -1250 256 2550 1000;
5 16 B 2 1;
94 <<jjmit>> 750 -1250 256 2550 1000;
5 16 B 0 1;
94 <<jjmit>> -37250 -2750 320 2550 1000;
L VALU;
5 16 I 0 2;
94 <<pwl(0 0 5p 275u)>> -24750 18750 33024 8775 1000;
5 16 I 1 2;
94 <<pwl(0 0 5p 175u)>> 1250 18750 33024 8550 1000;
5 16 L 0 2;
94 <<0.2p>> -25250 8750 33024 2100 1000;
5 16 L 1 2;
94 <<0.2p>> 750 8750 33024 2100 1000;
5 16 L 2 2;
94 <<1p>> -57250 -1250 33088 1050 1000;
5 16 L 7 2;
94 <<3.9p>> -55250 -1250 33024 2100 1000;
5 16 L 3 2;
94 <<0.6p>> -47250 -1250 33088 2100 1000;
5 16 L 4 2;
94 <<1.1p>> -17250 -1250 33088 1650 1000;
5 16 R 0 2;
94 <<3.048846408>> -9750 -1250 33024 6300 1000;
5 16 L 5 2;
94 <<4.5p>> -1250 -1250 33088 2100 1000;
5 16 R 1 2;
94 <<2.743961767>> 6250 -1250 33024 6075 1000;
5 16 L 6 2;
94 <<2p>> 14750 -1250 33088 1275 1000;
5 16 L 8 2;
94 <<1p>> -27250 -7250 33088 1050 1000;
5 16 R 2 2;
94 <<3.048846408>> -37250 -8500 33088 6300 1000;
5 16 L 9 2;
94 <<0.2p>> -15250 -11250 33024 2100 1000;
5 16 L 10 2;
94 <<1p>> -9250 -11250 33024 1050 1000;
5 16 L 11 2;
94 <<0.2p>> 750 -11250 33024 2100 1000;
5 16 L 12 2;
94 <<1p>> 6750 -11250 33024 1050 1000;
L PARM;
5 16 B 0 3;
94 <<area=2.25>> -46750 -3750 33024 5025 1000;
5 16 B 1 3;
94 <<area=2.25>> -15250 -10750 32768 5025 1000;
5 16 B 2 3;
94 <<area=2.5>> -250 -10750 32768 4425 1000;
DF;
E
* Generated by Xic from cell LSmitll_DCSFQ
B0 3 4 15 jjmit area=2.25
B1 5 10 16 jjmit area=2.25
B2 6 12 17 jjmit area=2.5
I0 0 7 pwl(0 0 5p 275u)
I1 0 8 pwl(0 0 5p 175u)
L0 7 4 0.2p
L1 8 6 0.2p
L2 IN 9 1p
L3 9 3 0.6p
L4 4 5 1.1p
L5 5 6 4.5p
L6 6 OUT 2p
L7 9 0 3.9p
L8 14 4 1p
L9 10 0 0.2p
L10 11 0 1p
L11 12 0 0.2p
L12 13 0 1p
R0 5 11 3.048846408
R1 6 13 2.743961767
R2 3 14 3.048846408
.model jjmit jj(rtype=1, vg=2.8mV, cap=0.07pF, r0=160, rn=16, icrit=0.1mA)

* YBCO
.save @I0[c]
.save @I1[c]
