(Symbol LSmitll_Always0_async_noA);
($Id:$);
(PHYSICAL);
(RESOLUTION 1000);
9 LSmitll_Always0_async_noA;
DS 0 1 1;
DF;
E
(ELECTRICAL);
(RESOLUTION 1000);
5 10 1 0 -7000 12000 0x0 Q;
5 11 X 0 subckt;
9 LSmitll_Always0_async_noA;
DS 0 1 1;
(SymbolCall gnd);
5 10 0 0 -24000 35000;
1 Bound -24000 34000 -21400 36000;
( Rotate 90 );
9 gnd;
C 0 R 0 1 T -23000 34000;
(SymbolCall gnd);
5 10 0 0 -35000 2000;
1 Bound -36000 -600 -34000 2000;
9 gnd;
C 0 T -36000 1000;
(SymbolCall gnd);
5 10 0 0 -24000 -8000;
1 Bound -25000 -10600 -23000 -8000;
9 gnd;
C 0 T -25000 -9000;
(SymbolCall gnd);
5 10 0 0 -18000 -8000;
1 Bound -19000 -10600 -17000 -8000;
9 gnd;
C 0 T -19000 -9000;
(SymbolCall ind);
5 10 2 1 -24000 15000 LB1-;
5 10 3 0 -24000 25000 LB1+;
5 15 -23000 24000 0 -1;
5 2 LB1;
5 11 L.LB1 0;
1 Bound -24000 15000 -22500 25000;
9 ind;
C 0 T -25000 15000;
(SymbolCall ind);
5 10 2 1 -25000 12000 L1-;
5 10 4 0 -35000 12000 L1+;
5 15 -34000 13000 1 0;
5 2 L1;
5 11 L.L1 1;
1 Bound -35000 12000 -25000 13500;
( Rotate 90 );
9 ind;
C 0 R 0 1 T -25000 11000;
(SymbolCall ind);
5 2 L2;
5 10 1 1 -7000 12000 L2-;
5 10 2 0 -17000 12000 L2+;
5 15 -16000 13000 1 0;
5 11 L.L2 2;
1 Bound -17000 12000 -7000 13500;
( Rotate 90 );
9 ind;
C 0 R 0 1 T -7000 11000;
(SymbolCall ind);
5 10 0 1 -24000 -8000 LP1-;
5 10 5 0 -24000 2000 LP1+;
5 15 -23000 1000 0 -1;
5 2 LP1;
5 11 L.LP1 3;
1 Bound -24000 -8000 -22500 2000;
9 ind;
C 0 T -25000 -8000;
(SymbolCall ind);
5 10 0 1 -18000 -8000 LRB1-;
5 10 6 0 -18000 2000 LRB1+;
5 15 -17000 1000 0 -1;
5 2 LRB1;
5 11 L.LRB1 4;
1 Bound -18000 -8000 -16500 2000;
9 ind;
C 0 T -19000 -8000;
(SymbolCall isrc);
5 10 3 1 -24000 25000 IB1_1;
5 10 0 0 -24000 35000 IB1_0;
5 15 -24000 29000 0 -1 @<name>[c];
5 2 pwl(0 0 5p IB1);
5 11 I.IB1 0;
5 5 nophys;
1 Bound -26000 25000 -22000 35000;
9 isrc;
C 0 T -26000 25000;
(SymbolCall jj);
5 10 7 2 -25000 10000 B1_2;
5 10 5 1 -24000 2000 B1-;
5 10 2 0 -24000 12000 B1+;
5 3 area=B1;
5 11 B.B1 0;
5 1 jjmit;
1 Bound -25500 2000 -22500 12000;
9 jj;
C 0 T -25000 2000;
(SymbolCall res);
5 10 0 1 -35000 2000 R1-;
5 10 4 0 -35000 12000 R1+;
5 2 R1;
5 11 R.R1 0;
5 15 -36000 11000 0 -1 "<v>/<value>O";
1 Bound -36250 2000 -34000 12000;
9 res;
C 0 T -35000 12000;
(SymbolCall res);
5 10 6 1 -18000 2000 RB1-;
5 10 2 0 -18000 12000 RB1+;
5 15 -19000 11000 0 -1 "<v>/<value>O";
5 2 RB1;
5 11 R.RB1 1;
1 Bound -19250 2000 -17000 12000;
9 res;
C 0 T -18000 12000;
L SCED;
5 10 2;
W2 0 -25000 12000 -24000 12000 -24000 15000;
5 10 2;
W2 0 -24000 12000 -18000 12000 -17000 12000;
L NAME;
5 16 I 0 11;
94 <<IB1>> -26250 33750 320 1350 1000;
5 16 L 0 11;
94 <<LB1>> -24250 23750 320 1650 1000;
5 16 L 1 11;
94 <<L1>> -34750 13750 0 1050 1000;
5 16 L 2 11;
94 <<L2>> -16750 13750 0 1275 1000;
5 16 R 0 11;
94 <<R1>> -36500 10750 320 1050 1000;
5 16 B 0 11;
94 <<B1>> -25750 10750 320 1050 1000;
5 16 R 1 11;
94 <<RB1>> -19500 10750 320 1650 1000;
5 16 L 3 11;
94 <<LP1>> -24250 750 320 1650 1000;
5 16 L 4 11;
94 <<LRB1>> -18250 750 320 2250 1000;
L MODL;
5 16 B 0 1;
94 <<jjmit>> -22250 11750 256 2550 1000;
L VALU;
5 16 I 0 2;
94 <<pwl(0 0 5p IB1)>> -21750 34750 33024 7650 1000;
5 16 L 0 2;
94 <<LB1>> -22250 24750 33024 1650 1000;
5 16 L 2 2;
94 <<L2>> -35250 11750 33088 1275 1000;
5 16 R 0 2;
94 <<R1>> -33750 11750 33024 1050 1000;
5 16 L 1 2;
94 <<L1>> -25250 11750 33088 1050 1000;
5 16 R 1 2;
94 <<RB1>> -16750 11750 33024 1650 1000;
5 16 L 3 2;
94 <<LP1>> -22250 1750 33024 1650 1000;
5 16 L 4 2;
94 <<LRB1>> -16250 1750 33024 2250 1000;
L PARM;
5 16 B 0 3;
94 <<area=B1>> -22250 2250 32768 3975 1000;
DF;
E
* Generated by Xic from cell LSmitll_Always0_async_noA
B1 2 5 7 jjmit area=B1
IB1 0 3 pwl(0 0 5p IB1)
L1 4 2 L1
L2 2 Q L2
LB1 3 2 LB1
LP1 5 0 LP1
LRB1 6 0 LRB1
R1 4 0 R1
RB1 2 6 RB1
.model jjmit jj(rtype=1, vg=2.8mV, cap=0.07pF, r0=160, rn=16, icrit=0.1mA)


* Nb 30 A/cm2
.save @IB1[c]
