(Symbol LSmitll_OR2_v1p6);
($Id:$);
(PHYSICAL);
(RESOLUTION 1000);
9 LSmitll_OR2_v1p6;
DS 0 1 1;
DF;
E
(ELECTRICAL);
(RESOLUTION 1000);
5 7101 tran 0.5p 200p 0 0.25p UIC;
5 10 1 0 -107000:-107000 0:14000 0x0 A;
5 10 2 1 -107000 -48000 0x0 B;
5 10 3 2 -107000 30000 0x0 CLK;
5 10 4 3 70000:132000 -10000:-10000 0x0 Q;
5 18 0
  L ETC2:
  W 0 -104800 30400 17300 30400 17300 27500:
  B 63700 69300 16750 -7150:
  W 0 13800 27500 13867 26817 14066 26161 14390 25556 14825 25025 15356 24590
 15961 24266 16617 24067 17300 24000 17983 24067 18639 24266 19244 24590
 19775 25025 20210 25556 20534 26161 20733 26817 20800 27500:
  W 0 -15100 10400 -14417 10467 -13761 10666 -13156 10990 -12625 11425
 -12190 11956 -11866 12561 -11667 13217 -11600 13900 -11667 14583 -11866 15239
 -12190 15844 -12625 16375 -13156 16810 -13761 17134 -14417 17333 -15100 17400:
  W 0 -104500 13900 -15100 13900:
  94 <<OR2T>> 1500 -14600 0 33792 14336:
  W 0 48600 -13500 47917 -13433 47261 -13234 46656 -12910 46125 -12475
 45690 -11944 45366 -11339 45167 -10683 45100 -10000 45167 -9317 45366 -8661
 45690 -8056 46125 -7525 46656 -7090 47261 -6766 47917 -6567 48600 -6500:
  W 0 130000 -10000 48600 -10000:
  W 0 -15100 -36700 -14417 -36633 -13761 -36434 -13156 -36110 -12625 -35675
 -12190 -35144 -11866 -34539 -11667 -33883 -11600 -33200 -11667 -32517
 -11866 -31861 -12190 -31256 -12625 -30725 -13156 -30290 -13761 -29966
 -14417 -29767 -15100 -29700:
  W 0 -104500 -33200 -15100 -33200:
;
5 11 X 0 subckt;
9 LSmitll_OR2_v1p6;
DS 0 1 1;
(SymbolCall gnd);
5 10 0 0 -5000 53000;
1 Bound -7600 52000 -5000 54000;
( Rotate 270 );
9 gnd;
C 0 R 0 -1 T -6000 54000;
(SymbolCall gnd);
5 10 0 0 -97000 20000;
1 Bound -97000 19000 -94400 21000;
( Rotate 90 );
9 gnd;
C 0 R 0 1 T -96000 19000;
(SymbolCall gnd);
5 10 0 0 -19000 10000;
1 Bound -19000 9000 -16400 11000;
( Rotate 90 );
9 gnd;
C 0 R 0 1 T -18000 9000;
(SymbolCall gnd);
5 10 0 0 17000 10000;
1 Bound 17000 9000 19600 11000;
( Rotate 90 );
9 gnd;
C 0 R 0 1 T 18000 9000;
(SymbolCall gnd);
5 10 0 0 54000 10000;
1 Bound 54000 9000 56600 11000;
( Rotate 90 );
9 gnd;
C 0 R 0 1 T 55000 9000;
(SymbolCall gnd);
5 10 0 0 -5000 10000;
1 Bound -6000 7400 -4000 10000;
9 gnd;
C 0 T -6000 9000;
(SymbolCall gnd);
5 10 0 0 1000 10000;
1 Bound 0 7400 2000 10000;
9 gnd;
C 0 T 0 9000;
(SymbolCall gnd);
5 10 0 0 -97000 -20000;
1 Bound -98000 -22600 -96000 -20000;
9 gnd;
C 0 T -98000 -21000;
(SymbolCall gnd);
5 10 0 0 -91000 -20000;
1 Bound -92000 -22600 -90000 -20000;
9 gnd;
C 0 T -92000 -21000;
(SymbolCall gnd);
5 10 0 0 -71000 -20000;
1 Bound -72000 -22600 -70000 -20000;
9 gnd;
C 0 T -72000 -21000;
(SymbolCall gnd);
5 10 0 0 -65000 -20000;
1 Bound -66000 -22600 -64000 -20000;
9 gnd;
C 0 T -66000 -21000;
(SymbolCall gnd);
5 10 0 0 -87000 -28000;
1 Bound -87000 -29000 -84400 -27000;
( Rotate 90 );
9 gnd;
C 0 R 0 1 T -86000 -29000;
(SymbolCall gnd);
5 10 0 0 17000 -30000;
1 Bound 16000 -32600 18000 -30000;
9 gnd;
C 0 T 16000 -31000;
(SymbolCall gnd);
5 10 0 0 23000 -30000;
1 Bound 22000 -32600 24000 -30000;
9 gnd;
C 0 T 22000 -31000;
(SymbolCall gnd);
5 10 0 0 37000 -30000;
1 Bound 36000 -32600 38000 -30000;
9 gnd;
C 0 T 36000 -31000;
(SymbolCall gnd);
5 10 0 0 43000 -30000;
1 Bound 42000 -32600 44000 -30000;
9 gnd;
C 0 T 42000 -31000;
(SymbolCall gnd);
5 10 0 0 54000 -30000;
1 Bound 53000 -32600 55000 -30000;
9 gnd;
C 0 T 53000 -31000;
(SymbolCall gnd);
5 10 0 0 60000 -30000;
1 Bound 59000 -32600 61000 -30000;
9 gnd;
C 0 T 59000 -31000;
(SymbolCall gnd);
5 10 0 0 -87000 -68000;
1 Bound -88000 -70600 -86000 -68000;
9 gnd;
C 0 T -88000 -69000;
(SymbolCall gnd);
5 10 0 0 -81000 -68000;
1 Bound -82000 -70600 -80000 -68000;
9 gnd;
C 0 T -82000 -69000;
(SymbolCall gnd);
5 10 0 0 -71000 -68000;
1 Bound -72000 -70600 -70000 -68000;
9 gnd;
C 0 T -72000 -69000;
(SymbolCall gnd);
5 10 0 0 -65000 -68000;
1 Bound -66000 -70600 -64000 -68000;
9 gnd;
C 0 T -66000 -69000;
(SymbolCall ind);
5 10 6 1 -5000 32000 LB5-;
5 10 5 0 -5000 42000 LB5+;
5 15 -4000 41000 0 -1;
5 2 LB5;
5 11 L.LB5 0;
1 Bound -5000 32000 -3500 42000;
9 ind;
C 0 T -6000 32000;
(SymbolCall ind);
5 10 6 1 -5000 30000 L9-;
5 10 3 0 -15000 30000 L9+;
5 15 -14000 31000 1 0;
5 2 L9;
5 11 L.L9 1;
1 Bound -15000 30000 -5000 31500;
( Rotate 90 );
9 ind;
C 0 R 0 1 T -5000 29000;
(SymbolCall ind);
5 10 7 1 11000 30000 L10-;
5 10 6 0 1000 30000 L10+;
5 15 2000 31000 1 0;
5 2 L10;
5 11 L.L10 2;
1 Bound 1000 30000 11000 31500;
( Rotate 90 );
9 ind;
C 0 R 0 1 T 11000 29000;
(SymbolCall ind);
5 10 0 1 -5000 10000 LP9-;
5 10 19 0 -5000 20000 LP9+;
5 15 -4000 19000 0 -1;
5 2 LP9;
5 11 L.LP9 3;
1 Bound -5000 10000 -3500 20000;
9 ind;
C 0 T -6000 10000;
(SymbolCall ind);
5 10 0 1 1000 10000 LRB9-;
5 10 20 0 1000 20000 LRB9+;
5 15 2000 19000 0 -1;
5 2 LRB9;
5 11 L.LRB9 4;
1 Bound 1000 10000 2500 20000;
9 ind;
C 0 T 0 10000;
(SymbolCall ind);
5 10 22 1 43000 8000 LRB10-;
5 10 7 0 43000 18000 LRB10+;
5 15 44000 17000 0 -1;
5 1 LRB10;
5 11 L.LRB10 5;
1 Bound 43000 8000 44500 18000;
9 ind;
C 0 T 42000 8000;
(SymbolCall ind);
5 10 10 1 -97000 0 LB1-;
5 10 21 0 -97000 10000 LB1+;
5 15 -96000 9000 0 -1;
5 2 LB1;
5 11 L.LB1 6;
1 Bound -97000 0 -95500 10000;
9 ind;
C 0 T -98000 0;
(SymbolCall ind);
5 10 9 1 -35000 6000 LRB3-;
5 10 26 0 -45000 6000 LRB3+;
5 15 -44000 7000 1 0;
5 2 LRB3;
5 11 L.LRB3 7;
1 Bound -45000 6000 -35000 7500;
( Rotate 90 );
9 ind;
C 0 R 0 1 T -35000 5000;
(SymbolCall ind);
5 10 10 1 -97000 0 L1-;
5 10 1 0 -107000 0 L1+;
5 15 -106000 1000 1 0;
5 2 L1;
5 11 L.L1 8;
1 Bound -107000 0 -97000 1500;
( Rotate 90 );
9 ind;
C 0 R 0 1 T -97000 -1000;
(SymbolCall ind);
5 10 11 1 -71000 0 L2-;
5 10 10 0 -81000 0 L2+;
5 15 -80000 1000 1 0;
5 2 L2;
5 11 L.L2 9;
1 Bound -81000 0 -71000 1500;
( Rotate 90 );
9 ind;
C 0 R 0 1 T -71000 -1000;
(SymbolCall ind);
5 10 8 1 -55000 0 L3-;
5 10 11 0 -65000 0 L3+;
5 15 -64000 1000 1 0;
5 2 L3;
5 11 L.L3 10;
1 Bound -65000 0 -55000 1500;
( Rotate 90 );
9 ind;
C 0 R 0 1 T -55000 -1000;
(SymbolCall ind);
5 10 9 1 -19000 -10000 LB3-;
5 10 23 0 -19000 0 LB3+;
5 15 -18000 -1000 0 -1;
5 2 LB3;
5 11 L.LB3 11;
1 Bound -19000 -10000 -17500 0;
9 ind;
C 0 T -20000 -10000;
(SymbolCall ind);
5 10 14 1 17000 -10000 LB4-;
5 10 24 0 17000 0 LB4+;
5 15 18000 -1000 0 -1;
5 2 LB4;
5 11 L.LB4 12;
1 Bound 17000 -10000 18500 0;
9 ind;
C 0 T 16000 -10000;
(SymbolCall ind);
5 10 15 1 54000 -10000 LB6-;
5 10 25 0 54000 0 LB6+;
5 15 55000 -1000 0 -1;
5 2 LB6;
5 11 L.LB6 13;
1 Bound 54000 -10000 55500 0;
9 ind;
C 0 T 53000 -10000;
(SymbolCall ind);
5 10 14 1 11000 -4000 LRB7-;
5 10 31 0 1000 -4000 LRB7+;
5 15 2000 -3000 1 0;
5 2 LRB7;
5 11 L.LRB7 14;
1 Bound 1000 -4000 11000 -2500;
( Rotate 90 );
9 ind;
C 0 R 0 1 T 11000 -5000;
(SymbolCall ind);
5 10 13 1 -9000 -10000 L7-;
5 10 9 0 -19000 -10000 L7+;
5 15 -18000 -9000 1 0;
5 2 L7;
5 11 L.L7 15;
1 Bound -19000 -10000 -9000 -8500;
( Rotate 90 );
9 ind;
C 0 R 0 1 T -9000 -11000;
(SymbolCall ind);
5 10 12 1 37000 -10000 L8-;
5 10 14 0 27000 -10000 L8+;
5 15 28000 -9000 1 0;
5 2 L8;
5 11 L.L8 16;
1 Bound 27000 -10000 37000 -8500;
( Rotate 90 );
9 ind;
C 0 R 0 1 T 37000 -11000;
(SymbolCall ind);
5 10 15 1 54000 -10000 L11-;
5 10 12 0 44000 -10000 L11+;
5 15 45000 -9000 1 0;
5 2 L11;
5 11 L.L11 17;
1 Bound 44000 -10000 54000 -8500;
( Rotate 90 );
9 ind;
C 0 R 0 1 T 54000 -11000;
(SymbolCall ind);
5 10 4 1 70000 -10000 L12-;
5 10 15 0 60000 -10000 L12+;
5 15 61000 -9000 1 0;
5 2 L12;
5 11 L.L12 18;
1 Bound 60000 -10000 70000 -8500;
( Rotate 90 );
9 ind;
C 0 R 0 1 T 70000 -11000;
(SymbolCall ind);
5 10 0 1 -97000 -20000 LP1-;
5 10 27 0 -97000 -10000 LP1+;
5 15 -96000 -11000 0 -1;
5 2 LP1;
5 11 L.LP1 19;
1 Bound -97000 -20000 -95500 -10000;
9 ind;
C 0 T -98000 -20000;
(SymbolCall ind);
5 10 0 1 -91000 -20000 LRB1-;
5 10 28 0 -91000 -10000 LRB1+;
5 15 -90000 -11000 0 -1;
5 2 LRB1;
5 11 L.LRB1 20;
1 Bound -91000 -20000 -89500 -10000;
9 ind;
C 0 T -92000 -20000;
(SymbolCall ind);
5 10 0 1 -71000 -20000 LP2-;
5 10 29 0 -71000 -10000 LP2+;
5 15 -70000 -11000 0 -1;
5 2 LP2;
5 11 L.LP2 21;
1 Bound -71000 -20000 -69500 -10000;
9 ind;
C 0 T -72000 -20000;
(SymbolCall ind);
5 10 0 1 -65000 -20000 LRB2-;
5 10 30 0 -65000 -10000 LRB2+;
5 15 -64000 -11000 0 -1;
5 2 LRB2;
5 11 L.LRB2 22;
1 Bound -65000 -20000 -63500 -10000;
9 ind;
C 0 T -66000 -20000;
(SymbolCall ind);
5 10 0 1 17000 -30000 LP8-;
5 10 32 0 17000 -20000 LP8+;
5 15 18000 -21000 0 -1;
5 2 LP8;
5 11 L.LP8 23;
1 Bound 17000 -30000 18500 -20000;
9 ind;
C 0 T 16000 -30000;
(SymbolCall ind);
5 10 0 1 23000 -30000 LRB8-;
5 10 33 0 23000 -20000 LRB8+;
5 15 24000 -21000 0 -1;
5 2 LRB8;
5 11 L.LRB8 24;
1 Bound 23000 -30000 24500 -20000;
9 ind;
C 0 T 22000 -30000;
(SymbolCall ind);
5 2 LP11;
5 11 L.LP11 25;
5 10 0 1 37000 -30000 LP11-;
5 10 34 0 37000 -20000 LP11+;
5 15 38000 -21000 0 -1;
1 Bound 37000 -30000 38500 -20000;
9 ind;
C 0 T 36000 -30000;
(SymbolCall ind);
5 2 LRB11;
5 11 L.LRB11 26;
5 10 0 1 43000 -30000 LRB11-;
5 10 35 0 43000 -20000 LRB11+;
5 15 44000 -21000 0 -1;
1 Bound 43000 -30000 44500 -20000;
9 ind;
C 0 T 42000 -30000;
(SymbolCall ind);
5 2 LP12;
5 11 L.LP12 27;
5 10 0 1 54000 -30000 LP12-;
5 10 36 0 54000 -20000 LP12+;
5 15 55000 -21000 0 -1;
1 Bound 54000 -30000 55500 -20000;
9 ind;
C 0 T 53000 -30000;
(SymbolCall ind);
5 2 LRB12;
5 11 L.LRB12 28;
5 10 0 1 60000 -30000 LRB12-;
5 10 37 0 60000 -20000 LRB12+;
5 15 61000 -21000 0 -1;
1 Bound 60000 -30000 61500 -20000;
9 ind;
C 0 T 59000 -30000;
(SymbolCall ind);
5 10 17 1 -87000 -48000 LB2-;
5 10 38 0 -87000 -38000 LB2+;
5 15 -86000 -39000 0 -1;
5 2 LB2;
5 11 L.LB2 29;
1 Bound -87000 -48000 -85500 -38000;
9 ind;
C 0 T -88000 -48000;
(SymbolCall ind);
5 10 9 1 -35000 -42000 LRB6-;
5 10 39 0 -45000 -42000 LRB6+;
5 15 -44000 -41000 1 0;
5 2 LRB6;
5 11 L.LRB6 30;
1 Bound -45000 -42000 -35000 -40500;
( Rotate 90 );
9 ind;
C 0 R 0 1 T -35000 -43000;
(SymbolCall ind);
5 10 17 1 -87000 -48000 L4-;
5 10 2 0 -97000 -48000 L4+;
5 15 -96000 -47000 1 0;
5 2 L4;
5 11 L.L4 31;
1 Bound -97000 -48000 -87000 -46500;
( Rotate 90 );
9 ind;
C 0 R 0 1 T -87000 -49000;
(SymbolCall ind);
5 10 18 1 -71000 -48000 L5-;
5 10 17 0 -81000 -48000 L5+;
5 15 -80000 -47000 1 0;
5 2 L5;
5 11 L.L5 32;
1 Bound -81000 -48000 -71000 -46500;
( Rotate 90 );
9 ind;
C 0 R 0 1 T -71000 -49000;
(SymbolCall ind);
5 10 16 1 -55000 -48000 L6-;
5 10 18 0 -65000 -48000 L6+;
5 15 -64000 -47000 1 0;
5 2 L6;
5 11 L.L6 33;
1 Bound -65000 -48000 -55000 -46500;
( Rotate 90 );
9 ind;
C 0 R 0 1 T -55000 -49000;
(SymbolCall ind);
5 10 0 1 -87000 -68000 LP4-;
5 10 40 0 -87000 -58000 LP4+;
5 15 -86000 -59000 0 -1;
5 2 LP4;
5 11 L.LP4 34;
1 Bound -87000 -68000 -85500 -58000;
9 ind;
C 0 T -88000 -68000;
(SymbolCall ind);
5 10 0 1 -81000 -68000 LRB4-;
5 10 41 0 -81000 -58000 LRB4+;
5 15 -80000 -59000 0 -1;
5 2 LRB4;
5 11 L.LRB4 35;
1 Bound -81000 -68000 -79500 -58000;
9 ind;
C 0 T -82000 -68000;
(SymbolCall ind);
5 10 0 1 -71000 -68000 LP5-;
5 10 42 0 -71000 -58000 LP5+;
5 15 -70000 -59000 0 -1;
5 2 LP5;
5 11 L.LP5 36;
1 Bound -71000 -68000 -69500 -58000;
9 ind;
C 0 T -72000 -68000;
(SymbolCall ind);
5 10 0 1 -65000 -68000 LRB5-;
5 10 43 0 -65000 -58000 LRB5+;
5 15 -64000 -59000 0 -1;
5 2 LRB5;
5 11 L.LRB5 37;
1 Bound -65000 -68000 -63500 -58000;
9 ind;
C 0 T -66000 -68000;
(SymbolCall isrc);
5 10 5 1 -5000 43000 IB5_1;
5 10 0 0 -5000 53000 IB5_0;
5 15 -5000 47000 0 -1 @<name>[c];
5 2 pwl(0 0 5p IB5);
5 11 I.IB5 0;
5 5 nophys;
1 Bound -7000 43000 -3000 53000;
( Rotate 180 );
9 isrc;
C 0 MY R -1 0 T -3000 43000;
(SymbolCall isrc);
5 10 21 1 -97000 10000 IB1_1;
5 10 0 0 -97000 20000 IB1_0;
5 15 -97000 14000 0 -1 @<name>[c];
5 2 pwl(0 0 5p IB1);
5 11 I.IB1 1;
5 5 nophys;
1 Bound -99000 10000 -95000 20000;
9 isrc;
C 0 T -99000 10000;
(SymbolCall isrc);
5 10 23 1 -19000 0 IB3_1;
5 10 0 0 -19000 10000 IB3_0;
5 15 -19000 4000 0 -1 @<name>[c];
5 2 pwl(0 0 5p IB3);
5 11 I.IB3 2;
5 5 nophys;
1 Bound -21000 0 -17000 10000;
9 isrc;
C 0 T -21000 0;
(SymbolCall isrc);
5 10 24 1 17000 0 IB4_1;
5 10 0 0 17000 10000 IB4_0;
5 15 17000 4000 0 -1 @<name>[c];
5 2 pwl(0 0 5p IB4);
5 11 I.IB4 3;
5 5 nophys;
1 Bound 15000 0 19000 10000;
9 isrc;
C 0 T 15000 0;
(SymbolCall isrc);
5 10 25 1 54000 0 IB6_1;
5 10 0 0 54000 10000 IB6_0;
5 15 54000 4000 0 -1 @<name>[c];
5 2 pwl(0 0 5p IB6);
5 11 I.IB6 4;
5 5 nophys;
1 Bound 52000 0 56000 10000;
9 isrc;
C 0 T 52000 0;
(SymbolCall isrc);
5 10 38 1 -87000 -38000 IB2_1;
5 10 0 0 -87000 -28000 IB2_0;
5 15 -87000 -34000 0 -1 @<name>[c];
5 2 pwl(0 0 5p IB2);
5 11 I.IB2 5;
5 5 nophys;
1 Bound -89000 -38000 -85000 -28000;
9 isrc;
C 0 T -89000 -38000;
(SymbolCall jj);
5 10 44 2 -6000 28000 B9_2;
5 10 19 1 -5000 20000 B9-;
5 10 6 0 -5000 30000 B9+;
5 3 area=B9;
5 11 B.B9 0;
5 1 jjmit;
1 Bound -6500 20000 -3500 30000;
9 jj;
C 0 T -6000 20000;
(SymbolCall jj);
5 10 45 2 36000 6000 B10_2;
5 10 12 1 37000 -2000 B10-;
5 10 7 0 37000 8000 B10+;
5 3 area=B10;
5 1 jjmit;
5 11 B.B10 1;
1 Bound 35500 -2000 38500 8000;
9 jj;
C 0 T 36000 -2000;
(SymbolCall jj);
5 10 46 2 -53000 -1000 B3_2;
5 10 9 1 -45000 0 B3-;
5 10 8 0 -55000 0 B3+;
5 3 area=B3;
5 1 jjmit;
5 11 B.B3 2;
1 Bound -55000 -1500 -45000 1500;
( Rotate 90 );
9 jj;
C 0 R 0 1 T -45000 -1000;
(SymbolCall jj);
5 10 47 2 -98000 -2000 B1_2;
5 10 27 1 -97000 -10000 B1-;
5 10 10 0 -97000 0 B1+;
5 3 area=B1;
5 11 B.B1 3;
5 1 jjmit;
1 Bound -98500 -10000 -95500 0;
9 jj;
C 0 T -98000 -10000;
(SymbolCall jj);
5 10 48 2 -72000 -2000 B2_2;
5 10 29 1 -71000 -10000 B2-;
5 10 11 0 -71000 0 B2+;
5 3 area=B2;
5 1 jjmit;
5 11 B.B2 4;
1 Bound -72500 -10000 -69500 0;
9 jj;
C 0 T -72000 -10000;
(SymbolCall jj);
5 10 49 2 -7000 -11000 B7_2;
5 10 14 1 1000 -10000 B7-;
5 10 13 0 -9000 -10000 B7+;
5 3 area=B7;
5 1 jjmit;
5 11 B.B7 5;
1 Bound -9000 -11500 1000 -8500;
( Rotate 90 );
9 jj;
C 0 R 0 1 T 1000 -11000;
(SymbolCall jj);
5 10 50 2 16000 -12000 B8_2;
5 10 32 1 17000 -20000 B8-;
5 10 14 0 17000 -10000 B8+;
5 3 area=B8;
5 1 jjmit;
5 11 B.B8 6;
1 Bound 15500 -20000 18500 -10000;
9 jj;
C 0 T 16000 -20000;
(SymbolCall jj);
5 3 area=B11;
5 11 B.B11 7;
5 10 51 2 36000 -12000 B11_2;
5 10 34 1 37000 -20000 B11-;
5 10 12 0 37000 -10000 B11+;
5 1 jjmit;
1 Bound 35500 -20000 38500 -10000;
9 jj;
C 0 T 36000 -20000;
(SymbolCall jj);
5 3 area=B12;
5 11 B.B12 8;
5 10 52 2 53000 -12000 B12_2;
5 10 36 1 54000 -20000 B12-;
5 10 15 0 54000 -10000 B12+;
5 1 jjmit;
1 Bound 52500 -20000 55500 -10000;
9 jj;
C 0 T 53000 -20000;
(SymbolCall jj);
5 10 53 2 -53000 -49000 B6_2;
5 10 9 1 -45000 -48000 B6-;
5 10 16 0 -55000 -48000 B6+;
5 3 area=B6;
5 1 jjmit;
5 11 B.B6 9;
1 Bound -55000 -49500 -45000 -46500;
( Rotate 90 );
9 jj;
C 0 R 0 1 T -45000 -49000;
(SymbolCall jj);
5 10 54 2 -88000 -50000 B4_2;
5 10 40 1 -87000 -58000 B4-;
5 10 17 0 -87000 -48000 B4+;
5 3 area=B4;
5 1 jjmit;
5 11 B.B4 10;
1 Bound -88500 -58000 -85500 -48000;
9 jj;
C 0 T -88000 -58000;
(SymbolCall jj);
5 10 55 2 -72000 -50000 B5_2;
5 10 42 1 -71000 -58000 B5-;
5 10 18 0 -71000 -48000 B5+;
5 3 area=B5;
5 1 jjmit;
5 11 B.B5 11;
1 Bound -72500 -58000 -69500 -48000;
9 jj;
C 0 T -72000 -58000;
(SymbolCall res);
5 10 20 1 1000 20000 RB9-;
5 10 6 0 1000 30000 RB9+;
5 15 0 29000 0 -1 "<v>/<value>O";
5 1 RB9;
5 11 R.RB9 0;
1 Bound -250 20000 2000 30000;
9 res;
C 0 T 1000 30000;
(SymbolCall res);
5 10 12 1 43000 -2000 RB10-;
5 10 22 0 43000 8000 RB10+;
5 15 42000 7000 0 -1 "<v>/<value>O";
5 2 RB10;
5 11 R.RB10 1;
1 Bound 41750 -2000 44000 8000;
9 res;
C 0 T 43000 8000;
(SymbolCall res);
5 10 26 1 -45000 6000 RB3-;
5 10 8 0 -55000 6000 RB3+;
5 15 -54000 5000 1 0 "<v>/<value>O";
5 1 RB3;
5 11 R.RB3 2;
1 Bound -55000 4750 -45000 7000;
( Rotate 90 );
9 res;
C 0 R 0 1 T -55000 6000;
(SymbolCall res);
5 10 28 1 -91000 -10000 RB1-;
5 10 10 0 -91000 0 RB1+;
5 15 -92000 -1000 0 -1 "<v>/<value>O";
5 1 RB1;
5 11 R.RB1 3;
1 Bound -92250 -10000 -90000 0;
9 res;
C 0 T -91000 0;
(SymbolCall res);
5 10 30 1 -65000 -10000 RB2-;
5 10 11 0 -65000 0 RB2+;
5 15 -66000 -1000 0 -1 "<v>/<value>O";
5 1 RB2;
5 11 R.RB2 4;
1 Bound -66250 -10000 -64000 0;
9 res;
C 0 T -65000 0;
(SymbolCall res);
5 10 31 1 1000 -4000 RB7-;
5 10 13 0 -9000 -4000 RB7+;
5 15 -8000 -5000 1 0 "<v>/<value>O";
5 1 RB7;
5 11 R.RB7 5;
1 Bound -9000 -5250 1000 -3000;
( Rotate 90 );
9 res;
C 0 R 0 1 T -9000 -4000;
(SymbolCall res);
5 10 33 1 23000 -20000 RB8-;
5 10 14 0 23000 -10000 RB8+;
5 15 22000 -11000 0 -1 "<v>/<value>O";
5 1 RB8;
5 11 R.RB8 6;
1 Bound 21750 -20000 24000 -10000;
9 res;
C 0 T 23000 -10000;
(SymbolCall res);
5 1 RB11;
5 11 R.RB11 7;
5 10 35 1 43000 -20000 RB11-;
5 10 12 0 43000 -10000 RB11+;
5 15 42000 -11000 0 -1 "<v>/<value>O";
1 Bound 41750 -20000 44000 -10000;
9 res;
C 0 T 43000 -10000;
(SymbolCall res);
5 1 RB12;
5 11 R.RB12 8;
5 10 37 1 60000 -20000 RB12-;
5 10 15 0 60000 -10000 RB12+;
5 15 59000 -11000 0 -1 "<v>/<value>O";
1 Bound 58750 -20000 61000 -10000;
9 res;
C 0 T 60000 -10000;
(SymbolCall res);
5 10 39 1 -45000 -42000 RB6-;
5 10 16 0 -55000 -42000 RB6+;
5 15 -54000 -43000 1 0 "<v>/<value>O";
5 1 RB6;
5 11 R.RB6 9;
1 Bound -55000 -43250 -45000 -41000;
( Rotate 90 );
9 res;
C 0 R 0 1 T -55000 -42000;
(SymbolCall res);
5 10 41 1 -81000 -58000 RB4-;
5 10 17 0 -81000 -48000 RB4+;
5 15 -82000 -49000 0 -1 "<v>/<value>O";
5 1 RB4;
5 11 R.RB4 10;
1 Bound -82250 -58000 -80000 -48000;
9 res;
C 0 T -81000 -48000;
(SymbolCall res);
5 10 43 1 -65000 -58000 RB5-;
5 10 18 0 -65000 -48000 RB5+;
5 15 -66000 -49000 0 -1 "<v>/<value>O";
5 1 RB5;
5 11 R.RB5 11;
1 Bound -66250 -58000 -64000 -48000;
9 res;
C 0 T -65000 -48000;
L SCED;
5 10 5;
W2 0 -5000 43000 -5000 42000;
5 10 6;
W2 0 -5000 32000 -5000 30000 1000 30000;
5 10 3;
W2 0 -15000 30000 -107000 30000;
5 10 7;
W2 0 11000 30000 37000 30000 37000 18000 37000 10000;
5 10 7;
W2 0 37000 8000 37000 10000 37000 18000 43000 18000;
5 10 8;
W2 0 -55000 6000 -55000 0;
5 10 9;
W2 0 -45000 0 -35000 0 -35000 6000;
5 10 10;
W2 0 -97000 0 -91000 0 -81000 0;
5 10 11;
W2 0 -65000 0 -71000 0;
5 10 9;
W2 0 -35000 0 -35000 -10000 -35000 -42000 -35000 -48000 -45000 -48000;
5 10 12;
W2 0 43000 -2000 37000 -2000 37000 -10000 43000 -10000 44000 -10000;
5 10 13;
W2 0 -9000 -4000 -9000 -10000;
5 10 14;
W2 0 1000 -10000 11000 -10000 11000 -4000;
5 10 9;
W2 0 -19000 -10000 -35000 -10000;
5 10 14;
W2 0 11000 -10000 17000 -10000 23000 -10000 27000 -10000;
5 10 15;
W2 0 54000 -10000 60000 -10000;
5 10 16;
W2 0 -55000 -42000 -55000 -48000;
5 10 2;
W2 0 -97000 -48000 -107000 -48000;
5 10 17;
W2 0 -87000 -48000 -81000 -48000;
5 10 18;
W2 0 -65000 -48000 -71000 -48000;
L NAME;
5 16 I 0 11;
94 <<IB5>> -7250 51750 320 1575 1000;
5 16 L 0 11;
94 <<LB5>> -5250 40750 320 1875 1000;
5 16 L 1 11;
94 <<L9>> -14750 31750 0 1275 1000;
5 16 L 2 11;
94 <<L10>> 1250 31750 0 1650 1000;
5 16 B 0 11;
94 <<B9>> -6750 28750 320 1275 1000;
5 16 R 0 11;
94 <<RB9>> -500 28750 320 1875 1000;
5 16 I 1 11;
94 <<IB1>> -99250 18750 320 1350 1000;
5 16 L 3 11;
94 <<LP9>> -5250 18750 320 1875 1000;
5 16 L 4 11;
94 <<LRB9>> 750 18750 320 2475 1000;
5 16 L 5 11;
94 <<LRB10>> 42750 16750 320 2850 1000;
5 16 L 6 11;
94 <<LB1>> -97250 8750 320 1650 1000;
5 16 L 7 11;
94 <<LRB3>> -44750 7750 0 2475 1000;
5 16 I 2 11;
94 <<IB3>> -21250 8750 320 1575 1000;
5 16 I 3 11;
94 <<IB4>> 14750 8750 320 1575 1000;
5 16 I 4 11;
94 <<IB6>> 51750 8750 320 1575 1000;
5 16 R 2 11;
94 <<RB3>> -54750 7250 0 1875 1000;
5 16 B 1 11;
94 <<B10>> 35250 6750 320 1650 1000;
5 16 R 1 11;
94 <<RB10>> 40750 6750 320 2250 1000;
5 16 L 8 11;
94 <<L1>> -106750 1750 0 1050 1000;
5 16 L 9 11;
94 <<L2>> -80750 1750 0 1275 1000;
5 16 L 10 11;
94 <<L3>> -64750 1750 0 1275 1000;
5 16 B 2 11;
94 <<B3>> -54750 1750 0 1275 1000;
5 16 B 3 11;
94 <<B1>> -98750 -1250 320 1050 1000;
5 16 R 3 11;
94 <<RB1>> -92500 -1250 320 1650 1000;
5 16 B 4 11;
94 <<B2>> -72750 -1250 320 1275 1000;
5 16 R 4 11;
94 <<RB2>> -66500 -1250 320 1875 1000;
5 16 L 11 11;
94 <<LB3>> -19250 -1250 320 1875 1000;
5 16 L 14 11;
94 <<LRB7>> 1250 -2250 0 2475 1000;
5 16 L 12 11;
94 <<LB4>> 16750 -1250 320 1875 1000;
5 16 L 13 11;
94 <<LB6>> 53750 -1250 320 1875 1000;
5 16 R 5 11;
94 <<RB7>> -8750 -2750 0 1875 1000;
5 16 L 15 11;
94 <<L7>> -18750 -8250 0 1275 1000;
5 16 B 5 11;
94 <<B7>> -8750 -8250 0 1275 1000;
5 16 L 16 11;
94 <<L8>> 27250 -8250 0 1275 1000;
5 16 L 17 11;
94 <<L11>> 44250 -8250 0 1425 1000;
5 16 L 18 11;
94 <<L12>> 60250 -8250 0 1650 1000;
5 16 L 19 11;
94 <<LP1>> -97250 -11250 320 1650 1000;
5 16 L 20 11;
94 <<LRB1>> -91250 -11250 320 2250 1000;
5 16 L 21 11;
94 <<LP2>> -71250 -11250 320 1875 1000;
5 16 L 22 11;
94 <<LRB2>> -65250 -11250 320 2475 1000;
5 16 B 6 11;
94 <<B8>> 15250 -11250 320 1275 1000;
5 16 R 6 11;
94 <<RB8>> 21500 -11250 320 1875 1000;
5 16 B 7 11;
94 <<B11>> 35250 -11250 320 1425 1000;
5 16 R 7 11;
94 <<RB11>> 41500 -11250 320 2025 1000;
5 16 B 8 11;
94 <<B12>> 52250 -11250 320 1650 1000;
5 16 R 8 11;
94 <<RB12>> 58500 -11250 320 2250 1000;
5 16 L 23 11;
94 <<LP8>> 16750 -21250 320 1875 1000;
5 16 L 24 11;
94 <<LRB8>> 22750 -21250 320 2475 1000;
5 16 L 25 11;
94 <<LP11>> 36750 -21250 320 2025 1000;
5 16 L 26 11;
94 <<LRB11>> 42750 -21250 320 2625 1000;
5 16 L 27 11;
94 <<LP12>> 53750 -21250 320 2250 1000;
5 16 L 28 11;
94 <<LRB12>> 59750 -21250 320 2850 1000;
5 16 I 5 11;
94 <<IB2>> -89250 -29250 320 1575 1000;
5 16 L 29 11;
94 <<LB2>> -87250 -39250 320 1875 1000;
5 16 L 30 11;
94 <<LRB6>> -44750 -40250 0 2475 1000;
5 16 R 9 11;
94 <<RB6>> -54750 -40750 0 1875 1000;
5 16 L 31 11;
94 <<L4>> -96750 -46250 0 1275 1000;
5 16 L 33 11;
94 <<L6>> -64750 -46250 0 1275 1000;
5 16 B 9 11;
94 <<B6>> -54750 -46250 0 1275 1000;
5 16 L 32 11;
94 <<L5>> -80750 -50000 0 1275 1000;
5 16 B 10 11;
94 <<B4>> -88750 -49250 320 1275 1000;
5 16 R 10 11;
94 <<RB4>> -82500 -49250 320 1875 1000;
5 16 B 11 11;
94 <<B5>> -72750 -49250 320 1275 1000;
5 16 R 11 11;
94 <<RB5>> -66500 -49250 320 1875 1000;
5 16 L 34 11;
94 <<LP4>> -87250 -59250 320 1875 1000;
5 16 L 35 11;
94 <<LRB4>> -81250 -59250 320 2475 1000;
5 16 L 36 11;
94 <<LP5>> -71250 -59250 320 1875 1000;
5 16 L 37 11;
94 <<LRB5>> -65250 -59250 320 2475 1000;
L MODL;
5 16 B 0 1;
94 <<jjmit>> -3250 29750 256 2550 1000;
5 16 R 0 1;
94 <<RB9>> 2250 29750 256 1875 1000;
5 16 L 5 1;
94 <<LRB10>> 44750 17750 256 2850 1000;
5 16 B 1 1;
94 <<jjmit>> 39500 7750 256 2550 1000;
5 16 R 2 1;
94 <<RB3>> -45250 4500 320 1875 1000;
5 16 B 3 1;
94 <<jjmit>> -95250 -250 256 2550 1000;
5 16 R 3 1;
94 <<RB1>> -89750 -250 256 1650 1000;
5 16 B 4 1;
94 <<jjmit>> -69250 -250 256 2550 1000;
5 16 R 4 1;
94 <<RB2>> -63750 -250 256 1875 1000;
5 16 B 2 1;
94 <<jjmit>> -45250 -1750 320 2550 1000;
5 16 R 5 1;
94 <<RB7>> 750 -5500 320 1875 1000;
5 16 B 6 1;
94 <<jjmit>> 18750 -10250 256 2550 1000;
5 16 R 6 1;
94 <<RB8>> 24250 -10250 256 1875 1000;
5 16 B 7 1;
94 <<jjmit>> 38750 -10250 256 2550 1000;
5 16 R 7 1;
94 <<RB11>> 44250 -10250 256 2025 1000;
5 16 B 8 1;
94 <<jjmit>> 55750 -10250 256 2550 1000;
5 16 R 8 1;
94 <<RB12>> 61250 -10250 256 2250 1000;
5 16 B 5 1;
94 <<jjmit>> 750 -11750 320 2550 1000;
5 16 R 9 1;
94 <<RB6>> -45250 -43500 320 1875 1000;
5 16 B 10 1;
94 <<jjmit>> -85250 -48250 256 2550 1000;
5 16 R 10 1;
94 <<RB4>> -79750 -48250 256 1875 1000;
5 16 B 11 1;
94 <<jjmit>> -69250 -48250 256 2550 1000;
5 16 R 11 1;
94 <<RB5>> -63750 -48250 256 1875 1000;
5 16 B 9 1;
94 <<jjmit>> -45250 -49750 320 2550 1000;
L VALU;
5 16 I 0 2;
94 <<pwl(0 0 5p IB5)>> -2750 52750 33024 7875 1000;
5 16 L 0 2;
94 <<LB5>> -3250 41750 33024 1875 1000;
5 16 L 1 2;
94 <<L9>> -5250 29750 33088 1275 1000;
5 16 L 2 2;
94 <<L10>> 10750 29750 33088 1650 1000;
5 16 I 1 2;
94 <<pwl(0 0 5p IB1)>> -94750 19750 33024 7650 1000;
5 16 L 3 2;
94 <<LP9>> -3250 19750 33024 1875 1000;
5 16 L 4 2;
94 <<LRB9>> 2750 19750 33024 2475 1000;
5 16 L 6 2;
94 <<LB1>> -95250 9750 33024 1650 1000;
5 16 I 2 2;
94 <<pwl(0 0 5p IB3)>> -16750 9750 33024 7875 1000;
5 16 I 3 2;
94 <<pwl(0 0 5p IB4)>> 19250 9750 33024 7875 1000;
5 16 I 4 2;
94 <<pwl(0 0 5p IB6)>> 56250 9750 33024 7875 1000;
5 16 R 1 2;
94 <<RB10>> 44250 7750 33024 2250 1000;
5 16 L 7 2;
94 <<LRB3>> -35250 5750 33088 2475 1000;
5 16 L 8 2;
94 <<L1>> -97250 -250 33088 1050 1000;
5 16 L 9 2;
94 <<L2>> -71250 -250 33088 1275 1000;
5 16 L 10 2;
94 <<L3>> -55250 -250 33088 1275 1000;
5 16 L 11 2;
94 <<LB3>> -17250 -250 33024 1875 1000;
5 16 L 12 2;
94 <<LB4>> 18750 -250 33024 1875 1000;
5 16 L 13 2;
94 <<LB6>> 55750 -250 33024 1875 1000;
5 16 L 14 2;
94 <<LRB7>> 10750 -4250 33088 2475 1000;
5 16 L 19 2;
94 <<LP1>> -95250 -10250 33024 1650 1000;
5 16 L 21 2;
94 <<LP2>> -69250 -10250 33024 1875 1000;
5 16 L 22 2;
94 <<LRB2>> -63250 -10250 33024 2475 1000;
5 16 L 15 2;
94 <<L7>> -9250 -10250 33088 1275 1000;
5 16 L 16 2;
94 <<L8>> 36750 -10250 33088 1275 1000;
5 16 L 17 2;
94 <<L11>> 53750 -10250 33088 1425 1000;
5 16 L 18 2;
94 <<L12>> 69750 -10250 33088 1650 1000;
5 16 L 23 2;
94 <<LP8>> 18750 -20250 33024 1875 1000;
5 16 L 24 2;
94 <<LRB8>> 24750 -20250 33024 2475 1000;
5 16 L 25 2;
94 <<LP11>> 38750 -20250 33024 2025 1000;
5 16 L 26 2;
94 <<LRB11>> 44750 -20250 33024 2625 1000;
5 16 L 27 2;
94 <<LP12>> 55750 -20250 33024 2250 1000;
5 16 L 28 2;
94 <<LRB12>> 61750 -20250 33024 2850 1000;
5 16 L 20 2;
94 <<LRB1>> -95250 -21000 33024 2250 1000;
5 16 I 5 2;
94 <<pwl(0 0 5p IB2)>> -84750 -28250 33024 7875 1000;
5 16 L 29 2;
94 <<LB2>> -85250 -38250 33024 1875 1000;
5 16 L 30 2;
94 <<LRB6>> -35250 -42250 33088 2475 1000;
5 16 L 31 2;
94 <<L4>> -87250 -48250 33088 1275 1000;
5 16 L 33 2;
94 <<L6>> -55250 -48250 33088 1275 1000;
5 16 L 32 2;
94 <<L5>> -71250 -49000 33088 1275 1000;
5 16 L 34 2;
94 <<LP4>> -85250 -58250 33024 1875 1000;
5 16 L 35 2;
94 <<LRB4>> -79250 -58250 33024 2475 1000;
5 16 L 36 2;
94 <<LP5>> -69250 -58250 33024 1875 1000;
5 16 L 37 2;
94 <<LRB5>> -63250 -58250 33024 2475 1000;
L PARM;
5 16 B 0 3;
94 <<area=B9>> -3250 20250 32768 4200 1000;
5 16 B 1 3;
94 <<area=B10>> 39500 -1750 32768 4575 1000;
5 16 B 2 3;
94 <<area=B3>> -54750 -2750 33024 4200 1000;
5 16 B 3 3;
94 <<area=B1>> -95250 -9750 32768 3975 1000;
5 16 B 4 3;
94 <<area=B2>> -69250 -9750 32768 4200 1000;
5 16 B 5 3;
94 <<area=B7>> -8750 -12750 33024 4200 1000;
5 16 B 6 3;
94 <<area=B8>> 18750 -19750 32768 4200 1000;
5 16 B 7 3;
94 <<area=B11>> 38750 -19750 32768 4350 1000;
5 16 B 8 3;
94 <<area=B12>> 55750 -19750 32768 4575 1000;
5 16 B 9 3;
94 <<area=B6>> -54750 -50750 33024 4200 1000;
5 16 B 10 3;
94 <<area=B4>> -85250 -57750 32768 4200 1000;
5 16 B 11 3;
94 <<area=B5>> -69250 -57750 32768 4200 1000;
DF;
E
* Generated by Xic from cell LSmitll_OR2_v1p6
.tran 0.5p 200p 0 0.25p UIC
B1 10 27 47 jjmit area=B1
B2 11 29 48 jjmit area=B2
B3 8 9 46 jjmit area=B3
B4 17 40 54 jjmit area=B4
B5 18 42 55 jjmit area=B5
B6 16 9 53 jjmit area=B6
B7 13 14 49 jjmit area=B7
B8 14 32 50 jjmit area=B8
B9 6 19 44 jjmit area=B9
B10 7 12 45 jjmit area=B10
B11 12 34 51 jjmit area=B11
B12 15 36 52 jjmit area=B12
IB1 0 21 pwl(0 0 5p IB1)
IB2 0 38 pwl(0 0 5p IB2)
IB3 0 23 pwl(0 0 5p IB3)
IB4 0 24 pwl(0 0 5p IB4)
IB5 0 5 pwl(0 0 5p IB5)
IB6 0 25 pwl(0 0 5p IB6)
L1 A 10 L1
L2 10 11 L2
L3 11 8 L3
L4 B 17 L4
L5 17 18 L5
L6 18 16 L6
L7 9 13 L7
L8 14 12 L8
L9 CLK 6 L9
L10 6 7 L10
L11 12 15 L11
L12 15 Q L12
LB1 21 10 LB1
LB2 38 17 LB2
LB3 23 9 LB3
LB4 24 14 LB4
LB5 5 6 LB5
LB6 25 15 LB6
LP1 27 0 LP1
LP2 29 0 LP2
LP4 40 0 LP4
LP5 42 0 LP5
LP8 32 0 LP8
LP9 19 0 LP9
LP11 34 0 LP11
LP12 36 0 LP12
LRB1 28 0 LRB1
LRB2 30 0 LRB2
LRB3 26 9 LRB3
LRB4 41 0 LRB4
LRB5 43 0 LRB5
LRB6 39 9 LRB6
LRB7 31 14 LRB7
LRB8 33 0 LRB8
LRB9 20 0 LRB9
LRB10 7 22 LRB10
LRB11 35 0 LRB11
LRB12 37 0 LRB12
RB1 10 28 RB1
RB2 11 30 RB2
RB3 8 26 RB3
RB4 17 41 RB4
RB5 18 43 RB5
RB6 16 39 RB6
RB7 13 31 RB7
RB8 14 33 RB8
RB9 6 20 RB9
RB10 22 12 RB10
RB11 12 35 RB11
RB12 15 37 RB12
.model jjmit jj(rtype=1, vg=2.8mV, cap=0.07pF, r0=160, rn=16, icrit=0.1mA)


* Nb 30 A/cm2
.save @IB1[c]
.save @IB4[c]
.save @IB2[c]
.save @IB5[c]
.save @IB3[c]
.save @IB6[c]
