(Symbol LSmitll_ptltx_v2p1_schematic);
($Id:$);
(PHYSICAL);
(RESOLUTION 1000);
9 LSmitll_ptltx_v2p1_schematic;
DS 0 1 1;
DF;
E
(ELECTRICAL);
(RESOLUTION 1000);
5 7101 tran 0.5p 200p 0 0.25p UIC;
5 10 1 0 -37000:-40000 6000:6000 0x0 A;
5 10 2 1 15000:21000 6000:6000 0x0 Q;
5 11 X 0 subckt;
9 LSmitll_ptltx_v2p1_schematic;
DS 0 1 1;
(SymbolCall gnd);
5 10 0 0 -27000 26000;
1 Bound -27000 25000 -24400 27000;
( Rotate 90 );
9 gnd;
C 0 R 0 1 T -26000 25000;
(SymbolCall gnd);
5 10 0 0 -11000 26000;
1 Bound -11000 25000 -8400 27000;
( Rotate 90 );
9 gnd;
C 0 R 0 1 T -10000 25000;
(SymbolCall gnd);
5 10 0 0 -27000 -14000;
1 Bound -28000 -16600 -26000 -14000;
9 gnd;
C 0 T -28000 -15000;
(SymbolCall gnd);
5 10 0 0 -21000 -14000;
1 Bound -22000 -16600 -20000 -14000;
9 gnd;
C 0 T -22000 -15000;
(SymbolCall gnd);
5 10 0 0 -11000 -14000;
1 Bound -12000 -16600 -10000 -14000;
9 gnd;
C 0 T -12000 -15000;
(SymbolCall gnd);
5 10 0 0 -5000 -14000;
1 Bound -6000 -16600 -4000 -14000;
9 gnd;
C 0 T -6000 -15000;
(SymbolCall ind);
5 2 LB1;
5 11 L.LB1 0;
5 10 3 1 -27000 6000 LB1-;
5 10 5 0 -27000 16000 LB1+;
5 15 -26000 15000 0 -1;
1 Bound -27000 6000 -25500 16000;
9 ind;
C 0 T -28000 6000;
(SymbolCall ind);
5 2 LB2;
5 11 L.LB2 1;
5 10 4 1 -11000 6000 LB2-;
5 10 6 0 -11000 16000 LB2+;
5 15 -10000 15000 0 -1;
1 Bound -11000 6000 -9500 16000;
9 ind;
C 0 T -12000 6000;
(SymbolCall ind);
5 2 L1;
5 11 L.L1 2;
5 10 3 1 -27000 6000 L1-;
5 10 1 0 -37000 6000 L1+;
5 15 -36000 7000 1 0;
1 Bound -37000 6000 -27000 7500;
( Rotate 90 );
9 ind;
C 0 R 0 1 T -27000 5000;
(SymbolCall ind);
5 2 L2;
5 11 L.L2 3;
5 10 4 1 -11000 6000 L2-;
5 10 3 0 -21000 6000 L2+;
5 15 -20000 7000 1 0;
1 Bound -21000 6000 -11000 7500;
( Rotate 90 );
9 ind;
C 0 R 0 1 T -11000 5000;
(SymbolCall ind);
5 2 L3;
5 11 L.L3 4;
5 10 7 1 5000 6000 L3-;
5 10 4 0 -5000 6000 L3+;
5 15 -4000 7000 1 0;
1 Bound -5000 6000 5000 7500;
( Rotate 90 );
9 ind;
C 0 R 0 1 T 5000 5000;
(SymbolCall ind);
5 2 LP1;
5 11 L.LP1 5;
5 10 0 1 -27000 -14000 LP1-;
5 10 8 0 -27000 -4000 LP1+;
5 15 -26000 -5000 0 -1;
1 Bound -27000 -14000 -25500 -4000;
9 ind;
C 0 T -28000 -14000;
(SymbolCall ind);
5 2 LRB1;
5 11 L.LRB1 6;
5 10 0 1 -21000 -14000 LRB1-;
5 10 9 0 -21000 -4000 LRB1+;
5 15 -20000 -5000 0 -1;
1 Bound -21000 -14000 -19500 -4000;
9 ind;
C 0 T -22000 -14000;
(SymbolCall ind);
5 2 LP2;
5 11 L.LP2 7;
5 10 0 1 -11000 -14000 LP2-;
5 10 10 0 -11000 -4000 LP2+;
5 15 -10000 -5000 0 -1;
1 Bound -11000 -14000 -9500 -4000;
9 ind;
C 0 T -12000 -14000;
(SymbolCall ind);
5 2 LRB2;
5 11 L.LRB2 8;
5 10 0 1 -5000 -14000 LRB2-;
5 10 11 0 -5000 -4000 LRB2+;
5 15 -4000 -5000 0 -1;
1 Bound -5000 -14000 -3500 -4000;
9 ind;
C 0 T -6000 -14000;
(SymbolCall isrc);
5 2 pwl(0 0 5p IB1);
5 11 I.IB1 0;
5 10 5 1 -27000 16000 IB1_1;
5 10 0 0 -27000 26000 IB1_0;
5 15 -27000 20000 0 -1 @<name>[c];
5 5 nophys;
1 Bound -29000 16000 -25000 26000;
9 isrc;
C 0 T -29000 16000;
(SymbolCall isrc);
5 2 pwl(0 0 5p IB2);
5 11 I.IB2 1;
5 10 6 1 -11000 16000 IB2_1;
5 10 0 0 -11000 26000 IB2_0;
5 15 -11000 20000 0 -1 @<name>[c];
5 5 nophys;
1 Bound -13000 16000 -9000 26000;
9 isrc;
C 0 T -13000 16000;
(SymbolCall jj);
5 3 area=B1;
5 11 B.B1 0;
5 10 12 2 -28000 4000 B1_2;
5 10 8 1 -27000 -4000 B1-;
5 10 3 0 -27000 6000 B1+;
5 1 jjmit;
1 Bound -28500 -4000 -25500 6000;
9 jj;
C 0 T -28000 -4000;
(SymbolCall jj);
5 3 area=B2;
5 11 B.B2 1;
5 10 13 2 -12000 4000 B2_2;
5 10 10 1 -11000 -4000 B2-;
5 10 4 0 -11000 6000 B2+;
5 1 jjmit;
1 Bound -12500 -4000 -9500 6000;
9 jj;
C 0 T -12000 -4000;
(SymbolCall res);
5 2 RD;
5 11 R.RD 0;
5 10 2 1 15000 6000 RD-;
5 10 7 0 5000 6000 RD+;
5 15 6000 5000 1 0 "<v>/<value>O";
1 Bound 5000 4750 15000 7000;
( Rotate 90 );
9 res;
C 0 R 0 1 T 5000 6000;
(SymbolCall res);
5 2 RB1;
5 11 R.RB1 1;
5 10 9 1 -21000 -4000 RB1-;
5 10 3 0 -21000 6000 RB1+;
5 15 -22000 5000 0 -1 "<v>/<value>O";
1 Bound -22250 -4000 -20000 6000;
9 res;
C 0 T -21000 6000;
(SymbolCall res);
5 2 RB2;
5 11 R.RB2 2;
5 10 11 1 -5000 -4000 RB2-;
5 10 4 0 -5000 6000 RB2+;
5 15 -6000 5000 0 -1 "<v>/<value>O";
1 Bound -6250 -4000 -4000 6000;
9 res;
C 0 T -5000 6000;
L SCED;
5 10 3;
W2 0 -27000 6000 -21000 6000;
5 10 4;
W2 0 -11000 6000 -5000 6000;
L NAME;
5 16 I 0 11;
94 <<IB1>> -29250 24750 320 1350 1000;
5 16 I 1 11;
94 <<IB2>> -13250 24750 320 1575 1000;
5 16 L 0 11;
94 <<LB1>> -27250 14750 320 1650 1000;
5 16 L 1 11;
94 <<LB2>> -11250 14750 320 1875 1000;
5 16 L 2 11;
94 <<L1>> -36750 7750 0 1050 1000;
5 16 L 3 11;
94 <<L2>> -20750 7750 0 1275 1000;
5 16 L 4 11;
94 <<L3>> -4750 7750 0 1275 1000;
5 16 R 0 11;
94 <<RD>> 5250 7250 0 1275 1000;
5 16 B 0 11;
94 <<B1>> -28750 4750 320 1050 1000;
5 16 R 1 11;
94 <<RB1>> -22500 4750 320 1650 1000;
5 16 B 1 11;
94 <<B2>> -12750 4750 320 1275 1000;
5 16 R 2 11;
94 <<RB2>> -6500 4750 320 1875 1000;
5 16 L 5 11;
94 <<LP1>> -27250 -5250 320 1650 1000;
5 16 L 6 11;
94 <<LRB1>> -21250 -5250 320 2250 1000;
5 16 L 7 11;
94 <<LP2>> -11250 -5250 320 1875 1000;
5 16 L 8 11;
94 <<LRB2>> -5250 -5250 320 2475 1000;
L MODL;
5 16 B 0 1;
94 <<jjmit>> -25250 5750 256 2550 1000;
5 16 B 1 1;
94 <<jjmit>> -9250 5750 256 2550 1000;
L VALU;
5 16 I 0 2;
94 <<pwl(0 0 5p IB1)>> -24750 25750 33024 7650 1000;
5 16 I 1 2;
94 <<pwl(0 0 5p IB2)>> -8750 25750 33024 7875 1000;
5 16 L 0 2;
94 <<LB1>> -25250 15750 33024 1650 1000;
5 16 L 1 2;
94 <<LB2>> -9250 15750 33024 1875 1000;
5 16 L 2 2;
94 <<L1>> -27250 5750 33088 1050 1000;
5 16 R 1 2;
94 <<RB1>> -19750 5750 33024 1650 1000;
5 16 L 3 2;
94 <<L2>> -11250 5750 33088 1275 1000;
5 16 R 2 2;
94 <<RB2>> -3750 5750 33024 1875 1000;
5 16 L 4 2;
94 <<L3>> 4750 5750 33088 1275 1000;
5 16 R 0 2;
94 <<RD>> 14750 4500 33088 1275 1000;
5 16 L 5 2;
94 <<LP1>> -25250 -4250 33024 1650 1000;
5 16 L 6 2;
94 <<LRB1>> -19250 -4250 33024 2250 1000;
5 16 L 7 2;
94 <<LP2>> -9250 -4250 33024 1875 1000;
5 16 L 8 2;
94 <<LRB2>> -3250 -4250 33024 2475 1000;
L PARM;
5 16 B 0 3;
94 <<area=B1>> -25250 -3750 32768 3975 1000;
5 16 B 1 3;
94 <<area=B2>> -9250 -3750 32768 4200 1000;
DF;
E
* Generated by Xic from cell LSmitll_ptltx_v2p1_schematic
.tran 0.5p 200p 0 0.25p UIC
B1 3 8 12 jjmit area=B1
B2 4 10 13 jjmit area=B2
IB1 0 5 pwl(0 0 5p IB1)
IB2 0 6 pwl(0 0 5p IB2)
L1 A 3 L1
L2 3 4 L2
L3 4 7 L3
LB1 5 3 LB1
LB2 6 4 LB2
LP1 8 0 LP1
LP2 10 0 LP2
LRB1 9 0 LRB1
LRB2 11 0 LRB2
RB1 3 9 RB1
RB2 4 11 RB2
RD 7 Q RD
.model jjmit jj(rtype=1, vg=2.8mV, cap=0.07pF, r0=160, rn=16, icrit=0.1mA)


* Nb 30 A/cm2
.save @IB1[c]
.save @IB2[c]
