(Symbol MITLL_OR2T);
($Id:$);
(xic.exe 4.3.5 Win32 i386 07/30/2018 07:06 GMT);
(PHYSICAL);
(RESOLUTION 1000);
( CREATED 7/30/2018 7:6:10, MODIFIED 7/30/2018 7:6:10 );
5 7100 grid 25 1;
9 MITLL_OR2T;
DS 0 1 1;
DF;
E
(ELECTRICAL);
(RESOLUTION 1000);
5 7101 tran 0.25p 600p 0 0.25p UIC;
5 10 1 0 -107000 30000 0x0 IN_CLK;
5 10 2 1 -107000:-107000 0:14000 0x0 IN_1;
5 10 3 2 -107000:-107000 -26000:-33000 0x0 IN_2;
5 10 4 3 132000 -10000 0x0 OUT;
5 11 X 0 subckt;
9 MITLL_OR2T;
DS 0 1 1;
(SymbolCall gnd);
5 10 0 0 26000 23000;
1 Bound 25000 20400 27000 23000;
9 gnd;
C 0 T 25000 22000;
(SymbolCall gnd);
5 10 0 0 32000 23000;
1 Bound 31000 20400 33000 23000;
9 gnd;
C 0 T 31000 22000;
(SymbolCall gnd);
5 10 0 0 -81000 20000;
1 Bound -81000 19000 -78400 21000;
( Rotate 90 );
9 gnd;
C 0 R 0 1 T -80000 19000;
(SymbolCall gnd);
5 10 0 0 -19000 10000;
1 Bound -19000 9000 -16400 11000;
( Rotate 90 );
9 gnd;
C 0 R 0 1 T -18000 9000;
(SymbolCall gnd);
5 10 0 0 11000 10000;
1 Bound 8400 9000 11000 11000;
( Rotate 270 );
9 gnd;
C 0 R 0 -1 T 10000 11000;
(SymbolCall gnd);
5 10 0 0 27000 10000;
1 Bound 27000 9000 29600 11000;
( Rotate 90 );
9 gnd;
C 0 R 0 1 T 28000 9000;
(SymbolCall gnd);
5 10 0 0 70000 10000;
1 Bound 70000 9000 72600 11000;
( Rotate 90 );
9 gnd;
C 0 R 0 1 T 71000 9000;
(SymbolCall gnd);
5 10 0 0 96000 10000;
1 Bound 96000 9000 98600 11000;
( Rotate 90 );
9 gnd;
C 0 R 0 1 T 97000 9000;
(SymbolCall gnd);
5 10 0 0 -5000 10000;
1 Bound -6000 7400 -4000 10000;
9 gnd;
C 0 T -6000 9000;
(SymbolCall gnd);
5 10 0 0 1000 10000;
1 Bound 0 7400 2000 10000;
9 gnd;
C 0 T 0 9000;
(SymbolCall gnd);
5 10 0 0 -81000 -6000;
1 Bound -81000 -7000 -78400 -5000;
( Rotate 90 );
9 gnd;
C 0 R 0 1 T -80000 -7000;
(SymbolCall gnd);
5 10 0 0 -97000 -20000;
1 Bound -98000 -22600 -96000 -20000;
9 gnd;
C 0 T -98000 -21000;
(SymbolCall gnd);
5 10 0 0 -91000 -20000;
1 Bound -92000 -22600 -90000 -20000;
9 gnd;
C 0 T -92000 -21000;
(SymbolCall gnd);
5 10 0 0 -71000 -20000;
1 Bound -72000 -22600 -70000 -20000;
9 gnd;
C 0 T -72000 -21000;
(SymbolCall gnd);
5 10 0 0 -65000 -20000;
1 Bound -66000 -22600 -64000 -20000;
9 gnd;
C 0 T -66000 -21000;
(SymbolCall gnd);
5 10 0 0 11000 -30000;
1 Bound 10000 -32600 12000 -30000;
9 gnd;
C 0 T 10000 -31000;
(SymbolCall gnd);
5 10 0 0 17000 -30000;
1 Bound 16000 -32600 18000 -30000;
9 gnd;
C 0 T 16000 -31000;
(SymbolCall gnd);
5 10 0 0 54000 -30000;
1 Bound 53000 -32600 55000 -30000;
9 gnd;
C 0 T 53000 -31000;
(SymbolCall gnd);
5 10 0 0 60000 -30000;
1 Bound 59000 -32600 61000 -30000;
9 gnd;
C 0 T 59000 -31000;
(SymbolCall gnd);
5 10 0 0 80000 -30000;
1 Bound 79000 -32600 81000 -30000;
9 gnd;
C 0 T 79000 -31000;
(SymbolCall gnd);
5 10 0 0 86000 -30000;
1 Bound 85000 -32600 87000 -30000;
9 gnd;
C 0 T 85000 -31000;
(SymbolCall gnd);
5 10 0 0 106000 -30000;
1 Bound 105000 -32600 107000 -30000;
9 gnd;
C 0 T 105000 -31000;
(SymbolCall gnd);
5 10 0 0 112000 -30000;
1 Bound 111000 -32600 113000 -30000;
9 gnd;
C 0 T 111000 -31000;
(SymbolCall gnd);
5 10 0 0 -97000 -46000;
1 Bound -98000 -48600 -96000 -46000;
9 gnd;
C 0 T -98000 -47000;
(SymbolCall gnd);
5 10 0 0 -91000 -46000;
1 Bound -92000 -48600 -90000 -46000;
9 gnd;
C 0 T -92000 -47000;
(SymbolCall gnd);
5 10 0 0 -71000 -46000;
1 Bound -72000 -48600 -70000 -46000;
9 gnd;
C 0 T -72000 -47000;
(SymbolCall gnd);
5 10 0 0 -65000 -46000;
1 Bound -66000 -48600 -64000 -46000;
9 gnd;
C 0 T -66000 -47000;
(SymbolCall ind);
5 2 3.4e-13;
5 10 0 1 26000 23000 LP02RX3-;
5 10 20 0 26000 33000 LP02RX3+;
5 15 27000 32000 0 -1;
5 11 L.LP02rx3 0;
1 Bound 26000 23000 27500 33000;
9 ind;
C 0 T 25000 23000;
(SymbolCall ind);
5 2 LRB02rx3;
5 10 0 1 32000 23000 LRB02RX3-;
5 10 21 0 32000 33000 LRB02RX3+;
5 15 33000 32000 0 -1;
5 11 L.LRB02rx3 1;
1 Bound 32000 23000 33500 33000;
9 ind;
C 0 T 31000 23000;
(SymbolCall ind);
5 2 L01rx3;
5 10 6 1 -5000 30000 L01RX3-;
5 10 1 0 -15000 30000 L01RX3+;
5 15 -14000 31000 1 0;
5 11 L.L01rx3 2;
1 Bound -15000 30000 -5000 31500;
( Rotate 90 );
9 ind;
C 0 R 0 1 T -5000 29000;
(SymbolCall ind);
5 2 L02rx3;
5 10 22 1 11000 30000 L02RX3-;
5 10 6 0 1000 30000 L02RX3+;
5 15 2000 31000 1 0;
5 11 L.L02rx3 3;
1 Bound 1000 30000 11000 31500;
( Rotate 90 );
9 ind;
C 0 R 0 1 T 11000 29000;
(SymbolCall ind);
5 2 L03rx3;
5 10 5 1 21000 30000 L03RX3-;
5 10 22 0 11000 30000 L03RX3+;
5 15 12000 31000 1 0;
5 11 L.L03rx3 4;
1 Bound 11000 30000 21000 31500;
( Rotate 90 );
9 ind;
C 0 R 0 1 T 21000 29000;
(SymbolCall ind);
5 2 2e-13;
5 10 25 1 11000 20000 LPR01RX3-;
5 10 22 0 11000 30000 LPR01RX3+;
5 15 12000 29000 0 -1;
5 11 L.LPR01rx3 5;
1 Bound 11000 20000 12500 30000;
9 ind;
C 0 T 10000 20000;
(SymbolCall ind);
5 2 3.4e-13;
5 10 0 1 -5000 10000 LP01RX3-;
5 10 23 0 -5000 20000 LP01RX3+;
5 15 -4000 19000 0 -1;
5 11 L.LP01rx3 6;
1 Bound -5000 10000 -3500 20000;
9 ind;
C 0 T -6000 10000;
(SymbolCall ind);
5 2 LRB01rx3;
5 10 0 1 1000 10000 LRB01RX3-;
5 10 24 0 1000 20000 LRB01RX3+;
5 15 2000 19000 0 -1;
5 11 L.LRB01rx3 7;
1 Bound 1000 10000 2500 20000;
9 ind;
C 0 T 0 10000;
(SymbolCall ind);
5 2 0.2p;
5 10 27 1 -81000 0 LPR01RX1-;
5 10 26 0 -81000 10000 LPR01RX1+;
5 15 -80000 9000 0 -1;
5 11 L.LPR01rx1 8;
1 Bound -81000 0 -79500 10000;
9 ind;
C 0 T -82000 0;
(SymbolCall ind);
5 1 RB03rx3;
5 10 30 1 43000 0 RB03RX3-;
5 10 5 0 43000 10000 RB03RX3+;
5 15 44000 9000 0 -1;
5 11 L.RB03rx3 9;
1 Bound 43000 0 44500 10000;
9 ind;
C 0 T 42000 0;
(SymbolCall ind);
5 2 LRB02;
5 10 8 1 -35000 6000 LRB02-;
5 10 33 0 -45000 6000 LRB02+;
5 15 -44000 7000 1 0;
5 11 L.LRB02 10;
1 Bound -45000 6000 -35000 7500;
( Rotate 90 );
9 ind;
C 0 R 0 1 T -35000 5000;
(SymbolCall ind);
5 2 L01rx2;
5 10 9 1 -97000 0 L01RX1-;
5 10 2 0 -107000 0 L01RX1+;
5 15 -106000 1000 1 0;
5 11 L.L01rx1 11;
1 Bound -107000 0 -97000 1500;
( Rotate 90 );
9 ind;
C 0 R 0 1 T -97000 -1000;
(SymbolCall ind);
5 2 L02rx2;
5 10 27 1 -81000 0 L02RX1-;
5 10 9 0 -91000 0 L02RX1+;
5 15 -90000 1000 1 0;
5 11 L.L02rx1 12;
1 Bound -91000 0 -81000 1500;
( Rotate 90 );
9 ind;
C 0 R 0 1 T -81000 -1000;
(SymbolCall ind);
5 2 L01;
5 10 7 1 -71000 0 L01-;
5 10 27 0 -81000 0 L01+;
5 15 -80000 1000 1 0;
5 11 L.L01 13;
1 Bound -81000 0 -71000 1500;
( Rotate 90 );
9 ind;
C 0 R 0 1 T -71000 -1000;
(SymbolCall ind);
5 2 L02;
5 10 12 1 -35000 -10000 L02-;
5 10 8 0 -35000 0 L02+;
5 15 -34000 -1000 0 -1;
5 11 L.L02 14;
1 Bound -35000 -10000 -33500 0;
9 ind;
C 0 T -36000 -10000;
(SymbolCall ind);
5 2 0.2p;
5 10 38 1 -19000 -10000 LPIB01-;
5 10 28 0 -19000 0 LPIB01+;
5 15 -18000 -1000 0 -1;
5 11 L.LPIB01 15;
1 Bound -19000 -10000 -17500 0;
9 ind;
C 0 T -20000 -10000;
(SymbolCall ind);
5 2 0.2p;
5 10 39 1 27000 -10000 LPIB02-;
5 10 29 0 27000 0 LPIB02+;
5 15 28000 -1000 0 -1;
5 11 L.LPIB02 16;
1 Bound 27000 -10000 28500 0;
9 ind;
C 0 T 26000 -10000;
(SymbolCall ind);
5 2 0.2p;
5 10 40 1 70000 -10000 LPIB04-;
5 10 31 0 70000 0 LPIB04+;
5 15 71000 -1000 0 -1;
5 11 L.LPIB04 17;
1 Bound 70000 -10000 71500 0;
9 ind;
C 0 T 69000 -10000;
(SymbolCall ind);
5 2 0.2p;
5 10 16 1 96000 -10000 LPR01TX1-;
5 10 32 0 96000 0 LPR01TX1+;
5 15 97000 -1000 0 -1;
5 11 L.LPR01tx1 18;
1 Bound 96000 -10000 97500 0;
9 ind;
C 0 T 95000 -10000;
(SymbolCall ind);
5 2 LRB10;
5 10 11 1 11000 -4000 LRB10-;
5 10 41 0 1000 -4000 LRB10+;
5 15 2000 -3000 1 0;
5 11 L.LRB10 19;
1 Bound 1000 -4000 11000 -2500;
( Rotate 90 );
9 ind;
C 0 R 0 1 T 11000 -5000;
(SymbolCall ind);
5 2 L05;
5 10 38 1 -19000 -10000 L05-;
5 10 12 0 -29000 -10000 L05+;
5 15 -28000 -9000 1 0;
5 11 L.L05 20;
1 Bound -29000 -10000 -19000 -8500;
( Rotate 90 );
9 ind;
C 0 R 0 1 T -19000 -11000;
(SymbolCall ind);
5 2 L06;
5 10 10 1 -9000 -10000 L06-;
5 10 38 0 -19000 -10000 L06+;
5 15 -18000 -9000 1 0;
5 11 L.L06 21;
1 Bound -19000 -10000 -9000 -8500;
( Rotate 90 );
9 ind;
C 0 R 0 1 T -9000 -11000;
(SymbolCall ind);
5 2 L07;
5 10 39 1 27000 -10000 L07-;
5 10 11 0 17000 -10000 L07+;
5 15 18000 -9000 1 0;
5 11 L.L07 22;
1 Bound 17000 -10000 27000 -8500;
( Rotate 90 );
9 ind;
C 0 R 0 1 T 27000 -11000;
(SymbolCall ind);
5 2 L08;
5 10 13 1 37000 -10000 L08-;
5 10 39 0 27000 -10000 L08+;
5 15 28000 -9000 1 0;
5 11 L.L08 23;
1 Bound 27000 -10000 37000 -8500;
( Rotate 90 );
9 ind;
C 0 R 0 1 T 37000 -11000;
(SymbolCall ind);
5 2 L09;
5 10 14 1 54000 -10000 L09-;
5 10 13 0 44000 -10000 L09+;
5 15 45000 -9000 1 0;
5 11 L.L09 24;
1 Bound 44000 -10000 54000 -8500;
( Rotate 90 );
9 ind;
C 0 R 0 1 T 54000 -11000;
(SymbolCall ind);
5 2 L13;
5 10 40 1 70000 -10000 L13-;
5 10 14 0 60000 -10000 L13+;
5 15 61000 -9000 1 0;
5 11 L.L13 25;
1 Bound 60000 -10000 70000 -8500;
( Rotate 90 );
9 ind;
C 0 R 0 1 T 70000 -11000;
(SymbolCall ind);
5 2 L14;
5 10 15 1 80000 -10000 L14-;
5 10 40 0 70000 -10000 L14+;
5 15 71000 -9000 1 0;
5 11 L.L14 26;
1 Bound 70000 -10000 80000 -8500;
( Rotate 90 );
9 ind;
C 0 R 0 1 T 80000 -11000;
(SymbolCall ind);
5 2 L01tx1;
5 10 16 1 96000 -10000 L01TX1-;
5 10 15 0 86000 -10000 L01TX1+;
5 15 87000 -9000 1 0;
5 11 L.L01tx1 27;
1 Bound 86000 -10000 96000 -8500;
( Rotate 90 );
9 ind;
C 0 R 0 1 T 96000 -11000;
(SymbolCall ind);
5 2 L02tx1;
5 10 43 1 122000 -10000 L02TX1-;
5 10 16 0 112000 -10000 L02TX1+;
5 15 113000 -9000 1 0;
5 11 L.L02tx1 28;
1 Bound 112000 -10000 122000 -8500;
( Rotate 90 );
9 ind;
C 0 R 0 1 T 122000 -11000;
(SymbolCall ind);
5 2 3.4e-13;
5 10 0 1 -97000 -20000 LP01RX1-;
5 10 34 0 -97000 -10000 LP01RX1+;
5 15 -96000 -11000 0 -1;
5 11 L.LP01rx1 29;
1 Bound -97000 -20000 -95500 -10000;
9 ind;
C 0 T -98000 -20000;
(SymbolCall ind);
5 2 LRB01rx1;
5 10 0 1 -91000 -20000 LRB01RX1-;
5 10 35 0 -91000 -10000 LRB01RX1+;
5 15 -90000 -11000 0 -1;
5 11 L.LRB01rx1 30;
1 Bound -91000 -20000 -89500 -10000;
9 ind;
C 0 T -92000 -20000;
(SymbolCall ind);
5 2 0.2p;
5 10 0 1 -71000 -20000 LP01-;
5 10 36 0 -71000 -10000 LP01+;
5 15 -70000 -11000 0 -1;
5 11 L.LP01 31;
1 Bound -71000 -20000 -69500 -10000;
9 ind;
C 0 T -72000 -20000;
(SymbolCall ind);
5 2 LRB01;
5 10 0 1 -65000 -20000 LRB01-;
5 10 37 0 -65000 -10000 LRB01+;
5 15 -64000 -11000 0 -1;
5 11 L.LRB01 32;
1 Bound -65000 -20000 -63500 -10000;
9 ind;
C 0 T -66000 -20000;
(SymbolCall ind);
5 2 L02;
5 10 18 1 -35000 -20000 L04-;
5 10 12 0 -35000 -10000 L04+;
5 15 -34000 -11000 0 -1;
5 11 L.L04 33;
1 Bound -35000 -20000 -33500 -10000;
9 ind;
C 0 T -36000 -20000;
(SymbolCall ind);
5 2 0.2p;
5 10 52 1 -81000 -26000 LPR01RX2-;
5 10 42 0 -81000 -16000 LPR01RX2+;
5 15 -80000 -17000 0 -1;
5 11 L.LPR01rx2 34;
1 Bound -81000 -26000 -79500 -16000;
9 ind;
C 0 T -82000 -26000;
(SymbolCall ind);
5 2 LRB04;
5 10 18 1 -35000 -20000 LRB04-;
5 10 53 0 -45000 -20000 LRB04+;
5 15 -44000 -19000 1 0;
5 11 L.LRB04 35;
1 Bound -45000 -20000 -35000 -18500;
( Rotate 90 );
9 ind;
C 0 R 0 1 T -35000 -21000;
(SymbolCall ind);
5 2 0.2p;
5 10 0 1 11000 -30000 LP05-;
5 10 44 0 11000 -20000 LP05+;
5 15 12000 -21000 0 -1;
5 11 L.LP05 36;
1 Bound 11000 -30000 12500 -20000;
9 ind;
C 0 T 10000 -30000;
(SymbolCall ind);
5 2 LRB05;
5 10 0 1 17000 -30000 LRB05-;
5 10 45 0 17000 -20000 LRB05+;
5 15 18000 -21000 0 -1;
5 11 L.LRB05 37;
1 Bound 17000 -30000 18500 -20000;
9 ind;
C 0 T 16000 -30000;
(SymbolCall ind);
5 2 1.17e-13;
5 10 0 1 54000 -30000 LP08-;
5 10 46 0 54000 -20000 LP08+;
5 15 55000 -21000 0 -1;
5 11 L.LP08 38;
1 Bound 54000 -30000 55500 -20000;
9 ind;
C 0 T 53000 -30000;
(SymbolCall ind);
5 2 LRB08;
5 10 0 1 60000 -30000 LRB08-;
5 10 47 0 60000 -20000 LRB08+;
5 15 61000 -21000 0 -1;
5 11 L.LRB08 39;
1 Bound 60000 -30000 61500 -20000;
9 ind;
C 0 T 59000 -30000;
(SymbolCall ind);
5 2 1.51e-13;
5 10 0 1 80000 -30000 LP09-;
5 10 48 0 80000 -20000 LP09+;
5 15 81000 -21000 0 -1;
5 11 L.LP09 40;
1 Bound 80000 -30000 81500 -20000;
9 ind;
C 0 T 79000 -30000;
(SymbolCall ind);
5 2 LRB09;
5 10 0 1 86000 -30000 LRB09-;
5 10 49 0 86000 -20000 LRB09+;
5 15 87000 -21000 0 -1;
5 11 L.LRB09 41;
1 Bound 86000 -30000 87500 -20000;
9 ind;
C 0 T 85000 -30000;
(SymbolCall ind);
5 2 5e-14;
5 10 0 1 106000 -30000 LP01TX1-;
5 10 50 0 106000 -20000 LP01TX1+;
5 15 107000 -21000 0 -1;
5 11 L.LP01tx1 42;
1 Bound 106000 -30000 107500 -20000;
9 ind;
C 0 T 105000 -30000;
(SymbolCall ind);
5 2 LRB01tx1;
5 10 0 1 112000 -30000 LRB01TX1-;
5 10 51 0 112000 -20000 LRB01TX1+;
5 15 113000 -21000 0 -1;
5 11 L.LRB01tx1 43;
1 Bound 112000 -30000 113500 -20000;
9 ind;
C 0 T 111000 -30000;
(SymbolCall ind);
5 2 L01rx2;
5 10 19 1 -97000 -26000 L01RX2-;
5 10 3 0 -107000 -26000 L01RX2+;
5 15 -106000 -25000 1 0;
5 11 L.L01rx2 44;
1 Bound -107000 -26000 -97000 -24500;
( Rotate 90 );
9 ind;
C 0 R 0 1 T -97000 -27000;
(SymbolCall ind);
5 2 L02rx2;
5 10 52 1 -81000 -26000 L02RX2-;
5 10 19 0 -91000 -26000 L02RX2+;
5 15 -90000 -25000 1 0;
5 11 L.L02rx2 45;
1 Bound -91000 -26000 -81000 -24500;
( Rotate 90 );
9 ind;
C 0 R 0 1 T -81000 -27000;
(SymbolCall ind);
5 2 L01;
5 10 17 1 -71000 -26000 L03-;
5 10 52 0 -81000 -26000 L03+;
5 15 -80000 -25000 1 0;
5 11 L.L03 46;
1 Bound -81000 -26000 -71000 -24500;
( Rotate 90 );
9 ind;
C 0 R 0 1 T -71000 -27000;
(SymbolCall ind);
5 2 3.4e-13;
5 10 0 1 -97000 -46000 LP01RX2-;
5 10 54 0 -97000 -36000 LP01RX2+;
5 15 -96000 -37000 0 -1;
5 11 L.LP01rx2 47;
1 Bound -97000 -46000 -95500 -36000;
9 ind;
C 0 T -98000 -46000;
(SymbolCall ind);
5 2 LRB01rx2;
5 10 0 1 -91000 -46000 LRB01RX2-;
5 10 55 0 -91000 -36000 LRB01RX2+;
5 15 -90000 -37000 0 -1;
5 11 L.LRB01rx2 48;
1 Bound -91000 -46000 -89500 -36000;
9 ind;
C 0 T -92000 -46000;
(SymbolCall ind);
5 2 2e-13;
5 10 0 1 -71000 -46000 LP03-;
5 10 56 0 -71000 -36000 LP03+;
5 15 -70000 -37000 0 -1;
5 11 L.LP03 49;
1 Bound -71000 -46000 -69500 -36000;
9 ind;
C 0 T -72000 -46000;
(SymbolCall ind);
5 2 LRB03;
5 10 0 1 -65000 -46000 LRB03-;
5 10 57 0 -65000 -36000 LRB03+;
5 15 -64000 -37000 0 -1;
5 11 L.LRB03 50;
1 Bound -65000 -46000 -63500 -36000;
9 ind;
C 0 T -66000 -46000;
(SymbolCall isrc);
5 2 pwl(0 0 5p IB01rx2);
5 10 26 1 -81000 10000 IB01RX1_1;
5 10 0 0 -81000 20000 IB01RX1_0;
5 15 -81000 14000 0 -1 @<name>[c];
5 11 I.IB01rx1 0;
5 5 nophys;
1 Bound -83000 10000 -79000 20000;
9 isrc;
C 0 T -83000 10000;
(SymbolCall isrc);
5 2 pwl(0 0 5p IB01rx3);
5 10 25 1 11000 20000 IB01RX3_1;
5 10 0 0 11000 10000 IB01RX3_0;
5 15 11000 16000 0 1 @<name>[c];
5 11 I.IB01rx3 1;
5 5 nophys;
1 Bound 9000 10000 13000 20000;
( Rotate 180 );
9 isrc;
C 0 R -1 0 T 13000 20000;
(SymbolCall isrc);
5 2 pwl(0 0 5p IB01);
5 10 28 1 -19000 0 IB01_1;
5 10 0 0 -19000 10000 IB01_0;
5 15 -19000 4000 0 -1 @<name>[c];
5 11 I.IB01 2;
5 5 nophys;
1 Bound -21000 0 -17000 10000;
9 isrc;
C 0 T -21000 0;
(SymbolCall isrc);
5 2 pwl(0 0 5p IB02);
5 10 29 1 27000 0 IB02_1;
5 10 0 0 27000 10000 IB02_0;
5 15 27000 4000 0 -1 @<name>[c];
5 11 I.IB02 3;
5 5 nophys;
1 Bound 25000 0 29000 10000;
9 isrc;
C 0 T 25000 0;
(SymbolCall isrc);
5 2 pwl(0 0 5p IB04);
5 10 31 1 70000 0 IB04_1;
5 10 0 0 70000 10000 IB04_0;
5 15 70000 4000 0 -1 @<name>[c];
5 11 I.IB04 4;
5 5 nophys;
1 Bound 68000 0 72000 10000;
9 isrc;
C 0 T 68000 0;
(SymbolCall isrc);
5 2 pwl(0 0 5p IB01tx1);
5 10 32 1 96000 0 IB01TX1_1;
5 10 0 0 96000 10000 IB01TX1_0;
5 15 96000 4000 0 -1 @<name>[c];
5 11 I.IB01tx1 5;
5 5 nophys;
1 Bound 94000 0 98000 10000;
9 isrc;
C 0 T 94000 0;
(SymbolCall isrc);
5 2 pwl(0 0 5p IB01rx2);
5 10 42 1 -81000 -16000 IB01RX2_1;
5 10 0 0 -81000 -6000 IB01RX2_0;
5 15 -81000 -12000 0 -1 @<name>[c];
5 11 I.IB01rx2 6;
5 5 nophys;
1 Bound -83000 -16000 -79000 -6000;
9 isrc;
C 0 T -83000 -16000;
(SymbolCall jj);
5 3 area=B02rx3;
5 1 jmitll;
5 10 58 2 25000 41000 B02RX3_2;
5 10 20 1 26000 33000 B02RX3-;
5 10 5 0 26000 43000 B02RX3+;
5 11 B.B02rx3 0;
1 Bound 24500 33000 27500 43000;
9 jj;
C 0 T 25000 33000;
(SymbolCall jj);
5 3 area=B01rx3;
5 1 jmitll;
5 10 59 2 -6000 28000 B01RX3_2;
5 10 23 1 -5000 20000 B01RX3-;
5 10 6 0 -5000 30000 B01RX3+;
5 11 B.B01rx3 1;
1 Bound -6500 20000 -3500 30000;
9 jj;
C 0 T -6000 20000;
(SymbolCall jj);
5 3 area=B02;
5 1 jmitll;
5 10 60 2 -53000 -1000 B02_2;
5 10 8 1 -45000 0 B02-;
5 10 7 0 -55000 0 B02+;
5 11 B.B02 2;
1 Bound -55000 -1500 -45000 1500;
( Rotate 90 );
9 jj;
C 0 R 0 1 T -45000 -1000;
(SymbolCall jj);
5 3 area=B01rx2;
5 1 jmitll;
5 10 61 2 -98000 -2000 B01RX1_2;
5 10 34 1 -97000 -10000 B01RX1-;
5 10 9 0 -97000 0 B01RX1+;
5 11 B.B01rx1 3;
1 Bound -98500 -10000 -95500 0;
9 jj;
C 0 T -98000 -10000;
(SymbolCall jj);
5 3 area=B01;
5 1 jmitll;
5 10 62 2 -72000 -2000 B01_2;
5 10 36 1 -71000 -10000 B01-;
5 10 7 0 -71000 0 B01+;
5 11 B.B01 4;
1 Bound -72500 -10000 -69500 0;
9 jj;
C 0 T -72000 -10000;
(SymbolCall jj);
5 3 area=B03rx3;
5 1 jmitll;
5 10 63 2 36000 -2000 B03RX3_2;
5 10 13 1 37000 -10000 B03RX3-;
5 10 5 0 37000 0 B03RX3+;
5 11 B.B03rx3 5;
1 Bound 35500 -10000 38500 0;
9 jj;
C 0 T 36000 -10000;
(SymbolCall jj);
5 3 area=B10;
5 1 jmitll;
5 10 64 2 -7000 -11000 B10_2;
5 10 11 1 1000 -10000 B10-;
5 10 10 0 -9000 -10000 B10+;
5 11 B.B10 6;
1 Bound -9000 -11500 1000 -8500;
( Rotate 90 );
9 jj;
C 0 R 0 1 T 1000 -11000;
(SymbolCall jj);
5 3 area=B05;
5 1 jmitll;
5 10 65 2 10000 -12000 B05_2;
5 10 44 1 11000 -20000 B05-;
5 10 11 0 11000 -10000 B05+;
5 11 B.B05 7;
1 Bound 9500 -20000 12500 -10000;
9 jj;
C 0 T 10000 -20000;
(SymbolCall jj);
5 3 area=B08;
5 1 jmitll;
5 10 66 2 53000 -12000 B08_2;
5 10 46 1 54000 -20000 B08-;
5 10 14 0 54000 -10000 B08+;
5 11 B.B08 8;
1 Bound 52500 -20000 55500 -10000;
9 jj;
C 0 T 53000 -20000;
(SymbolCall jj);
5 3 area=B09;
5 1 jmitll;
5 10 67 2 79000 -12000 B09_2;
5 10 48 1 80000 -20000 B09-;
5 10 15 0 80000 -10000 B09+;
5 11 B.B09 9;
1 Bound 78500 -20000 81500 -10000;
9 jj;
C 0 T 79000 -20000;
(SymbolCall jj);
5 3 area=B01tx1;
5 1 jmitll;
5 10 68 2 105000 -12000 B01TX1_2;
5 10 50 1 106000 -20000 B01TX1-;
5 10 16 0 106000 -10000 B01TX1+;
5 11 B.B01tx1 10;
1 Bound 104500 -20000 107500 -10000;
9 jj;
C 0 T 105000 -20000;
(SymbolCall jj);
5 3 area=B02;
5 1 jmitll;
5 10 69 2 -53000 -27000 B04_2;
5 10 18 1 -45000 -26000 B04-;
5 10 17 0 -55000 -26000 B04+;
5 11 B.B04 11;
1 Bound -55000 -27500 -45000 -24500;
( Rotate 90 );
9 jj;
C 0 R 0 1 T -45000 -27000;
(SymbolCall jj);
5 3 area=B01rx2;
5 1 jmitll;
5 10 70 2 -98000 -28000 B01RX2_2;
5 10 54 1 -97000 -36000 B01RX2-;
5 10 19 0 -97000 -26000 B01RX2+;
5 11 B.B01rx2 12;
1 Bound -98500 -36000 -95500 -26000;
9 jj;
C 0 T -98000 -36000;
(SymbolCall jj);
5 3 area=B01;
5 1 jmitll;
5 10 71 2 -72000 -28000 B03_2;
5 10 56 1 -71000 -36000 B03-;
5 10 17 0 -71000 -26000 B03+;
5 11 B.B03 13;
1 Bound -72500 -36000 -69500 -26000;
9 jj;
C 0 T -72000 -36000;
(SymbolCall res);
5 1 RB02rx3;
5 10 21 1 32000 33000 RB02RX3-;
5 10 5 0 32000 43000 RB02RX3+;
5 15 31000 42000 0 -1 "<v>/<value>O";
5 11 R.RB02rx3 0;
1 Bound 30750 33000 33000 43000;
9 res;
C 0 T 32000 43000;
(SymbolCall res);
5 1 RB01rx3;
5 10 24 1 1000 20000 RB01RX3-;
5 10 6 0 1000 30000 RB01RX3+;
5 15 0 29000 0 -1 "<v>/<value>O";
5 11 R.RB01rx3 1;
1 Bound -250 20000 2000 30000;
9 res;
C 0 T 1000 30000;
(SymbolCall res);
5 1 RB02;
5 10 33 1 -45000 6000 RB02-;
5 10 7 0 -55000 6000 RB02+;
5 15 -54000 5000 1 0 "<v>/<value>O";
5 11 R.RB02 2;
1 Bound -55000 4750 -45000 7000;
( Rotate 90 );
9 res;
C 0 R 0 1 T -55000 6000;
(SymbolCall res);
5 1 RB01rx1;
5 10 35 1 -91000 -10000 RB01RX1-;
5 10 9 0 -91000 0 RB01RX1+;
5 15 -92000 -1000 0 -1 "<v>/<value>O";
5 11 R.RB01rx1 3;
1 Bound -92250 -10000 -90000 0;
9 res;
C 0 T -91000 0;
(SymbolCall res);
5 1 RB01;
5 10 37 1 -65000 -10000 RB01-;
5 10 7 0 -65000 0 RB01+;
5 15 -66000 -1000 0 -1 "<v>/<value>O";
5 11 R.RB01 4;
1 Bound -66250 -10000 -64000 0;
9 res;
C 0 T -65000 0;
(SymbolCall res);
5 2 LRB03rx3;
5 10 13 1 43000 -10000 LRB03RX3-;
5 10 30 0 43000 0 LRB03RX3+;
5 15 42000 -1000 0 -1 "<v>/<value>O";
5 11 R.LRB03rx3 5;
1 Bound 41750 -10000 44000 0;
9 res;
C 0 T 43000 0;
(SymbolCall res);
5 1 RB10;
5 10 41 1 1000 -4000 RB10-;
5 10 10 0 -9000 -4000 RB10+;
5 15 -8000 -5000 1 0 "<v>/<value>O";
5 11 R.RB10 6;
1 Bound -9000 -5250 1000 -3000;
( Rotate 90 );
9 res;
C 0 R 0 1 T -9000 -4000;
(SymbolCall res);
5 2 1.36;
5 10 4 1 132000 -10000 RINSTX1-;
5 10 43 0 122000 -10000 RINSTX1+;
5 15 123000 -11000 1 0 "<v>/<value>O";
5 11 R.RINStx1 7;
1 Bound 122000 -11250 132000 -9000;
( Rotate 90 );
9 res;
C 0 R 0 1 T 122000 -10000;
(SymbolCall res);
5 1 RB05;
5 10 45 1 17000 -20000 RB05-;
5 10 11 0 17000 -10000 RB05+;
5 15 16000 -11000 0 -1 "<v>/<value>O";
5 11 R.RB05 8;
1 Bound 15750 -20000 18000 -10000;
9 res;
C 0 T 17000 -10000;
(SymbolCall res);
5 1 RB08;
5 10 47 1 60000 -20000 RB08-;
5 10 14 0 60000 -10000 RB08+;
5 15 59000 -11000 0 -1 "<v>/<value>O";
5 11 R.RB08 9;
1 Bound 58750 -20000 61000 -10000;
9 res;
C 0 T 60000 -10000;
(SymbolCall res);
5 1 RB09;
5 10 49 1 86000 -20000 RB09-;
5 10 15 0 86000 -10000 RB09+;
5 15 85000 -11000 0 -1 "<v>/<value>O";
5 11 R.RB09 10;
1 Bound 84750 -20000 87000 -10000;
9 res;
C 0 T 86000 -10000;
(SymbolCall res);
5 1 RB01tx1;
5 10 51 1 112000 -20000 RB01TX1-;
5 10 16 0 112000 -10000 RB01TX1+;
5 15 111000 -11000 0 -1 "<v>/<value>O";
5 11 R.RB01tx1 11;
1 Bound 110750 -20000 113000 -10000;
9 res;
C 0 T 112000 -10000;
(SymbolCall res);
5 1 RB04;
5 10 53 1 -45000 -20000 RB04-;
5 10 17 0 -55000 -20000 RB04+;
5 15 -54000 -21000 1 0 "<v>/<value>O";
5 11 R.RB04 12;
1 Bound -55000 -21250 -45000 -19000;
( Rotate 90 );
9 res;
C 0 R 0 1 T -55000 -20000;
(SymbolCall res);
5 1 RB01rx2;
5 10 55 1 -91000 -36000 RB01RX2-;
5 10 19 0 -91000 -26000 RB01RX2+;
5 15 -92000 -27000 0 -1 "<v>/<value>O";
5 11 R.RB01rx2 13;
1 Bound -92250 -36000 -90000 -26000;
9 res;
C 0 T -91000 -26000;
(SymbolCall res);
5 1 RB03;
5 10 57 1 -65000 -36000 RB03-;
5 10 17 0 -65000 -26000 RB03+;
5 15 -66000 -27000 0 -1 "<v>/<value>O";
5 11 R.RB03 14;
1 Bound -66250 -36000 -64000 -26000;
9 res;
C 0 T -65000 -26000;
L SCED;
5 10 5;
W2 0 37000 10000 37000 43000 32000 43000 26000 43000 21000 43000 21000 30000;
5 10 1;
W2 0 -15000 30000 -107000 30000;
5 10 6;
W2 0 -5000 30000 1000 30000;
5 10 5;
W2 0 37000 0 37000 10000 43000 10000;
5 10 7;
W2 0 -71000 0 -65000 0 -55000 0 -55000 6000;
5 10 8;
W2 0 -45000 0 -35000 0 -35000 6000;
5 10 9;
W2 0 -97000 0 -91000 0;
5 10 10;
W2 0 -9000 -4000 -9000 -10000;
5 10 11;
W2 0 1000 -10000 11000 -10000 11000 -4000;
5 10 12;
W2 0 -35000 -10000 -29000 -10000;
5 10 11;
W2 0 11000 -10000 17000 -10000;
5 10 13;
W2 0 37000 -10000 43000 -10000 44000 -10000;
5 10 14;
W2 0 54000 -10000 60000 -10000;
5 10 15;
W2 0 80000 -10000 86000 -10000;
5 10 16;
W2 0 96000 -10000 106000 -10000 112000 -10000;
5 10 17;
W2 0 -71000 -26000 -65000 -26000 -55000 -26000 -55000 -20000;
5 10 18;
W2 0 -35000 -20000 -35000 -26000 -45000 -26000;
5 10 19;
W2 0 -97000 -26000 -91000 -26000;
L NAME;
5 16 B 0 11;
94 <<B02rx3>> 24250 41750 320 3600 1000;
5 16 R 0 11;
94 <<RB02rx3>> 30500 41750 320 4200 1000;
5 16 L 2 11;
94 <<L01rx3>> -14750 31750 0 3375 1000;
5 16 L 3 11;
94 <<L02rx3>> 1250 31750 0 3600 1000;
5 16 L 4 11;
94 <<L03rx3>> 11250 31750 0 3600 1000;
5 16 L 0 11;
94 <<LP02rx3>> 25750 31750 320 4200 1000;
5 16 L 1 11;
94 <<LRB02rx3>> 31750 31750 320 4800 1000;
5 16 B 1 11;
94 <<B01rx3>> -6750 28750 320 3375 1000;
5 16 R 1 11;
94 <<RB01rx3>> -500 28750 320 3975 1000;
5 16 L 5 11;
94 <<LPR01rx3>> 10750 28750 320 4575 1000;
5 16 I 0 11;
94 <<IB01rx1>> -83250 18750 320 3450 1000;
5 16 L 6 11;
94 <<LP01rx3>> -5250 18750 320 3975 1000;
5 16 L 7 11;
94 <<LRB01rx3>> 750 18750 320 4575 1000;
5 16 I 1 11;
94 <<IB01rx3>> 8750 18750 320 3675 1000;
5 16 L 8 11;
94 <<LPR01rx1>> -81250 8750 320 4350 1000;
5 16 L 10 11;
94 <<LRB02>> -44750 7750 0 3075 1000;
5 16 I 2 11;
94 <<IB01>> -21250 8750 320 1950 1000;
5 16 I 3 11;
94 <<IB02>> 24750 8750 320 2175 1000;
5 16 L 9 11;
94 <<RB03rx3>> 42750 8750 320 4200 1000;
5 16 I 4 11;
94 <<IB04>> 67750 8750 320 2175 1000;
5 16 I 5 11;
94 <<IB01tx1>> 93750 8750 320 3375 1000;
5 16 R 2 11;
94 <<RB02>> -54750 7250 0 2475 1000;
5 16 L 11 11;
94 <<L01rx1>> -106750 1750 0 3150 1000;
5 16 L 12 11;
94 <<L02rx1>> -90750 1750 0 3375 1000;
5 16 L 13 11;
94 <<L01>> -80750 1750 0 1650 1000;
5 16 B 2 11;
94 <<B02>> -54750 1750 0 1875 1000;
5 16 B 3 11;
94 <<B01rx1>> -98750 -1250 320 3150 1000;
5 16 R 3 11;
94 <<RB01rx1>> -92500 -1250 320 3750 1000;
5 16 B 4 11;
94 <<B01>> -72750 -1250 320 1650 1000;
5 16 R 4 11;
94 <<RB01>> -66500 -1250 320 2250 1000;
5 16 L 14 11;
94 <<L02>> -35250 -1250 320 1875 1000;
5 16 L 15 11;
94 <<LPIB01>> -19250 -1250 320 3150 1000;
5 16 L 19 11;
94 <<LRB10>> 1250 -2250 0 2850 1000;
5 16 L 16 11;
94 <<LPIB02>> 26750 -1250 320 3375 1000;
5 16 B 5 11;
94 <<B03rx3>> 35250 -1250 320 3600 1000;
5 16 R 5 11;
94 <<LRB03rx3>> 40750 -1250 320 4800 1000;
5 16 L 17 11;
94 <<LPIB04>> 69750 -1250 320 3375 1000;
5 16 L 18 11;
94 <<LPR01tx1>> 95750 -1250 320 4275 1000;
5 16 R 6 11;
94 <<RB10>> -8750 -2750 0 2250 1000;
5 16 I 6 11;
94 <<IB01rx2>> -83250 -7250 320 3675 1000;
5 16 L 20 11;
94 <<L05>> -28750 -8250 0 1875 1000;
5 16 L 21 11;
94 <<L06>> -18750 -8250 0 1875 1000;
5 16 B 6 11;
94 <<B10>> -8750 -8250 0 1650 1000;
5 16 L 22 11;
94 <<L07>> 17250 -8250 0 1875 1000;
5 16 L 23 11;
94 <<L08>> 27250 -8250 0 1875 1000;
5 16 L 24 11;
94 <<L09>> 44250 -8250 0 1875 1000;
5 16 L 25 11;
94 <<L13>> 60250 -8250 0 1650 1000;
5 16 L 26 11;
94 <<L14>> 70250 -8250 0 1650 1000;
5 16 L 27 11;
94 <<L01tx1>> 86250 -8250 0 3075 1000;
5 16 L 28 11;
94 <<L02tx1>> 112250 -8250 0 3300 1000;
5 16 R 7 11;
94 <<RINStx1>> 122250 -8750 0 3600 1000;
5 16 L 29 11;
94 <<LP01rx1>> -97250 -11250 320 3750 1000;
5 16 L 30 11;
94 <<LRB01rx1>> -91250 -11250 320 4350 1000;
5 16 L 31 11;
94 <<LP01>> -71250 -11250 320 2250 1000;
5 16 L 32 11;
94 <<LRB01>> -65250 -11250 320 2850 1000;
5 16 L 33 11;
94 <<L04>> -35250 -11250 320 1875 1000;
5 16 B 7 11;
94 <<B05>> 9250 -11250 320 1875 1000;
5 16 R 8 11;
94 <<RB05>> 15500 -11250 320 2475 1000;
5 16 B 8 11;
94 <<B08>> 52250 -11250 320 1875 1000;
5 16 R 9 11;
94 <<RB08>> 58500 -11250 320 2475 1000;
5 16 B 9 11;
94 <<B09>> 78250 -11250 320 1875 1000;
5 16 R 10 11;
94 <<RB09>> 84500 -11250 320 2475 1000;
5 16 B 10 11;
94 <<B01tx1>> 104250 -11250 320 3075 1000;
5 16 R 11 11;
94 <<RB01tx1>> 110500 -11250 320 3675 1000;
5 16 L 34 11;
94 <<LPR01rx2>> -81250 -17250 320 4575 1000;
5 16 L 35 11;
94 <<LRB04>> -44750 -18250 0 3075 1000;
5 16 R 12 11;
94 <<RB04>> -54750 -18750 0 2475 1000;
5 16 L 36 11;
94 <<LP05>> 10750 -21250 320 2475 1000;
5 16 L 37 11;
94 <<LRB05>> 16750 -21250 320 3075 1000;
5 16 L 38 11;
94 <<LP08>> 53750 -21250 320 2475 1000;
5 16 L 39 11;
94 <<LRB08>> 59750 -21250 320 3075 1000;
5 16 L 40 11;
94 <<LP09>> 79750 -21250 320 2475 1000;
5 16 L 41 11;
94 <<LRB09>> 85750 -21250 320 3075 1000;
5 16 L 42 11;
94 <<LP01tx1>> 105750 -21250 320 3675 1000;
5 16 L 43 11;
94 <<LRB01tx1>> 111000 -21250 320 4275 1000;
5 16 L 44 11;
94 <<L01rx2>> -106750 -24250 0 3375 1000;
5 16 L 45 11;
94 <<L02rx2>> -90750 -24250 0 3600 1000;
5 16 B 11 11;
94 <<B04>> -54750 -24250 0 1875 1000;
5 16 L 46 11;
94 <<L03>> -80750 -28000 0 1875 1000;
5 16 B 12 11;
94 <<B01rx2>> -98750 -27250 320 3375 1000;
5 16 R 13 11;
94 <<RB01rx2>> -92500 -27250 320 3975 1000;
5 16 B 13 11;
94 <<B03>> -72750 -27250 320 1875 1000;
5 16 R 14 11;
94 <<RB03>> -66500 -27250 320 2475 1000;
5 16 L 47 11;
94 <<LP01rx2>> -97250 -37250 320 3975 1000;
5 16 L 48 11;
94 <<LRB01rx2>> -91250 -37250 320 4575 1000;
5 16 L 49 11;
94 <<LP03>> -71250 -37250 320 2475 1000;
5 16 L 50 11;
94 <<LRB03>> -65250 -37250 320 3075 1000;
L MODL;
5 16 B 0 1;
94 <<jmitll>> 27750 42750 256 2625 1000;
5 16 R 0 1;
94 <<RB02rx3>> 33250 42750 256 4200 1000;
5 16 B 1 1;
94 <<jmitll>> -3250 29750 256 2625 1000;
5 16 R 1 1;
94 <<RB01rx3>> 2250 29750 256 3975 1000;
5 16 L 9 1;
94 <<RB03rx3>> 44750 9750 256 4200 1000;
5 16 R 2 1;
94 <<RB02>> -45250 4500 320 2475 1000;
5 16 B 3 1;
94 <<jmitll>> -95250 -250 256 2625 1000;
5 16 R 3 1;
94 <<RB01rx1>> -89750 -250 256 3750 1000;
5 16 B 4 1;
94 <<jmitll>> -69250 -250 256 2625 1000;
5 16 R 4 1;
94 <<RB01>> -63750 -250 256 2250 1000;
5 16 B 5 1;
94 <<jmitll>> 39500 -250 256 2625 1000;
5 16 B 2 1;
94 <<jmitll>> -45250 -1750 320 2625 1000;
5 16 R 6 1;
94 <<RB10>> 750 -5500 320 2250 1000;
5 16 B 7 1;
94 <<jmitll>> 12750 -10250 256 2625 1000;
5 16 R 8 1;
94 <<RB05>> 18250 -10250 256 2475 1000;
5 16 B 8 1;
94 <<jmitll>> 55750 -10250 256 2625 1000;
5 16 R 9 1;
94 <<RB08>> 61250 -10250 256 2475 1000;
5 16 B 9 1;
94 <<jmitll>> 81750 -10250 256 2625 1000;
5 16 R 10 1;
94 <<RB09>> 87250 -10250 256 2475 1000;
5 16 B 10 1;
94 <<jmitll>> 107750 -10250 256 2625 1000;
5 16 R 11 1;
94 <<RB01tx1>> 113250 -10250 256 3675 1000;
5 16 B 6 1;
94 <<jmitll>> 750 -11750 320 2625 1000;
5 16 R 12 1;
94 <<RB04>> -45250 -21500 320 2475 1000;
5 16 B 12 1;
94 <<jmitll>> -95250 -26250 256 2625 1000;
5 16 R 13 1;
94 <<RB01rx2>> -89750 -26250 256 3975 1000;
5 16 B 13 1;
94 <<jmitll>> -69250 -26250 256 2625 1000;
5 16 R 14 1;
94 <<RB03>> -63750 -26250 256 2475 1000;
5 16 B 11 1;
94 <<jmitll>> -45250 -27750 320 2625 1000;
L VALU;
5 16 L 0 2;
94 <<3.4e-13>> 27750 32750 33024 3675 1000;
5 16 L 1 2;
94 <<LRB02rx3>> 33750 32750 33024 4800 1000;
5 16 L 2 2;
94 <<L01rx3>> -5250 29750 33088 3375 1000;
5 16 L 3 2;
94 <<L02rx3>> 10750 29750 33088 3600 1000;
5 16 L 5 2;
94 <<2e-13>> 12750 29750 33024 2850 1000;
5 16 L 4 2;
94 <<L03rx3>> 20750 29750 33088 3600 1000;
5 16 I 0 2;
94 <<pwl(0 0 5p IB01rx2)>> -78750 19750 33024 9975 1000;
5 16 L 6 2;
94 <<3.4e-13>> -3250 19750 33024 3675 1000;
5 16 L 7 2;
94 <<LRB01rx3>> 2750 19750 33024 4575 1000;
5 16 I 1 2;
94 <<pwl(0 0 5p IB01rx3)>> 13250 19750 33024 9975 1000;
5 16 L 8 2;
94 <<0.2p>> -79250 9750 33024 2100 1000;
5 16 I 2 2;
94 <<pwl(0 0 5p IB01)>> -16750 9750 33024 8250 1000;
5 16 I 3 2;
94 <<pwl(0 0 5p IB02)>> 29250 9750 33024 8475 1000;
5 16 I 4 2;
94 <<pwl(0 0 5p IB04)>> 72250 9750 33024 8475 1000;
5 16 I 5 2;
94 <<pwl(0 0 5p IB01tx1)>> 98250 9750 33024 9675 1000;
5 16 L 10 2;
94 <<LRB02>> -35250 5750 33088 3075 1000;
5 16 L 11 2;
94 <<L01rx2>> -97250 -250 33088 3375 1000;
5 16 L 12 2;
94 <<L02rx2>> -81250 -250 33088 3600 1000;
5 16 L 13 2;
94 <<L01>> -71250 -250 33088 1650 1000;
5 16 L 14 2;
94 <<L02>> -33250 -250 33024 1875 1000;
5 16 L 15 2;
94 <<0.2p>> -17250 -250 33024 2100 1000;
5 16 L 16 2;
94 <<0.2p>> 28750 -250 33024 2100 1000;
5 16 R 5 2;
94 <<LRB03rx3>> 44250 -250 33024 4800 1000;
5 16 L 17 2;
94 <<0.2p>> 71750 -250 33024 2100 1000;
5 16 L 18 2;
94 <<0.2p>> 97750 -250 33024 2100 1000;
5 16 L 19 2;
94 <<LRB10>> 10750 -4250 33088 2850 1000;
5 16 I 6 2;
94 <<pwl(0 0 5p IB01rx2)>> -78750 -6250 33024 9975 1000;
5 16 L 29 2;
94 <<3.4e-13>> -95250 -10250 33024 3675 1000;
5 16 L 30 2;
94 <<LRB01rx1>> -89250 -10250 33024 4350 1000;
5 16 L 31 2;
94 <<0.2p>> -69250 -10250 33024 2100 1000;
5 16 L 32 2;
94 <<LRB01>> -63250 -10250 33024 2850 1000;
5 16 L 33 2;
94 <<L02>> -33250 -10250 33024 1875 1000;
5 16 L 20 2;
94 <<L05>> -19250 -10250 33088 1875 1000;
5 16 L 21 2;
94 <<L06>> -9250 -10250 33088 1875 1000;
5 16 L 22 2;
94 <<L07>> 26750 -10250 33088 1875 1000;
5 16 L 23 2;
94 <<L08>> 36750 -10250 33088 1875 1000;
5 16 L 24 2;
94 <<L09>> 53750 -10250 33088 1875 1000;
5 16 L 25 2;
94 <<L13>> 69750 -10250 33088 1650 1000;
5 16 L 26 2;
94 <<L14>> 79750 -10250 33088 1650 1000;
5 16 L 27 2;
94 <<L01tx1>> 95750 -10250 33088 3075 1000;
5 16 L 28 2;
94 <<L02tx1>> 121750 -10250 33088 3300 1000;
5 16 R 7 2;
94 <<1.36>> 131750 -11500 33088 1875 1000;
5 16 L 34 2;
94 <<0.2p>> -79250 -16250 33024 2100 1000;
5 16 L 35 2;
94 <<LRB04>> -35250 -20250 33088 3075 1000;
5 16 L 36 2;
94 <<0.2p>> 12750 -20250 33024 2100 1000;
5 16 L 37 2;
94 <<LRB05>> 18750 -20250 33024 3075 1000;
5 16 L 38 2;
94 <<1.17e-13>> 55750 -20250 33024 3825 1000;
5 16 L 39 2;
94 <<LRB08>> 61750 -20250 33024 3075 1000;
5 16 L 40 2;
94 <<1.51e-13>> 81750 -20250 33024 3825 1000;
5 16 L 41 2;
94 <<LRB09>> 87750 -20250 33024 3075 1000;
5 16 L 42 2;
94 <<5e-14>> 107750 -20250 33024 2850 1000;
5 16 L 43 2;
94 <<LRB01tx1>> 113750 -20250 33024 4275 1000;
5 16 L 44 2;
94 <<L01rx2>> -97250 -26250 33088 3375 1000;
5 16 L 45 2;
94 <<L02rx2>> -81250 -26250 33088 3600 1000;
5 16 L 46 2;
94 <<L01>> -71250 -26250 33088 1650 1000;
5 16 L 47 2;
94 <<3.4e-13>> -95250 -36250 33024 3675 1000;
5 16 L 48 2;
94 <<LRB01rx2>> -89250 -36250 33024 4575 1000;
5 16 L 49 2;
94 <<2e-13>> -69250 -36250 33024 2850 1000;
5 16 L 50 2;
94 <<LRB03>> -63250 -36250 33024 3075 1000;
L PARM;
5 16 B 0 3;
94 <<area=B02rx3>> 27750 33250 32768 6525 1000;
5 16 B 1 3;
94 <<area=B01rx3>> -3250 20250 32768 6300 1000;
5 16 B 2 3;
94 <<area=B02>> -54750 -2750 33024 4800 1000;
5 16 B 3 3;
94 <<area=B01rx2>> -95250 -9750 32768 6300 1000;
5 16 B 4 3;
94 <<area=B01>> -69250 -9750 32768 4575 1000;
5 16 B 5 3;
94 <<area=B03rx3>> 39500 -9750 32768 6525 1000;
5 16 B 6 3;
94 <<area=B10>> -8750 -12750 33024 4575 1000;
5 16 B 7 3;
94 <<area=B05>> 12750 -19750 32768 4800 1000;
5 16 B 8 3;
94 <<area=B08>> 55750 -19750 32768 4800 1000;
5 16 B 9 3;
94 <<area=B09>> 81750 -19750 32768 4800 1000;
5 16 B 10 3;
94 <<area=B01tx1>> 107750 -19750 32768 6000 1000;
5 16 B 11 3;
94 <<area=B02>> -54750 -28750 33024 4800 1000;
5 16 B 12 3;
94 <<area=B01rx2>> -95250 -35750 32768 6300 1000;
5 16 B 13 3;
94 <<area=B01>> -69250 -35750 32768 4575 1000;
L SPTX;
94 <<.include MITLL_OR2T_models.inc>> -107000 111000 0 15825 1000;
94 <<.param Scaling=1.0>> -107000 110000 0 9225 1000;
94 <<.param B0=1>> -107000 109000 0 6000 1000;
94 <<.param Ic0=0.0001>> -107000 108000 0 8925 1000;
94 <<.param IcRs=100u*6.859904418>> -107000 107000 0 15300 1000;
94 <<.param B0Rs=IcRs/Ic0*B0>> -107000 106000 0 12825 1000;
94 <<.param Rsheet=2 >> -107000 105000 0 9150 1000;
94 <<.param Lsheet=1.13e-12 >> -107000 104000 0 12300 1000;
94 <<.param B01=1.95182839923831*Scaling>> -107000 103000 0 18750 1000;
94 <<.param B01rx2=1.1719643525784644*Scaling>> -107000 102000 0 21675 1000;
94 <<.param B01rx3=0.8055557372425256*Scaling>> -107000 101000 0 22350 1000;
94 <<.param B01tx1=1.9004249929489259*Scaling>> -107000 100000 0 21825 1000;
94 <<.param B02=1.307380939867776*Scaling>> -107000 99000 0 20025 1000;
94 <<.param B02rx3=0.7520583141556076*Scaling>> -107000 98000 0 22125 1000;
94 <<.param B03rx3=0.6338820973895793*Scaling>> -107000 97000 0 22575 1000;
94 <<.param B05=1.7221445542579368*Scaling>> -107000 96000 0 20400 1000;
94 <<.param B08=1.3953099453921132*Scaling>> -107000 95000 0 20175 1000;
94 <<.param B09=1.6170010334632006*Scaling>> -107000 94000 0 20175 1000;
94 <<.param B10=2.204754514171097*Scaling>> -107000 93000 0 19350 1000;
94 <<.param IB01=0.00032770049672280216*Scaling>> -107000 92000 0 23100 1000;
94 <<.param IB01rx2=0.0001412751495097682*Scaling>> -107000 91000 0 23775 1000;
94 <<.param IB01rx3=9.832491363195894e-05*Scaling>> -107000 90000 0 24000 1000;
94 <<.param IB01tx1=0.00017650292192261443*Scaling>> -107000 89000 0 24075 1000;
94 <<.param IB02=8.135794752269267e-05*Scaling>> -107000 88000 0 22725 1000;
94 <<.param IB04=8.096428318548805e-05*Scaling>> -107000 87000 0 22725 1000;
94 <<.param L01=2.6808828305964736e-12*(1/Scaling-(1-Scaling))>> -107000 86000 0 30150 1000;
94 <<.param L01rx2=2.030716245429645e-12*(1/Scaling-(1-Scaling))>> -107000 85000 0 31050 1000;
94 <<.param L01rx3=1.4135672556537109e-12*(1/Scaling-(1-Scaling))>> -107000 84000 0 31200 1000;
94 <<.param L01tx1=4.290357558306295e-12*(1/Scaling-(1-Scaling))>> -107000 83000 0 30975 1000;
94 <<.param L02=1.348574568214125e-12*(1/Scaling-(1-Scaling))>> -107000 82000 0 29100 1000;
94 <<.param L02rx2=2.0821975138343234e-12*(1/Scaling-(1-Scaling))>> -107000 81000 0 31650 1000;
94 <<.param L02rx3=3.3651644306938952e-12*(1/Scaling-(1-Scaling))>> -107000 80000 0 31875 1000;
94 <<.param L02tx1=2.777932868062866e-12*(1/Scaling-(1-Scaling))>> -107000 79000 0 31200 1000;
94 <<.param L03rx3=4.026745125169185e-12*(1/Scaling-(1-Scaling))>> -107000 78000 0 30825 1000;
94 <<.param L05=3.7250204863138686e-13*(1/Scaling-(1-Scaling))>> -107000 77000 0 30150 1000;
94 <<.param L06=1.889018385737109e-12*(1/Scaling-(1-Scaling))>> -107000 76000 0 29100 1000;
94 <<.param L07=2.1921895978092223e-13*(1/Scaling-(1-Scaling))>> -107000 75000 0 29925 1000;
94 <<.param L08=5.49156398593319e-12*(1/Scaling-(1-Scaling))>> -107000 74000 0 28725 1000;
94 <<.param L09=1.572723604662223e-12*(1/Scaling-(1-Scaling))>> -107000 73000 0 29550 1000;
94 <<.param L13=2.077594351040701e-12*(1/Scaling-(1-Scaling))>> -107000 72000 0 29100 1000;
94 <<.param L14=8.849583879563039e-13*(1/Scaling-(1-Scaling))>> -107000 71000 0 29550 1000;
94 <<.param LRB01=(RB01/Rsheet)*Lsheet>> -107000 70000 0 18225 1000;
94 <<.param LRB01rx1=(RB01rx1/Rsheet)*Lsheet>> -107000 69000 0 21225 1000;
94 <<.param LRB01rx2=(RB01rx2/Rsheet)*Lsheet>> -107000 68000 0 21675 1000;
94 <<.param LRB01rx3=(RB01rx3/Rsheet)*Lsheet>> -107000 67000 0 21675 1000;
94 <<.param LRB01tx1=(RB01tx1/Rsheet)*Lsheet>> -107000 66000 0 21075 1000;
94 <<.param LRB02=(RB02/Rsheet)*Lsheet>> -107000 65000 0 18675 1000;
94 <<.param LRB02rx3=(RB02rx3/Rsheet)*Lsheet>> -107000 64000 0 22125 1000;
94 <<.param LRB03=(RB03/Rsheet)*Lsheet>> -107000 63000 0 18675 1000;
94 <<.param LRB03rx3=(RB03rx3/Rsheet)*Lsheet>> -107000 62000 0 22125 1000;
94 <<.param LRB04=(RB04/Rsheet)*Lsheet>> -107000 61000 0 18675 1000;
94 <<.param LRB05=(RB05/Rsheet)*Lsheet>> -107000 60000 0 18675 1000;
94 <<.param LRB08=(RB08/Rsheet)*Lsheet>> -107000 59000 0 18675 1000;
94 <<.param LRB09=(RB09/Rsheet)*Lsheet>> -107000 58000 0 18675 1000;
94 <<.param LRB10=(RB10/Rsheet)*Lsheet>> -107000 57000 0 18225 1000;
94 <<.param RB01=B0Rs/B01>> -107000 56000 0 11175 1000;
94 <<.param RB01rx1=B0Rs/B01rx2>> -107000 55000 0 14400 1000;
94 <<.param RB01rx2=B0Rs/B01rx2>> -107000 54000 0 14625 1000;
94 <<.param RB01rx3=B0Rs/B01rx3>> -107000 53000 0 14625 1000;
94 <<.param RB01tx1=B0Rs/B01tx1>> -107000 52000 0 14025 1000;
94 <<.param RB02=B0Rs/B02>> -107000 51000 0 11625 1000;
94 <<.param RB02rx3=B0Rs/B02rx3>> -107000 50000 0 15075 1000;
94 <<.param RB03=B0Rs/B01>> -107000 49000 0 11400 1000;
94 <<.param RB03rx3=B0Rs/B03rx3>> -107000 48000 0 15075 1000;
94 <<.param RB04=B0Rs/B02>> -107000 47000 0 11625 1000;
94 <<.param RB05=B0Rs/B05>> -107000 46000 0 11625 1000;
94 <<.param RB08=B0Rs/B08>> -107000 45000 0 11625 1000;
94 <<.param RB09=B0Rs/B09>> -107000 44000 0 11625 1000;
94 <<.param RB10=B0Rs/B10>> -107000 43000 0 11175 1000;
DF;
E
* Generated by Xic from cell MITLL_OR2T
.tran 0.25p 600p 0 0.25p UIC
.include MITLL_OR2T_models.inc
.param Scaling=1.0
.param B0=1
.param Ic0=0.0001
.param IcRs=100u*6.859904418
.param B0Rs=IcRs/Ic0*B0
.param Rsheet=2 
.param Lsheet=1.13e-12 
.param B01=1.95182839923831*Scaling
.param B01rx2=1.1719643525784644*Scaling
.param B01rx3=0.8055557372425256*Scaling
.param B01tx1=1.9004249929489259*Scaling
.param B02=1.307380939867776*Scaling
.param B02rx3=0.7520583141556076*Scaling
.param B03rx3=0.6338820973895793*Scaling
.param B05=1.7221445542579368*Scaling
.param B08=1.3953099453921132*Scaling
.param B09=1.6170010334632006*Scaling
.param B10=2.204754514171097*Scaling
.param IB01=0.00032770049672280216*Scaling
.param IB01rx2=0.0001412751495097682*Scaling
.param IB01rx3=9.832491363195894e-05*Scaling
.param IB01tx1=0.00017650292192261443*Scaling
.param IB02=8.135794752269267e-05*Scaling
.param IB04=8.096428318548805e-05*Scaling
.param L01=2.6808828305964736e-12*(1/Scaling-(1-Scaling))
.param L01rx2=2.030716245429645e-12*(1/Scaling-(1-Scaling))
.param L01rx3=1.4135672556537109e-12*(1/Scaling-(1-Scaling))
.param L01tx1=4.290357558306295e-12*(1/Scaling-(1-Scaling))
.param L02=1.348574568214125e-12*(1/Scaling-(1-Scaling))
.param L02rx2=2.0821975138343234e-12*(1/Scaling-(1-Scaling))
.param L02rx3=3.3651644306938952e-12*(1/Scaling-(1-Scaling))
.param L02tx1=2.777932868062866e-12*(1/Scaling-(1-Scaling))
.param L03rx3=4.026745125169185e-12*(1/Scaling-(1-Scaling))
.param L05=3.7250204863138686e-13*(1/Scaling-(1-Scaling))
.param L06=1.889018385737109e-12*(1/Scaling-(1-Scaling))
.param L07=2.1921895978092223e-13*(1/Scaling-(1-Scaling))
.param L08=5.49156398593319e-12*(1/Scaling-(1-Scaling))
.param L09=1.572723604662223e-12*(1/Scaling-(1-Scaling))
.param L13=2.077594351040701e-12*(1/Scaling-(1-Scaling))
.param L14=8.849583879563039e-13*(1/Scaling-(1-Scaling))
.param LRB01=(RB01/Rsheet)*Lsheet
.param LRB01rx1=(RB01rx1/Rsheet)*Lsheet
.param LRB01rx2=(RB01rx2/Rsheet)*Lsheet
.param LRB01rx3=(RB01rx3/Rsheet)*Lsheet
.param LRB01tx1=(RB01tx1/Rsheet)*Lsheet
.param LRB02=(RB02/Rsheet)*Lsheet
.param LRB02rx3=(RB02rx3/Rsheet)*Lsheet
.param LRB03=(RB03/Rsheet)*Lsheet
.param LRB03rx3=(RB03rx3/Rsheet)*Lsheet
.param LRB04=(RB04/Rsheet)*Lsheet
.param LRB05=(RB05/Rsheet)*Lsheet
.param LRB08=(RB08/Rsheet)*Lsheet
.param LRB09=(RB09/Rsheet)*Lsheet
.param LRB10=(RB10/Rsheet)*Lsheet
.param RB01=B0Rs/B01
.param RB01rx1=B0Rs/B01rx2
.param RB01rx2=B0Rs/B01rx2
.param RB01rx3=B0Rs/B01rx3
.param RB01tx1=B0Rs/B01tx1
.param RB02=B0Rs/B02
.param RB02rx3=B0Rs/B02rx3
.param RB03=B0Rs/B01
.param RB03rx3=B0Rs/B03rx3
.param RB04=B0Rs/B02
.param RB05=B0Rs/B05
.param RB08=B0Rs/B08
.param RB09=B0Rs/B09
.param RB10=B0Rs/B10
B01 7 36 62 jmitll area=B01
B01rx1 9 34 61 jmitll area=B01rx2
B01rx2 19 54 70 jmitll area=B01rx2
B01rx3 6 23 59 jmitll area=B01rx3
B01tx1 16 50 68 jmitll area=B01tx1
B02 7 8 60 jmitll area=B02
B02rx3 5 20 58 jmitll area=B02rx3
B03 17 56 71 jmitll area=B01
B03rx3 5 13 63 jmitll area=B03rx3
B04 17 18 69 jmitll area=B02
B05 11 44 65 jmitll area=B05
B08 14 46 66 jmitll area=B08
B09 15 48 67 jmitll area=B09
B10 10 11 64 jmitll area=B10
IB01 0 28 pwl(0 0 5p IB01)
IB01rx1 0 26 pwl(0 0 5p IB01rx2)
IB01rx2 0 42 pwl(0 0 5p IB01rx2)
IB01rx3 0 25 pwl(0 0 5p IB01rx3)
IB01tx1 0 32 pwl(0 0 5p IB01tx1)
IB02 0 29 pwl(0 0 5p IB02)
IB04 0 31 pwl(0 0 5p IB04)
L01 27 7 L01
L01rx1 IN_1 9 L01rx2
L01rx2 IN_2 19 L01rx2
L01rx3 IN_CLK 6 L01rx3
L01tx1 15 16 L01tx1
L02 8 12 L02
L02rx1 9 27 L02rx2
L02rx2 19 52 L02rx2
L02rx3 6 22 L02rx3
L02tx1 16 43 L02tx1
L03 52 17 L01
L03rx3 22 5 L03rx3
L04 12 18 L02
L05 12 38 L05
L06 38 10 L06
L07 11 39 L07
L08 39 13 L08
L09 13 14 L09
L13 14 40 L13
L14 40 15 L14
LP01 36 0 0.2p
LP01rx1 34 0 3.4e-13
LP01rx2 54 0 3.4e-13
LP01rx3 23 0 3.4e-13
LP01tx1 50 0 5e-14
LP02rx3 20 0 3.4e-13
LP03 56 0 2e-13
LP05 44 0 0.2p
LP08 46 0 1.17e-13
LP09 48 0 1.51e-13
LPIB01 28 38 0.2p
LPIB02 29 39 0.2p
LPIB04 31 40 0.2p
LPR01rx1 26 27 0.2p
LPR01rx2 42 52 0.2p
LPR01rx3 22 25 2e-13
LPR01tx1 32 16 0.2p
LRB01 37 0 LRB01
LRB01rx1 35 0 LRB01rx1
LRB01rx2 55 0 LRB01rx2
LRB01rx3 24 0 LRB01rx3
LRB01tx1 51 0 LRB01tx1
LRB02 33 8 LRB02
LRB02rx3 21 0 LRB02rx3
LRB03 57 0 LRB03
LRB03rx3 30 13 LRB03rx3
LRB04 53 18 LRB04
LRB05 45 0 LRB05
LRB08 47 0 LRB08
LRB09 49 0 LRB09
LRB10 41 11 LRB10
RB01 7 37 RB01
RB01rx1 9 35 RB01rx1
RB01rx2 19 55 RB01rx2
RB01rx3 6 24 RB01rx3
RB01tx1 16 51 RB01tx1
RB02 7 33 RB02
RB02rx3 5 21 RB02rx3
RB03 17 57 RB03
RB03rx3 5 30 RB03rx3
RB04 17 53 RB04
RB05 11 45 RB05
RB08 14 47 RB08
RB09 15 49 RB09
RB10 10 41 RB10
RINStx1 43 OUT 1.36
.save @IB01tx1[c]
.save @IB01rx3[c]
.save @IB02[c]
.save @IB04[c]
.save @IB01rx1[c]
.save @IB01[c]
.save @IB01rx2[c]
