(Symbol MITLL_XORT);
($Id:$);
(xic.exe 4.3.5 Win32 i386 07/30/2018 07:09 GMT);
(PHYSICAL);
(RESOLUTION 1000);
( CREATED 7/30/2018 7:9:8, MODIFIED 7/30/2018 7:9:8 );
5 7100 grid 25 1;
9 MITLL_XORT;
DS 0 1 1;
DF;
E
(ELECTRICAL);
(RESOLUTION 1000);
5 7101 tran 0.5p 600p 0 0.25p UIC;
5 10 1 0 -112000:-112000 18000:34000 0x0 IN_CLK;
5 10 2 1 -112000 -10000 0x0 IN_1;
5 10 3 2 -112000:-112000 -45000:-61000 0x0 IN_2;
5 10 4 3 97000:97000 -26000:-32000 0x0 OUT;
5 11 X 0 subckt;
9 MITLL_XORT;
DS 0 1 1;
(SymbolCall gnd);
5 10 0 0 -86000 38000;
1 Bound -86000 37000 -83400 39000;
( Rotate 90 );
9 gnd;
C 0 R 0 1 T -85000 37000;
(SymbolCall gnd);
5 10 0 0 -44000 38000;
1 Bound -44000 37000 -41400 39000;
( Rotate 90 );
9 gnd;
C 0 R 0 1 T -43000 37000;
(SymbolCall gnd);
5 10 0 0 -86000 10000;
1 Bound -86000 9000 -83400 11000;
( Rotate 90 );
9 gnd;
C 0 R 0 1 T -85000 9000;
(SymbolCall gnd);
5 10 0 0 -44000 10000;
1 Bound -44000 9000 -41400 11000;
( Rotate 90 );
9 gnd;
C 0 R 0 1 T -43000 9000;
(SymbolCall gnd);
5 10 0 0 -102000 -2000;
1 Bound -103000 -4600 -101000 -2000;
9 gnd;
C 0 T -103000 -3000;
(SymbolCall gnd);
5 10 0 0 -96000 -2000;
1 Bound -97000 -4600 -95000 -2000;
9 gnd;
C 0 T -97000 -3000;
(SymbolCall gnd);
5 10 0 0 -76000 -2000;
1 Bound -77000 -4600 -75000 -2000;
9 gnd;
C 0 T -77000 -3000;
(SymbolCall gnd);
5 10 0 0 -70000 -2000;
1 Bound -71000 -4600 -69000 -2000;
9 gnd;
C 0 T -71000 -3000;
(SymbolCall gnd);
5 10 0 0 -60000 -2000;
1 Bound -61000 -4600 -59000 -2000;
9 gnd;
C 0 T -61000 -3000;
(SymbolCall gnd);
5 10 0 0 -54000 -2000;
1 Bound -55000 -4600 -53000 -2000;
9 gnd;
C 0 T -55000 -3000;
(SymbolCall gnd);
5 10 0 0 -34000 -2000;
1 Bound -35000 -4600 -33000 -2000;
9 gnd;
C 0 T -35000 -3000;
(SymbolCall gnd);
5 10 0 0 -28000 -2000;
1 Bound -29000 -4600 -27000 -2000;
9 gnd;
C 0 T -29000 -3000;
(SymbolCall gnd);
5 10 0 0 15000 -6000;
1 Bound 15000 -7000 17600 -5000;
( Rotate 90 );
9 gnd;
C 0 R 0 1 T 16000 -7000;
(SymbolCall gnd);
5 10 0 0 77000 -6000;
1 Bound 77000 -7000 79600 -5000;
( Rotate 90 );
9 gnd;
C 0 R 0 1 T 78000 -7000;
(SymbolCall gnd);
5 10 0 0 -86000 -25000;
1 Bound -86000 -26000 -83400 -24000;
( Rotate 90 );
9 gnd;
C 0 R 0 1 T -85000 -26000;
(SymbolCall gnd);
5 10 0 0 -44000 -25000;
1 Bound -44000 -26000 -41400 -24000;
( Rotate 90 );
9 gnd;
C 0 R 0 1 T -43000 -26000;
(SymbolCall gnd);
5 10 0 0 -102000 -30000;
1 Bound -103000 -32600 -101000 -30000;
9 gnd;
C 0 T -103000 -31000;
(SymbolCall gnd);
5 10 0 0 -96000 -30000;
1 Bound -97000 -32600 -95000 -30000;
9 gnd;
C 0 T -97000 -31000;
(SymbolCall gnd);
5 10 0 0 -76000 -30000;
1 Bound -77000 -32600 -75000 -30000;
9 gnd;
C 0 T -77000 -31000;
(SymbolCall gnd);
5 10 0 0 -70000 -30000;
1 Bound -71000 -32600 -69000 -30000;
9 gnd;
C 0 T -71000 -31000;
(SymbolCall gnd);
5 10 0 0 -60000 -30000;
1 Bound -61000 -32600 -59000 -30000;
9 gnd;
C 0 T -61000 -31000;
(SymbolCall gnd);
5 10 0 0 -54000 -30000;
1 Bound -55000 -32600 -53000 -30000;
9 gnd;
C 0 T -55000 -31000;
(SymbolCall gnd);
5 10 0 0 -34000 -30000;
1 Bound -35000 -32600 -33000 -30000;
9 gnd;
C 0 T -35000 -31000;
(SymbolCall gnd);
5 10 0 0 -28000 -30000;
1 Bound -29000 -32600 -27000 -30000;
9 gnd;
C 0 T -29000 -31000;
(SymbolCall gnd);
5 10 0 0 55000 -46000;
1 Bound 54000 -48600 56000 -46000;
9 gnd;
C 0 T 54000 -47000;
(SymbolCall gnd);
5 10 0 0 61000 -46000;
1 Bound 60000 -48600 62000 -46000;
9 gnd;
C 0 T 60000 -47000;
(SymbolCall gnd);
5 10 0 0 71000 -46000;
1 Bound 70000 -48600 72000 -46000;
9 gnd;
C 0 T 70000 -47000;
(SymbolCall gnd);
5 10 0 0 77000 -46000;
1 Bound 76000 -48600 78000 -46000;
9 gnd;
C 0 T 76000 -47000;
(SymbolCall gnd);
5 10 0 0 -102000 -65000;
1 Bound -103000 -67600 -101000 -65000;
9 gnd;
C 0 T -103000 -66000;
(SymbolCall gnd);
5 10 0 0 -96000 -65000;
1 Bound -97000 -67600 -95000 -65000;
9 gnd;
C 0 T -97000 -66000;
(SymbolCall gnd);
5 10 0 0 -76000 -65000;
1 Bound -77000 -67600 -75000 -65000;
9 gnd;
C 0 T -77000 -66000;
(SymbolCall gnd);
5 10 0 0 -70000 -65000;
1 Bound -71000 -67600 -69000 -65000;
9 gnd;
C 0 T -71000 -66000;
(SymbolCall gnd);
5 10 0 0 -60000 -65000;
1 Bound -61000 -67600 -59000 -65000;
9 gnd;
C 0 T -61000 -66000;
(SymbolCall gnd);
5 10 0 0 -54000 -65000;
1 Bound -55000 -67600 -53000 -65000;
9 gnd;
C 0 T -55000 -66000;
(SymbolCall gnd);
5 10 0 0 -34000 -65000;
1 Bound -35000 -67600 -33000 -65000;
9 gnd;
C 0 T -35000 -66000;
(SymbolCall gnd);
5 10 0 0 -28000 -65000;
1 Bound -29000 -67600 -27000 -65000;
9 gnd;
C 0 T -29000 -66000;
(SymbolCall ind);
5 2 2e-13;
5 10 27 1 -86000 18000 LPR01RX3-;
5 10 25 0 -86000 28000 LPR01RX3+;
5 15 -85000 27000 0 -1;
5 11 L.LPR01rx3 0;
1 Bound -86000 18000 -84500 28000;
9 ind;
C 0 T -87000 18000;
(SymbolCall ind);
5 2 2e-13;
5 10 5 1 -44000 18000 LPR05-;
5 10 26 0 -44000 28000 LPR05+;
5 15 -43000 27000 0 -1;
5 11 L.LPR05 1;
1 Bound -44000 18000 -42500 28000;
9 ind;
C 0 T -45000 18000;
(SymbolCall ind);
5 2 LRB09;
5 10 6 1 2000 24000 LRB09-;
5 10 28 0 -8000 24000 LRB09+;
5 15 -7000 25000 1 0;
5 11 L.LRB09 2;
1 Bound -8000 24000 2000 25500;
( Rotate 90 );
9 ind;
C 0 R 0 1 T 2000 23000;
(SymbolCall ind);
5 2 L01rx3;
5 10 7 1 -102000 18000 L01RX3-;
5 10 1 0 -112000 18000 L01RX3+;
5 15 -111000 19000 1 0;
5 11 L.L01rx3 3;
1 Bound -112000 18000 -102000 19500;
( Rotate 90 );
9 ind;
C 0 R 0 1 T -102000 17000;
(SymbolCall ind);
5 2 L02rx3;
5 10 27 1 -86000 18000 L02RX3-;
5 10 7 0 -96000 18000 L02RX3+;
5 15 -95000 19000 1 0;
5 11 L.L02rx3 4;
1 Bound -96000 18000 -86000 19500;
( Rotate 90 );
9 ind;
C 0 R 0 1 T -86000 17000;
(SymbolCall ind);
5 2 L03rx3;
5 10 8 1 -76000 18000 L03RX3-;
5 10 27 0 -86000 18000 L03RX3+;
5 15 -85000 19000 1 0;
5 11 L.L03rx3 5;
1 Bound -86000 18000 -76000 19500;
( Rotate 90 );
9 ind;
C 0 R 0 1 T -76000 17000;
(SymbolCall ind);
5 2 L04rx3;
5 10 9 1 -60000 18000 L04RX3-;
5 10 8 0 -70000 18000 L04RX3+;
5 15 -69000 19000 1 0;
5 11 L.L04rx3 6;
1 Bound -70000 18000 -60000 19500;
( Rotate 90 );
9 ind;
C 0 R 0 1 T -60000 17000;
(SymbolCall ind);
5 2 L11;
5 10 5 1 -44000 18000 L11-;
5 10 9 0 -54000 18000 L11+;
5 15 -53000 19000 1 0;
5 11 L.L11 7;
1 Bound -54000 18000 -44000 19500;
( Rotate 90 );
9 ind;
C 0 R 0 1 T -44000 17000;
(SymbolCall ind);
5 2 2e-13;
5 10 0 1 -102000 -2000 LP01RX3-;
5 10 29 0 -102000 8000 LP01RX3+;
5 15 -101000 7000 0 -1;
5 11 L.LP01rx3 8;
1 Bound -102000 -2000 -100500 8000;
9 ind;
C 0 T -103000 -2000;
(SymbolCall ind);
5 2 LRB01rx3;
5 10 0 1 -96000 -2000 LRB01RX3-;
5 10 30 0 -96000 8000 LRB01RX3+;
5 15 -95000 7000 0 -1;
5 11 L.LRB01rx3 9;
1 Bound -96000 -2000 -94500 8000;
9 ind;
C 0 T -97000 -2000;
(SymbolCall ind);
5 2 2e-13;
5 10 0 1 -76000 -2000 LP02RX3-;
5 10 31 0 -76000 8000 LP02RX3+;
5 15 -75000 7000 0 -1;
5 11 L.LP02rx3 10;
1 Bound -76000 -2000 -74500 8000;
9 ind;
C 0 T -77000 -2000;
(SymbolCall ind);
5 2 LRB02rx3;
5 10 0 1 -70000 -2000 LRB02RX3-;
5 10 32 0 -70000 8000 LRB02RX3+;
5 15 -69000 7000 0 -1;
5 11 L.LRB02rx3 11;
1 Bound -70000 -2000 -68500 8000;
9 ind;
C 0 T -71000 -2000;
(SymbolCall ind);
5 2 2e-13;
5 10 0 1 -60000 -2000 LP03RX3-;
5 10 33 0 -60000 8000 LP03RX3+;
5 15 -59000 7000 0 -1;
5 11 L.LP03rx3 12;
1 Bound -60000 -2000 -58500 8000;
9 ind;
C 0 T -61000 -2000;
(SymbolCall ind);
5 2 LRB03rx3;
5 10 0 1 -54000 -2000 LRB03RX3-;
5 10 34 0 -54000 8000 LRB03RX3+;
5 15 -53000 7000 0 -1;
5 11 L.LRB03rx3 13;
1 Bound -54000 -2000 -52500 8000;
9 ind;
C 0 T -55000 -2000;
(SymbolCall ind);
5 2 2e-13;
5 10 0 1 -34000 -2000 LP10-;
5 10 35 0 -34000 8000 LP10+;
5 15 -33000 7000 0 -1;
5 11 L.LP10 14;
1 Bound -34000 -2000 -32500 8000;
9 ind;
C 0 T -35000 -2000;
(SymbolCall ind);
5 2 LRB10;
5 10 0 1 -28000 -2000 LRB10-;
5 10 36 0 -28000 8000 LRB10+;
5 15 -27000 7000 0 -1;
5 11 L.LRB10 15;
1 Bound -28000 -2000 -26500 8000;
9 ind;
C 0 T -29000 -2000;
(SymbolCall ind);
5 2 2e-13;
5 10 39 1 -86000 -10000 LPR01RX1-;
5 10 37 0 -86000 0 LPR01RX1+;
5 15 -85000 -1000 0 -1;
5 11 L.LPR01rx1 16;
1 Bound -86000 -10000 -84500 0;
9 ind;
C 0 T -87000 -10000;
(SymbolCall ind);
5 2 2e-13;
5 10 10 1 -44000 -10000 LPR01-;
5 10 38 0 -44000 0 LPR01+;
5 15 -43000 -1000 0 -1;
5 11 L.LPR01 17;
1 Bound -44000 -10000 -42500 0;
9 ind;
C 0 T -45000 -10000;
(SymbolCall ind);
5 2 LRB03;
5 10 11 1 2000 -4000 LRB03-;
5 10 40 0 -8000 -4000 LRB03+;
5 15 -7000 -3000 1 0;
5 11 L.LRB03 18;
1 Bound -8000 -4000 2000 -2500;
( Rotate 90 );
9 ind;
C 0 R 0 1 T 2000 -5000;
(SymbolCall ind);
5 2 L01rx1;
5 10 12 1 -102000 -10000 L01RX1-;
5 10 2 0 -112000 -10000 L01RX1+;
5 15 -111000 -9000 1 0;
5 11 L.L01rx1 19;
1 Bound -112000 -10000 -102000 -8500;
( Rotate 90 );
9 ind;
C 0 R 0 1 T -102000 -11000;
(SymbolCall ind);
5 2 L02rx1;
5 10 39 1 -86000 -10000 L02RX1-;
5 10 12 0 -96000 -10000 L02RX1+;
5 15 -95000 -9000 1 0;
5 11 L.L02rx1 20;
1 Bound -96000 -10000 -86000 -8500;
( Rotate 90 );
9 ind;
C 0 R 0 1 T -86000 -11000;
(SymbolCall ind);
5 2 L03rx1;
5 10 13 1 -76000 -10000 L03RX1-;
5 10 39 0 -86000 -10000 L03RX1+;
5 15 -85000 -9000 1 0;
5 11 L.L03rx1 21;
1 Bound -86000 -10000 -76000 -8500;
( Rotate 90 );
9 ind;
C 0 R 0 1 T -76000 -11000;
(SymbolCall ind);
5 2 L04rx1;
5 10 14 1 -60000 -10000 L04RX1-;
5 10 13 0 -70000 -10000 L04RX1+;
5 15 -69000 -9000 1 0;
5 11 L.L04rx1 22;
1 Bound -70000 -10000 -60000 -8500;
( Rotate 90 );
9 ind;
C 0 R 0 1 T -60000 -11000;
(SymbolCall ind);
5 2 L14;
5 10 10 1 -44000 -10000 L14-;
5 10 14 0 -54000 -10000 L14+;
5 15 -53000 -9000 1 0;
5 11 L.L14 23;
1 Bound -54000 -10000 -44000 -8500;
( Rotate 90 );
9 ind;
C 0 R 0 1 T -44000 -11000;
(SymbolCall ind);
5 2 L03;
5 10 15 1 2000 -20000 L03-;
5 10 11 0 2000 -10000 L03+;
5 15 3000 -11000 0 -1;
5 11 L.L03 24;
1 Bound 2000 -20000 3500 -10000;
9 ind;
C 0 T 1000 -20000;
(SymbolCall ind);
5 2 2e-13;
5 10 15 1 15000 -26000 LPR04-;
5 10 41 0 15000 -16000 LPR04+;
5 15 16000 -17000 0 -1;
5 11 L.LPR04 25;
1 Bound 15000 -26000 16500 -16000;
9 ind;
C 0 T 14000 -26000;
(SymbolCall ind);
5 2 L10;
5 10 18 1 55000 -26000 L10-;
5 10 6 0 55000 -16000 L10+;
5 15 56000 -17000 0 -1;
5 11 L.L10 26;
1 Bound 55000 -26000 56500 -16000;
9 ind;
C 0 T 54000 -26000;
(SymbolCall ind);
5 2 2e-13;
5 10 19 1 77000 -26000 LPR02TX1-;
5 10 42 0 77000 -16000 LPR02TX1+;
5 15 78000 -17000 0 -1;
5 11 L.LPR02tx1 27;
1 Bound 77000 -26000 78500 -16000;
9 ind;
C 0 T 76000 -26000;
(SymbolCall ind);
5 2 LRB07;
5 10 17 1 45000 -20000 LRB07-;
5 10 51 0 35000 -20000 LRB07+;
5 15 36000 -19000 1 0;
5 11 L.LRB07 28;
1 Bound 35000 -20000 45000 -18500;
( Rotate 90 );
9 ind;
C 0 R 0 1 T 45000 -21000;
(SymbolCall ind);
5 2 2e-13;
5 10 0 1 -102000 -30000 LP01RX1-;
5 10 43 0 -102000 -20000 LP01RX1+;
5 15 -101000 -21000 0 -1;
5 11 L.LP01rx1 29;
1 Bound -102000 -30000 -100500 -20000;
9 ind;
C 0 T -103000 -30000;
(SymbolCall ind);
5 2 LRB01rx1;
5 10 0 1 -96000 -30000 LRB01RX1-;
5 10 44 0 -96000 -20000 LRB01RX1+;
5 15 -95000 -21000 0 -1;
5 11 L.LRB01rx1 30;
1 Bound -96000 -30000 -94500 -20000;
9 ind;
C 0 T -97000 -30000;
(SymbolCall ind);
5 2 2e-13;
5 10 0 1 -76000 -30000 LP02RX1-;
5 10 45 0 -76000 -20000 LP02RX1+;
5 15 -75000 -21000 0 -1;
5 11 L.LP02rx1 31;
1 Bound -76000 -30000 -74500 -20000;
9 ind;
C 0 T -77000 -30000;
(SymbolCall ind);
5 2 LRB02rx1;
5 10 0 1 -70000 -30000 LRB02RX1-;
5 10 46 0 -70000 -20000 LRB02RX1+;
5 15 -69000 -21000 0 -1;
5 11 L.LRB02rx1 32;
1 Bound -70000 -30000 -68500 -20000;
9 ind;
C 0 T -71000 -30000;
(SymbolCall ind);
5 2 2e-13;
5 10 0 1 -60000 -30000 LP03RX1-;
5 10 47 0 -60000 -20000 LP03RX1+;
5 15 -59000 -21000 0 -1;
5 11 L.LP03rx1 33;
1 Bound -60000 -30000 -58500 -20000;
9 ind;
C 0 T -61000 -30000;
(SymbolCall ind);
5 2 LRB03rx1;
5 10 0 1 -54000 -30000 LRB03RX1-;
5 10 48 0 -54000 -20000 LRB03RX1+;
5 15 -53000 -21000 0 -1;
5 11 L.LRB03rx1 34;
1 Bound -54000 -30000 -52500 -20000;
9 ind;
C 0 T -55000 -30000;
(SymbolCall ind);
5 2 2e-13;
5 10 0 1 -34000 -30000 LP01-;
5 10 49 0 -34000 -20000 LP01+;
5 15 -33000 -21000 0 -1;
5 11 L.LP01 35;
1 Bound -34000 -30000 -32500 -20000;
9 ind;
C 0 T -35000 -30000;
(SymbolCall ind);
5 2 LRB01;
5 10 0 1 -28000 -30000 LRB01-;
5 10 50 0 -28000 -20000 LRB01+;
5 15 -27000 -21000 0 -1;
5 11 L.LRB01 36;
1 Bound -28000 -30000 -26500 -20000;
9 ind;
C 0 T -29000 -30000;
(SymbolCall ind);
5 2 L08;
5 10 16 1 25000 -26000 L08-;
5 10 15 0 15000 -26000 L08+;
5 15 16000 -25000 1 0;
5 11 L.L08 37;
1 Bound 15000 -26000 25000 -24500;
( Rotate 90 );
9 ind;
C 0 R 0 1 T 25000 -27000;
(SymbolCall ind);
5 2 L09;
5 10 18 1 55000 -26000 L09-;
5 10 17 0 45000 -26000 L09+;
5 15 46000 -25000 1 0;
5 11 L.L09 38;
1 Bound 45000 -26000 55000 -24500;
( Rotate 90 );
9 ind;
C 0 R 0 1 T 55000 -27000;
(SymbolCall ind);
5 2 L12;
5 10 19 1 71000 -26000 L12-;
5 10 18 0 61000 -26000 L12+;
5 15 62000 -25000 1 0;
5 11 L.L12 39;
1 Bound 61000 -26000 71000 -24500;
( Rotate 90 );
9 ind;
C 0 R 0 1 T 71000 -27000;
(SymbolCall ind);
5 2 L03tx1;
5 10 52 1 87000 -26000 L03TX1-;
5 10 19 0 77000 -26000 L03TX1+;
5 15 78000 -25000 1 0;
5 11 L.L03tx1 40;
1 Bound 77000 -26000 87000 -24500;
( Rotate 90 );
9 ind;
C 0 R 0 1 T 87000 -27000;
(SymbolCall ind);
5 2 L03;
5 10 21 1 2000 -39000 L06-;
5 10 15 0 2000 -29000 L06+;
5 15 3000 -30000 0 -1;
5 11 L.L06 41;
1 Bound 2000 -39000 3500 -29000;
9 ind;
C 0 T 1000 -39000;
(SymbolCall ind);
5 2 2e-13;
5 10 59 1 -86000 -45000 LPR01RX2-;
5 10 53 0 -86000 -35000 LPR01RX2+;
5 15 -85000 -36000 0 -1;
5 11 L.LPR01rx2 42;
1 Bound -86000 -45000 -84500 -35000;
9 ind;
C 0 T -87000 -45000;
(SymbolCall ind);
5 2 2e-13;
5 10 20 1 -44000 -45000 LPR02-;
5 10 54 0 -44000 -35000 LPR02+;
5 15 -43000 -36000 0 -1;
5 11 L.LPR02 43;
1 Bound -44000 -45000 -42500 -35000;
9 ind;
C 0 T -45000 -45000;
(SymbolCall ind);
5 2 2e-13;
5 10 0 1 55000 -46000 LP05-;
5 10 55 0 55000 -36000 LP05+;
5 15 56000 -37000 0 -1;
5 11 L.LP05 44;
1 Bound 55000 -46000 56500 -36000;
9 ind;
C 0 T 54000 -46000;
(SymbolCall ind);
5 2 LRB08;
5 10 0 1 61000 -46000 LRB08-;
5 10 56 0 61000 -36000 LRB08+;
5 15 62000 -37000 0 -1;
5 11 L.LRB08 45;
1 Bound 61000 -46000 62500 -36000;
9 ind;
C 0 T 60000 -46000;
(SymbolCall ind);
5 2 2e-13;
5 10 0 1 71000 -46000 LP02TX1-;
5 10 57 0 71000 -36000 LP02TX1+;
5 15 72000 -37000 0 -1;
5 11 L.LP02tx1 46;
1 Bound 71000 -46000 72500 -36000;
9 ind;
C 0 T 70000 -46000;
(SymbolCall ind);
5 2 LRB02tx1;
5 10 0 1 77000 -46000 LRB02TX1-;
5 10 58 0 77000 -36000 LRB02TX1+;
5 15 78000 -37000 0 -1;
5 11 L.LRB02tx1 47;
1 Bound 77000 -46000 78500 -36000;
9 ind;
C 0 T 76000 -46000;
(SymbolCall ind);
5 2 LRB03;
5 10 21 1 2000 -39000 LRB06-;
5 10 60 0 -8000 -39000 LRB06+;
5 15 -7000 -38000 1 0;
5 11 L.LRB06 48;
1 Bound -8000 -39000 2000 -37500;
( Rotate 90 );
9 ind;
C 0 R 0 1 T 2000 -40000;
(SymbolCall ind);
5 2 L01rx1;
5 10 22 1 -102000 -45000 L01RX2-;
5 10 3 0 -112000 -45000 L01RX2+;
5 15 -111000 -44000 1 0;
5 11 L.L01rx2 49;
1 Bound -112000 -45000 -102000 -43500;
( Rotate 90 );
9 ind;
C 0 R 0 1 T -102000 -46000;
(SymbolCall ind);
5 2 L02rx1;
5 10 59 1 -86000 -45000 L02RX2-;
5 10 22 0 -96000 -45000 L02RX2+;
5 15 -95000 -44000 1 0;
5 11 L.L02rx2 50;
1 Bound -96000 -45000 -86000 -43500;
( Rotate 90 );
9 ind;
C 0 R 0 1 T -86000 -46000;
(SymbolCall ind);
5 2 L03rx1;
5 10 23 1 -76000 -45000 L03RX2-;
5 10 59 0 -86000 -45000 L03RX2+;
5 15 -85000 -44000 1 0;
5 11 L.L03rx2 51;
1 Bound -86000 -45000 -76000 -43500;
( Rotate 90 );
9 ind;
C 0 R 0 1 T -76000 -46000;
(SymbolCall ind);
5 2 L04rx1;
5 10 24 1 -60000 -45000 L04RX2-;
5 10 23 0 -70000 -45000 L04RX2+;
5 15 -69000 -44000 1 0;
5 11 L.L04rx2 52;
1 Bound -70000 -45000 -60000 -43500;
( Rotate 90 );
9 ind;
C 0 R 0 1 T -60000 -46000;
(SymbolCall ind);
5 2 L14;
5 10 20 1 -44000 -45000 L15-;
5 10 24 0 -54000 -45000 L15+;
5 15 -53000 -44000 1 0;
5 11 L.L15 53;
1 Bound -54000 -45000 -44000 -43500;
( Rotate 90 );
9 ind;
C 0 R 0 1 T -44000 -46000;
(SymbolCall ind);
5 2 2e-13;
5 10 0 1 -102000 -65000 LP01RX2-;
5 10 61 0 -102000 -55000 LP01RX2+;
5 15 -101000 -56000 0 -1;
5 11 L.LP01rx2 54;
1 Bound -102000 -65000 -100500 -55000;
9 ind;
C 0 T -103000 -65000;
(SymbolCall ind);
5 2 LRB01rx1;
5 10 0 1 -96000 -65000 LRB01RX2-;
5 10 62 0 -96000 -55000 LRB01RX2+;
5 15 -95000 -56000 0 -1;
5 11 L.LRB01rx2 55;
1 Bound -96000 -65000 -94500 -55000;
9 ind;
C 0 T -97000 -65000;
(SymbolCall ind);
5 2 2e-13;
5 10 0 1 -76000 -65000 LP02RX2-;
5 10 63 0 -76000 -55000 LP02RX2+;
5 15 -75000 -56000 0 -1;
5 11 L.LP02rx2 56;
1 Bound -76000 -65000 -74500 -55000;
9 ind;
C 0 T -77000 -65000;
(SymbolCall ind);
5 2 LRB02rx1;
5 10 0 1 -70000 -65000 LRB02RX2-;
5 10 64 0 -70000 -55000 LRB02RX2+;
5 15 -69000 -56000 0 -1;
5 11 L.LRB02rx2 57;
1 Bound -70000 -65000 -68500 -55000;
9 ind;
C 0 T -71000 -65000;
(SymbolCall ind);
5 2 2e-13;
5 10 0 1 -60000 -65000 LP03RX2-;
5 10 65 0 -60000 -55000 LP03RX2+;
5 15 -59000 -56000 0 -1;
5 11 L.LP03rx2 58;
1 Bound -60000 -65000 -58500 -55000;
9 ind;
C 0 T -61000 -65000;
(SymbolCall ind);
5 2 LRB03rx1;
5 10 0 1 -54000 -65000 LRB03RX2-;
5 10 66 0 -54000 -55000 LRB03RX2+;
5 15 -53000 -56000 0 -1;
5 11 L.LRB03rx2 59;
1 Bound -54000 -65000 -52500 -55000;
9 ind;
C 0 T -55000 -65000;
(SymbolCall ind);
5 2 2e-13;
5 10 0 1 -34000 -65000 LP03-;
5 10 67 0 -34000 -55000 LP03+;
5 15 -33000 -56000 0 -1;
5 11 L.LP03 60;
1 Bound -34000 -65000 -32500 -55000;
9 ind;
C 0 T -35000 -65000;
(SymbolCall ind);
5 2 LRB01;
5 10 0 1 -28000 -65000 LRB04-;
5 10 68 0 -28000 -55000 LRB04+;
5 15 -27000 -56000 0 -1;
5 11 L.LRB04 61;
1 Bound -28000 -65000 -26500 -55000;
9 ind;
C 0 T -29000 -65000;
(SymbolCall isrc);
5 2 pwl(0 0 5p IB01rx3);
5 10 25 1 -86000 28000 IB01RX3_1;
5 10 0 0 -86000 38000 IB01RX3_0;
5 15 -86000 32000 0 -1 @<name>[c];
5 11 I.IB01rx3 0;
5 5 nophys;
1 Bound -88000 28000 -84000 38000;
9 isrc;
C 0 T -88000 28000;
(SymbolCall isrc);
5 2 pwl(0 0 5p IB05);
5 10 26 1 -44000 28000 IB05_1;
5 10 0 0 -44000 38000 IB05_0;
5 15 -44000 32000 0 -1 @<name>[c];
5 11 I.IB05 1;
5 5 nophys;
1 Bound -46000 28000 -42000 38000;
9 isrc;
C 0 T -46000 28000;
(SymbolCall isrc);
5 2 pwl(0 0 5p IB01rx1);
5 10 37 1 -86000 0 IB01RX1_1;
5 10 0 0 -86000 10000 IB01RX1_0;
5 15 -86000 4000 0 -1 @<name>[c];
5 11 I.IB01rx1 2;
5 5 nophys;
1 Bound -88000 0 -84000 10000;
9 isrc;
C 0 T -88000 0;
(SymbolCall isrc);
5 2 pwl(0 0 5p IB01);
5 10 38 1 -44000 0 IB01_1;
5 10 0 0 -44000 10000 IB01_0;
5 15 -44000 4000 0 -1 @<name>[c];
5 11 I.IB01 3;
5 5 nophys;
1 Bound -46000 0 -42000 10000;
9 isrc;
C 0 T -46000 0;
(SymbolCall isrc);
5 2 pwl(0 0 5p IB04);
5 10 41 1 15000 -16000 IB04_1;
5 10 0 0 15000 -6000 IB04_0;
5 15 15000 -12000 0 -1 @<name>[c];
5 11 I.IB04 4;
5 5 nophys;
1 Bound 13000 -16000 17000 -6000;
9 isrc;
C 0 T 13000 -16000;
(SymbolCall isrc);
5 2 pwl(0 0 5p IB02tx1);
5 10 42 1 77000 -16000 IB02TX1_1;
5 10 0 0 77000 -6000 IB02TX1_0;
5 15 77000 -12000 0 -1 @<name>[c];
5 11 I.IB02tx1 5;
5 5 nophys;
1 Bound 75000 -16000 79000 -6000;
9 isrc;
C 0 T 75000 -16000;
(SymbolCall isrc);
5 2 pwl(0 0 5p IB01rx1);
5 10 53 1 -86000 -35000 IB01RX2_1;
5 10 0 0 -86000 -25000 IB01RX2_0;
5 15 -86000 -31000 0 -1 @<name>[c];
5 11 I.IB01rx2 6;
5 5 nophys;
1 Bound -88000 -35000 -84000 -25000;
9 isrc;
C 0 T -88000 -35000;
(SymbolCall isrc);
5 2 pwl(0 0 5p IB01);
5 10 54 1 -44000 -35000 IB02_1;
5 10 0 0 -44000 -25000 IB02_0;
5 15 -44000 -31000 0 -1 @<name>[c];
5 11 I.IB02 7;
5 5 nophys;
1 Bound -46000 -35000 -42000 -25000;
9 isrc;
C 0 T -46000 -35000;
(SymbolCall jj);
5 3 area=B09;
5 1 jmitll;
5 10 69 2 -16000 17000 B09_2;
5 10 6 1 -8000 18000 B09-;
5 10 5 0 -18000 18000 B09+;
5 11 B.B09 0;
1 Bound -18000 16500 -8000 19500;
( Rotate 90 );
9 jj;
C 0 R 0 1 T -8000 17000;
(SymbolCall jj);
5 3 area=B01rx3;
5 1 jmitll;
5 10 70 2 -103000 16000 B01RX3_2;
5 10 29 1 -102000 8000 B01RX3-;
5 10 7 0 -102000 18000 B01RX3+;
5 11 B.B01rx3 1;
1 Bound -103500 8000 -100500 18000;
9 jj;
C 0 T -103000 8000;
(SymbolCall jj);
5 3 area=B02rx3;
5 1 jmitll;
5 10 71 2 -77000 16000 B02RX3_2;
5 10 31 1 -76000 8000 B02RX3-;
5 10 8 0 -76000 18000 B02RX3+;
5 11 B.B02rx3 2;
1 Bound -77500 8000 -74500 18000;
9 jj;
C 0 T -77000 8000;
(SymbolCall jj);
5 3 area=B03rx3;
5 1 jmitll;
5 10 72 2 -61000 16000 B03RX3_2;
5 10 33 1 -60000 8000 B03RX3-;
5 10 9 0 -60000 18000 B03RX3+;
5 11 B.B03rx3 3;
1 Bound -61500 8000 -58500 18000;
9 jj;
C 0 T -61000 8000;
(SymbolCall jj);
5 3 area=B10;
5 1 jmitll;
5 10 73 2 -35000 16000 B10_2;
5 10 35 1 -34000 8000 B10-;
5 10 5 0 -34000 18000 B10+;
5 11 B.B10 4;
1 Bound -35500 8000 -32500 18000;
9 jj;
C 0 T -35000 8000;
(SymbolCall jj);
5 3 area=B03;
5 1 jmitll;
5 10 74 2 -16000 -11000 B03_2;
5 10 11 1 -8000 -10000 B03-;
5 10 10 0 -18000 -10000 B03+;
5 11 B.B03 5;
1 Bound -18000 -11500 -8000 -8500;
( Rotate 90 );
9 jj;
C 0 R 0 1 T -8000 -11000;
(SymbolCall jj);
5 3 area=B01rx1;
5 1 jmitll;
5 10 75 2 -103000 -12000 B01RX1_2;
5 10 43 1 -102000 -20000 B01RX1-;
5 10 12 0 -102000 -10000 B01RX1+;
5 11 B.B01rx1 6;
1 Bound -103500 -20000 -100500 -10000;
9 jj;
C 0 T -103000 -20000;
(SymbolCall jj);
5 3 area=B02rx1;
5 1 jmitll;
5 10 76 2 -77000 -12000 B02RX1_2;
5 10 45 1 -76000 -20000 B02RX1-;
5 10 13 0 -76000 -10000 B02RX1+;
5 11 B.B02rx1 7;
1 Bound -77500 -20000 -74500 -10000;
9 jj;
C 0 T -77000 -20000;
(SymbolCall jj);
5 3 area=B03rx1;
5 1 jmitll;
5 10 77 2 -61000 -12000 B03RX1_2;
5 10 47 1 -60000 -20000 B03RX1-;
5 10 14 0 -60000 -10000 B03RX1+;
5 11 B.B03rx1 8;
1 Bound -61500 -20000 -58500 -10000;
9 jj;
C 0 T -61000 -20000;
(SymbolCall jj);
5 3 area=B01;
5 1 jmitll;
5 10 78 2 -35000 -12000 B01_2;
5 10 49 1 -34000 -20000 B01-;
5 10 10 0 -34000 -10000 B01+;
5 11 B.B01 9;
1 Bound -35500 -20000 -32500 -10000;
9 jj;
C 0 T -35000 -20000;
(SymbolCall jj);
5 3 area=B07;
5 1 jmitll;
5 10 79 2 27000 -27000 B07_2;
5 10 17 1 35000 -26000 B07-;
5 10 16 0 25000 -26000 B07+;
5 11 B.B07 10;
1 Bound 25000 -27500 35000 -24500;
( Rotate 90 );
9 jj;
C 0 R 0 1 T 35000 -27000;
(SymbolCall jj);
5 3 area=B08;
5 1 jmitll;
5 10 80 2 54000 -28000 B08_2;
5 10 55 1 55000 -36000 B08-;
5 10 18 0 55000 -26000 B08+;
5 11 B.B08 11;
1 Bound 53500 -36000 56500 -26000;
9 jj;
C 0 T 54000 -36000;
(SymbolCall jj);
5 3 area=B02tx1;
5 1 jmitll;
5 10 81 2 70000 -28000 B02TX1_2;
5 10 57 1 71000 -36000 B02TX1-;
5 10 19 0 71000 -26000 B02TX1+;
5 11 B.B02tx1 12;
1 Bound 69500 -36000 72500 -26000;
9 jj;
C 0 T 70000 -36000;
(SymbolCall jj);
5 3 area=B03;
5 1 jmitll;
5 10 82 2 -16000 -46000 B06_2;
5 10 21 1 -8000 -45000 B06-;
5 10 20 0 -18000 -45000 B06+;
5 11 B.B06 13;
1 Bound -18000 -46500 -8000 -43500;
( Rotate 90 );
9 jj;
C 0 R 0 1 T -8000 -46000;
(SymbolCall jj);
5 3 area=B01rx1;
5 1 jmitll;
5 10 83 2 -103000 -47000 B01RX2_2;
5 10 61 1 -102000 -55000 B01RX2-;
5 10 22 0 -102000 -45000 B01RX2+;
5 11 B.B01rx2 14;
1 Bound -103500 -55000 -100500 -45000;
9 jj;
C 0 T -103000 -55000;
(SymbolCall jj);
5 3 area=B02rx1;
5 1 jmitll;
5 10 84 2 -77000 -47000 B02RX2_2;
5 10 63 1 -76000 -55000 B02RX2-;
5 10 23 0 -76000 -45000 B02RX2+;
5 11 B.B02rx2 15;
1 Bound -77500 -55000 -74500 -45000;
9 jj;
C 0 T -77000 -55000;
(SymbolCall jj);
5 3 area=B03rx1;
5 1 jmitll;
5 10 85 2 -61000 -47000 B03RX2_2;
5 10 65 1 -60000 -55000 B03RX2-;
5 10 24 0 -60000 -45000 B03RX2+;
5 11 B.B03rx2 16;
1 Bound -61500 -55000 -58500 -45000;
9 jj;
C 0 T -61000 -55000;
(SymbolCall jj);
5 3 area=B01;
5 1 jmitll;
5 10 86 2 -35000 -47000 B04_2;
5 10 67 1 -34000 -55000 B04-;
5 10 20 0 -34000 -45000 B04+;
5 11 B.B04 17;
1 Bound -35500 -55000 -32500 -45000;
9 jj;
C 0 T -35000 -55000;
(SymbolCall res);
5 1 RB09;
5 10 28 1 -8000 24000 RB09-;
5 10 5 0 -18000 24000 RB09+;
5 15 -17000 23000 1 0 "<v>/<value>O";
5 11 R.RB09 0;
1 Bound -18000 22750 -8000 25000;
( Rotate 90 );
9 res;
C 0 R 0 1 T -18000 24000;
(SymbolCall res);
5 1 RB01rx3;
5 10 30 1 -96000 8000 RB01RX3-;
5 10 7 0 -96000 18000 RB01RX3+;
5 15 -97000 17000 0 -1 "<v>/<value>O";
5 11 R.RB01rx3 1;
1 Bound -97250 8000 -95000 18000;
9 res;
C 0 T -96000 18000;
(SymbolCall res);
5 1 RB02rx3;
5 10 32 1 -70000 8000 RB02RX3-;
5 10 8 0 -70000 18000 RB02RX3+;
5 15 -71000 17000 0 -1 "<v>/<value>O";
5 11 R.RB02rx3 2;
1 Bound -71250 8000 -69000 18000;
9 res;
C 0 T -70000 18000;
(SymbolCall res);
5 1 RB03rx3;
5 10 34 1 -54000 8000 RB03RX3-;
5 10 9 0 -54000 18000 RB03RX3+;
5 15 -55000 17000 0 -1 "<v>/<value>O";
5 11 R.RB03rx3 3;
1 Bound -55250 8000 -53000 18000;
9 res;
C 0 T -54000 18000;
(SymbolCall res);
5 1 RB10;
5 10 36 1 -28000 8000 RB10-;
5 10 5 0 -28000 18000 RB10+;
5 15 -29000 17000 0 -1 "<v>/<value>O";
5 11 R.RB10 4;
1 Bound -29250 8000 -27000 18000;
9 res;
C 0 T -28000 18000;
(SymbolCall res);
5 1 RB03;
5 10 40 1 -8000 -4000 RB03-;
5 10 10 0 -18000 -4000 RB03+;
5 15 -17000 -5000 1 0 "<v>/<value>O";
5 11 R.RB03 5;
1 Bound -18000 -5250 -8000 -3000;
( Rotate 90 );
9 res;
C 0 R 0 1 T -18000 -4000;
(SymbolCall res);
5 1 RB01rx1;
5 10 44 1 -96000 -20000 RB01RX1-;
5 10 12 0 -96000 -10000 RB01RX1+;
5 15 -97000 -11000 0 -1 "<v>/<value>O";
5 11 R.RB01rx1 6;
1 Bound -97250 -20000 -95000 -10000;
9 res;
C 0 T -96000 -10000;
(SymbolCall res);
5 1 RB02rx1;
5 10 46 1 -70000 -20000 RB02RX1-;
5 10 13 0 -70000 -10000 RB02RX1+;
5 15 -71000 -11000 0 -1 "<v>/<value>O";
5 11 R.RB02rx1 7;
1 Bound -71250 -20000 -69000 -10000;
9 res;
C 0 T -70000 -10000;
(SymbolCall res);
5 1 RB03rx1;
5 10 48 1 -54000 -20000 RB03RX1-;
5 10 14 0 -54000 -10000 RB03RX1+;
5 15 -55000 -11000 0 -1 "<v>/<value>O";
5 11 R.RB03rx1 8;
1 Bound -55250 -20000 -53000 -10000;
9 res;
C 0 T -54000 -10000;
(SymbolCall res);
5 1 RB01;
5 10 50 1 -28000 -20000 RB01-;
5 10 10 0 -28000 -10000 RB01+;
5 15 -29000 -11000 0 -1 "<v>/<value>O";
5 11 R.RB01 9;
1 Bound -29250 -20000 -27000 -10000;
9 res;
C 0 T -28000 -10000;
(SymbolCall res);
5 1 RB07;
5 10 51 1 35000 -20000 RB07-;
5 10 16 0 25000 -20000 RB07+;
5 15 26000 -21000 1 0 "<v>/<value>O";
5 11 R.RB07 10;
1 Bound 25000 -21250 35000 -19000;
( Rotate 90 );
9 res;
C 0 R 0 1 T 25000 -20000;
(SymbolCall res);
5 2 1.36;
5 10 4 1 97000 -26000 RINSTX1-;
5 10 52 0 87000 -26000 RINSTX1+;
5 15 88000 -27000 1 0 "<v>/<value>O";
5 11 R.RINStx1 11;
1 Bound 87000 -27250 97000 -25000;
( Rotate 90 );
9 res;
C 0 R 0 1 T 87000 -26000;
(SymbolCall res);
5 1 RB08;
5 10 56 1 61000 -36000 RB08-;
5 10 18 0 61000 -26000 RB08+;
5 15 60000 -27000 0 -1 "<v>/<value>O";
5 11 R.RB08 12;
1 Bound 59750 -36000 62000 -26000;
9 res;
C 0 T 61000 -26000;
(SymbolCall res);
5 1 RB02tx1;
5 10 58 1 77000 -36000 RB02TX1-;
5 10 19 0 77000 -26000 RB02TX1+;
5 15 76000 -27000 0 -1 "<v>/<value>O";
5 11 R.RB02tx1 13;
1 Bound 75750 -36000 78000 -26000;
9 res;
C 0 T 77000 -26000;
(SymbolCall res);
5 1 RB03;
5 10 60 1 -8000 -39000 RB06-;
5 10 20 0 -18000 -39000 RB06+;
5 15 -17000 -40000 1 0 "<v>/<value>O";
5 11 R.RB06 14;
1 Bound -18000 -40250 -8000 -38000;
( Rotate 90 );
9 res;
C 0 R 0 1 T -18000 -39000;
(SymbolCall res);
5 1 RB01rx1;
5 10 62 1 -96000 -55000 RB01RX2-;
5 10 22 0 -96000 -45000 RB01RX2+;
5 15 -97000 -46000 0 -1 "<v>/<value>O";
5 11 R.RB01rx2 15;
1 Bound -97250 -55000 -95000 -45000;
9 res;
C 0 T -96000 -45000;
(SymbolCall res);
5 1 RB02rx1;
5 10 64 1 -70000 -55000 RB02RX2-;
5 10 23 0 -70000 -45000 RB02RX2+;
5 15 -71000 -46000 0 -1 "<v>/<value>O";
5 11 R.RB02rx2 16;
1 Bound -71250 -55000 -69000 -45000;
9 res;
C 0 T -70000 -45000;
(SymbolCall res);
5 1 RB03rx1;
5 10 66 1 -54000 -55000 RB03RX2-;
5 10 24 0 -54000 -45000 RB03RX2+;
5 15 -55000 -46000 0 -1 "<v>/<value>O";
5 11 R.RB03rx2 17;
1 Bound -55250 -55000 -53000 -45000;
9 res;
C 0 T -54000 -45000;
(SymbolCall res);
5 1 RB01;
5 10 68 1 -28000 -55000 RB04-;
5 10 20 0 -28000 -45000 RB04+;
5 15 -29000 -46000 0 -1 "<v>/<value>O";
5 11 R.RB04 18;
1 Bound -29250 -55000 -27000 -45000;
9 res;
C 0 T -28000 -45000;
L SCED;
5 10 5;
W2 0 -44000 18000 -34000 18000 -28000 18000 -18000 18000 -18000 24000;
5 10 6;
W2 0 2000 24000 2000 18000;
5 10 7;
W2 0 -102000 18000 -96000 18000;
5 10 8;
W2 0 -76000 18000 -70000 18000;
5 10 9;
W2 0 -60000 18000 -54000 18000;
5 10 6;
W2 0 -8000 18000 2000 18000 55000 18000 55000 -16000;
5 10 10;
W2 0 -44000 -10000 -34000 -10000 -28000 -10000 -18000 -10000 -18000 -4000;
5 10 11;
W2 0 -8000 -10000 2000 -10000 2000 -4000;
5 10 12;
W2 0 -102000 -10000 -96000 -10000;
5 10 13;
W2 0 -76000 -10000 -70000 -10000;
5 10 14;
W2 0 -60000 -10000 -54000 -10000;
5 10 15;
W2 0 2000 -20000 2000 -26000 2000 -29000 2000 -30000;
5 10 16;
W2 0 25000 -20000 25000 -26000;
5 10 17;
W2 0 45000 -20000 45000 -26000 35000 -26000;
5 10 15;
W2 0 15000 -26000 2000 -26000;
5 10 18;
W2 0 61000 -26000 55000 -26000;
5 10 19;
W2 0 77000 -26000 71000 -26000;
5 10 20;
W2 0 -44000 -45000 -34000 -45000 -28000 -45000 -18000 -45000 -18000 -39000;
5 10 21;
W2 0 2000 -39000 2000 -45000 -8000 -45000;
5 10 22;
W2 0 -102000 -45000 -96000 -45000;
5 10 23;
W2 0 -76000 -45000 -70000 -45000;
5 10 24;
W2 0 -60000 -45000 -54000 -45000;
L NAME;
5 16 I 0 11;
94 <<IB01rx3>> -88250 36750 320 3675 1000;
5 16 I 1 11;
94 <<IB05>> -46250 36750 320 2175 1000;
5 16 L 0 11;
94 <<LPR01rx3>> -86250 26750 320 4575 1000;
5 16 L 1 11;
94 <<LPR05>> -44250 26750 320 3075 1000;
5 16 L 2 11;
94 <<LRB09>> -7750 25750 0 3075 1000;
5 16 R 0 11;
94 <<RB09>> -17750 25250 0 2475 1000;
5 16 L 3 11;
94 <<L01rx3>> -111750 19750 0 3375 1000;
5 16 L 4 11;
94 <<L02rx3>> -95750 19750 0 3600 1000;
5 16 L 5 11;
94 <<L03rx3>> -85750 19750 0 3600 1000;
5 16 L 6 11;
94 <<L04rx3>> -69750 19750 0 3600 1000;
5 16 L 7 11;
94 <<L11>> -53750 19750 0 1425 1000;
5 16 B 0 11;
94 <<B09>> -17750 19750 0 1875 1000;
5 16 B 1 11;
94 <<B01rx3>> -103750 16750 320 3375 1000;
5 16 R 1 11;
94 <<RB01rx3>> -97500 16750 320 3975 1000;
5 16 B 2 11;
94 <<B02rx3>> -77750 16750 320 3600 1000;
5 16 R 2 11;
94 <<RB02rx3>> -71500 16750 320 4200 1000;
5 16 B 3 11;
94 <<B03rx3>> -61750 16750 320 3600 1000;
5 16 R 3 11;
94 <<RB03rx3>> -55500 16750 320 4200 1000;
5 16 B 4 11;
94 <<B10>> -35750 16750 320 1650 1000;
5 16 R 4 11;
94 <<RB10>> -29500 16750 320 2250 1000;
5 16 I 2 11;
94 <<IB01rx1>> -88250 8750 320 3450 1000;
5 16 I 3 11;
94 <<IB01>> -46250 8750 320 1950 1000;
5 16 L 8 11;
94 <<LP01rx3>> -102250 6750 320 3975 1000;
5 16 L 9 11;
94 <<LRB01rx3>> -96250 6750 320 4575 1000;
5 16 L 10 11;
94 <<LP02rx3>> -76250 6750 320 4200 1000;
5 16 L 11 11;
94 <<LRB02rx3>> -70250 6750 320 4800 1000;
5 16 L 12 11;
94 <<LP03rx3>> -60250 6750 320 4200 1000;
5 16 L 13 11;
94 <<LRB03rx3>> -54250 6750 320 4800 1000;
5 16 L 14 11;
94 <<LP10>> -34250 6750 320 2250 1000;
5 16 L 15 11;
94 <<LRB10>> -28250 6750 320 2850 1000;
5 16 L 16 11;
94 <<LPR01rx1>> -86250 -1250 320 4350 1000;
5 16 L 17 11;
94 <<LPR01>> -44250 -1250 320 2850 1000;
5 16 L 18 11;
94 <<LRB03>> -7750 -2250 0 3075 1000;
5 16 R 5 11;
94 <<RB03>> -17750 -2750 0 2475 1000;
5 16 L 19 11;
94 <<L01rx1>> -111750 -8250 0 3150 1000;
5 16 L 20 11;
94 <<L02rx1>> -95750 -8250 0 3375 1000;
5 16 L 21 11;
94 <<L03rx1>> -85750 -8250 0 3375 1000;
5 16 L 22 11;
94 <<L04rx1>> -69750 -8250 0 3375 1000;
5 16 L 23 11;
94 <<L14>> -53750 -8250 0 1650 1000;
5 16 B 5 11;
94 <<B03>> -17750 -8250 0 1875 1000;
5 16 I 4 11;
94 <<IB04>> 12750 -7250 320 2175 1000;
5 16 I 5 11;
94 <<IB02tx1>> 74750 -7250 320 3600 1000;
5 16 B 6 11;
94 <<B01rx1>> -103750 -11250 320 3150 1000;
5 16 R 6 11;
94 <<RB01rx1>> -97500 -11250 320 3750 1000;
5 16 B 7 11;
94 <<B02rx1>> -77750 -11250 320 3375 1000;
5 16 R 7 11;
94 <<RB02rx1>> -71500 -11250 320 3975 1000;
5 16 R 8 11;
94 <<RB03rx1>> -55500 -11250 320 3975 1000;
5 16 B 9 11;
94 <<B01>> -35750 -11250 320 1650 1000;
5 16 R 9 11;
94 <<RB01>> -29500 -11250 320 2250 1000;
5 16 L 24 11;
94 <<L03>> 1750 -11250 320 1875 1000;
5 16 B 8 11;
94 <<B03rx1>> -62750 -13250 320 3375 1000;
5 16 L 25 11;
94 <<LPR04>> 14750 -17250 320 3075 1000;
5 16 L 28 11;
94 <<LRB07>> 35250 -18250 0 3075 1000;
5 16 L 26 11;
94 <<L10>> 54750 -17250 320 1650 1000;
5 16 L 27 11;
94 <<LPR02tx1>> 76750 -17250 320 4500 1000;
5 16 R 10 11;
94 <<RB07>> 25250 -18750 0 2475 1000;
5 16 L 29 11;
94 <<LP01rx1>> -102250 -21250 320 3750 1000;
5 16 L 30 11;
94 <<LRB01rx1>> -96250 -21250 320 4350 1000;
5 16 L 31 11;
94 <<LP02rx1>> -76250 -21250 320 3975 1000;
5 16 L 32 11;
94 <<LRB02rx1>> -70250 -21250 320 4575 1000;
5 16 L 33 11;
94 <<LP03rx1>> -60250 -21250 320 3975 1000;
5 16 L 34 11;
94 <<LRB03rx1>> -54250 -21250 320 4575 1000;
5 16 L 35 11;
94 <<LP01>> -34250 -21250 320 2250 1000;
5 16 L 36 11;
94 <<LRB01>> -28250 -21250 320 2850 1000;
5 16 L 37 11;
94 <<L08>> 15250 -24250 0 1875 1000;
5 16 B 10 11;
94 <<B07>> 25250 -24250 0 1875 1000;
5 16 L 38 11;
94 <<L09>> 45250 -24250 0 1875 1000;
5 16 L 39 11;
94 <<L12>> 61250 -24250 0 1650 1000;
5 16 L 40 11;
94 <<L03tx1>> 77250 -24250 0 3300 1000;
5 16 R 11 11;
94 <<RINStx1>> 87250 -24750 0 3600 1000;
5 16 I 6 11;
94 <<IB01rx2>> -88250 -26250 320 3675 1000;
5 16 I 7 11;
94 <<IB02>> -46250 -26250 320 2175 1000;
5 16 B 11 11;
94 <<B08>> 53250 -27250 320 1875 1000;
5 16 R 12 11;
94 <<RB08>> 59500 -27250 320 2475 1000;
5 16 B 12 11;
94 <<B02tx1>> 69250 -27250 320 3300 1000;
5 16 R 13 11;
94 <<RB02tx1>> 75500 -27250 320 3900 1000;
5 16 L 41 11;
94 <<L06>> 1750 -30250 320 1875 1000;
5 16 L 42 11;
94 <<LPR01rx2>> -86250 -36250 320 4575 1000;
5 16 L 43 11;
94 <<LPR02>> -44250 -36250 320 3075 1000;
5 16 L 48 11;
94 <<LRB06>> -7750 -37250 0 3075 1000;
5 16 R 14 11;
94 <<RB06>> -17750 -37750 0 2475 1000;
5 16 L 44 11;
94 <<LP05>> 54750 -37250 320 2475 1000;
5 16 L 45 11;
94 <<LRB08>> 60750 -37250 320 3075 1000;
5 16 L 46 11;
94 <<LP02tx1>> 70750 -37250 320 3900 1000;
5 16 L 47 11;
94 <<LRB02tx1>> 76750 -37250 320 4500 1000;
5 16 L 49 11;
94 <<L01rx2>> -111750 -43250 0 3375 1000;
5 16 L 50 11;
94 <<L02rx2>> -95750 -43250 0 3600 1000;
5 16 L 51 11;
94 <<L03rx2>> -85750 -43250 0 3600 1000;
5 16 L 52 11;
94 <<L04rx2>> -69750 -43250 0 3600 1000;
5 16 L 53 11;
94 <<L15>> -53750 -43250 0 1650 1000;
5 16 B 13 11;
94 <<B06>> -17750 -43250 0 1875 1000;
5 16 B 14 11;
94 <<B01rx2>> -103750 -46250 320 3375 1000;
5 16 R 15 11;
94 <<RB01rx2>> -97500 -46250 320 3975 1000;
5 16 B 15 11;
94 <<B02rx2>> -77750 -46250 320 3600 1000;
5 16 R 16 11;
94 <<RB02rx2>> -71500 -46250 320 4200 1000;
5 16 B 16 11;
94 <<B03rx2>> -61750 -46250 320 3600 1000;
5 16 R 17 11;
94 <<RB03rx2>> -55500 -46250 320 4200 1000;
5 16 B 17 11;
94 <<B04>> -35750 -46250 320 1875 1000;
5 16 R 18 11;
94 <<RB04>> -29500 -46250 320 2475 1000;
5 16 L 54 11;
94 <<LP01rx2>> -102250 -56250 320 3975 1000;
5 16 L 55 11;
94 <<LRB01rx2>> -96250 -56250 320 4575 1000;
5 16 L 56 11;
94 <<LP02rx2>> -76250 -56250 320 4200 1000;
5 16 L 57 11;
94 <<LRB02rx2>> -70250 -56250 320 4800 1000;
5 16 L 58 11;
94 <<LP03rx2>> -60250 -56250 320 4200 1000;
5 16 L 59 11;
94 <<LRB03rx2>> -54250 -56250 320 4800 1000;
5 16 L 60 11;
94 <<LP03>> -34250 -56250 320 2475 1000;
5 16 L 61 11;
94 <<LRB04>> -28250 -56250 320 3075 1000;
L MODL;
5 16 R 0 1;
94 <<RB09>> -8250 22500 320 2475 1000;
5 16 B 1 1;
94 <<jmitll>> -100250 17750 256 2625 1000;
5 16 R 1 1;
94 <<RB01rx3>> -94750 17750 256 3975 1000;
5 16 B 2 1;
94 <<jmitll>> -74250 17750 256 2625 1000;
5 16 R 2 1;
94 <<RB02rx3>> -68750 17750 256 4200 1000;
5 16 B 3 1;
94 <<jmitll>> -58250 17750 256 2625 1000;
5 16 R 3 1;
94 <<RB03rx3>> -52750 17750 256 4200 1000;
5 16 B 4 1;
94 <<jmitll>> -32250 17750 256 2625 1000;
5 16 R 4 1;
94 <<RB10>> -26750 17750 256 2250 1000;
5 16 B 0 1;
94 <<jmitll>> -8250 16250 320 2625 1000;
5 16 R 5 1;
94 <<RB03>> -8250 -5500 320 2475 1000;
5 16 B 6 1;
94 <<jmitll>> -100250 -10250 256 2625 1000;
5 16 R 6 1;
94 <<RB01rx1>> -94750 -10250 256 3750 1000;
5 16 B 7 1;
94 <<jmitll>> -74250 -10250 256 2625 1000;
5 16 R 7 1;
94 <<RB02rx1>> -68750 -10250 256 3975 1000;
5 16 R 8 1;
94 <<RB03rx1>> -52750 -10250 256 3975 1000;
5 16 B 9 1;
94 <<jmitll>> -32250 -10250 256 2625 1000;
5 16 R 9 1;
94 <<RB01>> -26750 -10250 256 2250 1000;
5 16 B 5 1;
94 <<jmitll>> -8250 -11750 320 2625 1000;
5 16 B 8 1;
94 <<jmitll>> -64250 -14250 256 2625 1000;
5 16 R 10 1;
94 <<RB07>> 34750 -21500 320 2475 1000;
5 16 B 11 1;
94 <<jmitll>> 56750 -26250 256 2625 1000;
5 16 R 12 1;
94 <<RB08>> 62250 -26250 256 2475 1000;
5 16 B 12 1;
94 <<jmitll>> 72750 -26250 256 2625 1000;
5 16 R 13 1;
94 <<RB02tx1>> 78250 -26250 256 3900 1000;
5 16 B 10 1;
94 <<jmitll>> 34750 -27750 320 2625 1000;
5 16 R 14 1;
94 <<RB03>> -8250 -40500 320 2475 1000;
5 16 B 14 1;
94 <<jmitll>> -100250 -45250 256 2625 1000;
5 16 R 15 1;
94 <<RB01rx1>> -94750 -45250 256 3750 1000;
5 16 B 15 1;
94 <<jmitll>> -74250 -45250 256 2625 1000;
5 16 R 16 1;
94 <<RB02rx1>> -68750 -45250 256 3975 1000;
5 16 B 16 1;
94 <<jmitll>> -58250 -45250 256 2625 1000;
5 16 R 17 1;
94 <<RB03rx1>> -52750 -45250 256 3975 1000;
5 16 B 17 1;
94 <<jmitll>> -32250 -45250 256 2625 1000;
5 16 R 18 1;
94 <<RB01>> -26750 -45250 256 2250 1000;
5 16 B 13 1;
94 <<jmitll>> -8250 -46750 320 2625 1000;
L VALU;
5 16 I 0 2;
94 <<pwl(0 0 5p IB01rx3)>> -83750 37750 33024 9975 1000;
5 16 I 1 2;
94 <<pwl(0 0 5p IB05)>> -41750 37750 33024 8475 1000;
5 16 L 0 2;
94 <<2e-13>> -84250 27750 33024 2850 1000;
5 16 L 1 2;
94 <<2e-13>> -42250 27750 33024 2850 1000;
5 16 L 2 2;
94 <<LRB09>> 1750 23750 33088 3075 1000;
5 16 L 3 2;
94 <<L01rx3>> -102250 17750 33088 3375 1000;
5 16 L 4 2;
94 <<L02rx3>> -86250 17750 33088 3600 1000;
5 16 L 5 2;
94 <<L03rx3>> -76250 17750 33088 3600 1000;
5 16 L 6 2;
94 <<L04rx3>> -60250 17750 33088 3600 1000;
5 16 L 7 2;
94 <<L11>> -44250 17750 33088 1425 1000;
5 16 I 2 2;
94 <<pwl(0 0 5p IB01rx1)>> -83750 9750 33024 9750 1000;
5 16 I 3 2;
94 <<pwl(0 0 5p IB01)>> -41750 9750 33024 8250 1000;
5 16 L 8 2;
94 <<2e-13>> -100250 7750 33024 2850 1000;
5 16 L 9 2;
94 <<LRB01rx3>> -94250 7750 33024 4575 1000;
5 16 L 10 2;
94 <<2e-13>> -74250 7750 33024 2850 1000;
5 16 L 11 2;
94 <<LRB02rx3>> -68250 7750 33024 4800 1000;
5 16 L 12 2;
94 <<2e-13>> -58250 7750 33024 2850 1000;
5 16 L 13 2;
94 <<LRB03rx3>> -52250 7750 33024 4800 1000;
5 16 L 14 2;
94 <<2e-13>> -32250 7750 33024 2850 1000;
5 16 L 15 2;
94 <<LRB10>> -26250 7750 33024 2850 1000;
5 16 L 16 2;
94 <<2e-13>> -84250 -250 33024 2850 1000;
5 16 L 17 2;
94 <<2e-13>> -42250 -250 33024 2850 1000;
5 16 L 18 2;
94 <<LRB03>> 1750 -4250 33088 3075 1000;
5 16 I 4 2;
94 <<pwl(0 0 5p IB04)>> 17250 -6250 33024 8475 1000;
5 16 I 5 2;
94 <<pwl(0 0 5p IB02tx1)>> 79250 -6250 33024 9900 1000;
5 16 L 19 2;
94 <<L01rx1>> -102250 -10250 33088 3150 1000;
5 16 L 20 2;
94 <<L02rx1>> -86250 -10250 33088 3375 1000;
5 16 L 21 2;
94 <<L03rx1>> -76250 -10250 33088 3375 1000;
5 16 L 22 2;
94 <<L04rx1>> -60250 -10250 33088 3375 1000;
5 16 L 23 2;
94 <<L14>> -44250 -10250 33088 1650 1000;
5 16 L 24 2;
94 <<L03>> 3750 -10250 33024 1875 1000;
5 16 L 25 2;
94 <<2e-13>> 16750 -16250 33024 2850 1000;
5 16 L 26 2;
94 <<L10>> 56750 -16250 33024 1650 1000;
5 16 L 27 2;
94 <<2e-13>> 78750 -16250 33024 2850 1000;
5 16 L 29 2;
94 <<2e-13>> -100250 -20250 33024 2850 1000;
5 16 L 30 2;
94 <<LRB01rx1>> -94250 -20250 33024 4350 1000;
5 16 L 31 2;
94 <<2e-13>> -74250 -20250 33024 2850 1000;
5 16 L 32 2;
94 <<LRB02rx1>> -68250 -20250 33024 4575 1000;
5 16 L 33 2;
94 <<2e-13>> -58250 -20250 33024 2850 1000;
5 16 L 34 2;
94 <<LRB03rx1>> -52250 -20250 33024 4575 1000;
5 16 L 35 2;
94 <<2e-13>> -32250 -20250 33024 2850 1000;
5 16 L 36 2;
94 <<LRB01>> -26250 -20250 33024 2850 1000;
5 16 L 28 2;
94 <<LRB07>> 44750 -20250 33088 3075 1000;
5 16 I 6 2;
94 <<pwl(0 0 5p IB01rx1)>> -83750 -25250 33024 9750 1000;
5 16 I 7 2;
94 <<pwl(0 0 5p IB01)>> -41750 -25250 33024 8250 1000;
5 16 L 37 2;
94 <<L08>> 24750 -26250 33088 1875 1000;
5 16 L 38 2;
94 <<L09>> 54750 -26250 33088 1875 1000;
5 16 L 39 2;
94 <<L12>> 70750 -26250 33088 1650 1000;
5 16 L 40 2;
94 <<L03tx1>> 86750 -26250 33088 3300 1000;
5 16 R 11 2;
94 <<1.36>> 96750 -27500 33088 1875 1000;
5 16 L 41 2;
94 <<L03>> 3750 -29250 33024 1875 1000;
5 16 L 42 2;
94 <<2e-13>> -84250 -35250 33024 2850 1000;
5 16 L 43 2;
94 <<2e-13>> -42250 -35250 33024 2850 1000;
5 16 L 44 2;
94 <<2e-13>> 56750 -36250 33024 2850 1000;
5 16 L 45 2;
94 <<LRB08>> 62750 -36250 33024 3075 1000;
5 16 L 46 2;
94 <<2e-13>> 72750 -36250 33024 2850 1000;
5 16 L 47 2;
94 <<LRB02tx1>> 78750 -36250 33024 4500 1000;
5 16 L 48 2;
94 <<LRB03>> 1750 -39250 33088 3075 1000;
5 16 L 49 2;
94 <<L01rx1>> -102250 -45250 33088 3150 1000;
5 16 L 50 2;
94 <<L02rx1>> -86250 -45250 33088 3375 1000;
5 16 L 51 2;
94 <<L03rx1>> -76250 -45250 33088 3375 1000;
5 16 L 52 2;
94 <<L04rx1>> -60250 -45250 33088 3375 1000;
5 16 L 53 2;
94 <<L14>> -44250 -45250 33088 1650 1000;
5 16 L 54 2;
94 <<2e-13>> -100250 -55250 33024 2850 1000;
5 16 L 55 2;
94 <<LRB01rx1>> -94250 -55250 33024 4350 1000;
5 16 L 56 2;
94 <<2e-13>> -74250 -55250 33024 2850 1000;
5 16 L 57 2;
94 <<LRB02rx1>> -68250 -55250 33024 4575 1000;
5 16 L 58 2;
94 <<2e-13>> -58250 -55250 33024 2850 1000;
5 16 L 59 2;
94 <<LRB03rx1>> -52250 -55250 33024 4575 1000;
5 16 L 60 2;
94 <<2e-13>> -32250 -55250 33024 2850 1000;
5 16 L 61 2;
94 <<LRB01>> -26250 -55250 33024 2850 1000;
L PARM;
5 16 B 0 3;
94 <<area=B09>> -17750 15250 33024 4800 1000;
5 16 B 1 3;
94 <<area=B01rx3>> -100250 8250 32768 6300 1000;
5 16 B 2 3;
94 <<area=B02rx3>> -74250 8250 32768 6525 1000;
5 16 B 3 3;
94 <<area=B03rx3>> -58250 8250 32768 6525 1000;
5 16 B 4 3;
94 <<area=B10>> -32250 8250 32768 4575 1000;
5 16 B 6 3;
94 <<area=B01rx1>> -101250 -7750 32768 6075 1000;
5 16 B 8 3;
94 <<area=B03rx1>> -65875 -9000 32768 6300 1000;
5 16 B 5 3;
94 <<area=B03>> -17750 -12750 33024 4800 1000;
5 16 B 7 3;
94 <<area=B02rx1>> -74250 -19750 32768 6300 1000;
5 16 B 9 3;
94 <<area=B01>> -32250 -19750 32768 4575 1000;
5 16 B 10 3;
94 <<area=B07>> 25250 -28750 33024 4800 1000;
5 16 B 11 3;
94 <<area=B08>> 56750 -35750 32768 4800 1000;
5 16 B 12 3;
94 <<area=B02tx1>> 72750 -35750 32768 6225 1000;
5 16 B 13 3;
94 <<area=B03>> -17750 -47750 33024 4800 1000;
5 16 B 14 3;
94 <<area=B01rx1>> -100250 -54750 32768 6075 1000;
5 16 B 15 3;
94 <<area=B02rx1>> -74250 -54750 32768 6300 1000;
5 16 B 16 3;
94 <<area=B03rx1>> -58250 -54750 32768 6300 1000;
5 16 B 17 3;
94 <<area=B01>> -32250 -54750 32768 4575 1000;
L SPTX;
94 <<.include MITLL_XORT_models.inc>> -112000 107000 0 15825 1000;
94 <<.param Scaling=1.0>> -112000 106000 0 9225 1000;
94 <<.param B0=1>> -112000 105000 0 6000 1000;
94 <<.param Ic0=0.0001>> -112000 104000 0 8925 1000;
94 <<.param IcRs=100u*6.859904418>> -112000 103000 0 15300 1000;
94 <<.param B0Rs=IcRs/Ic0*B0>> -112000 102000 0 12825 1000;
94 <<.param Rsheet=2 >> -112000 101000 0 9150 1000;
94 <<.param Lsheet=1.13e-12 >> -112000 100000 0 12300 1000;
94 <<.param B01=2.7983490538350515*Scaling>> -112000 99000 0 20400 1000;
94 <<.param B01rx1=1.212437539306743*Scaling>> -112000 98000 0 21075 1000;
94 <<.param B01rx3=0.723632051793937*Scaling>> -112000 97000 0 21525 1000;
94 <<.param B02rx1=1.158563397869644*Scaling>> -112000 96000 0 21300 1000;
94 <<.param B02rx3=0.7720405171362006*Scaling>> -112000 95000 0 22125 1000;
94 <<.param B02tx1=1.3694614271852381*Scaling>> -112000 94000 0 21375 1000;
94 <<.param B03=1.9158496762185455*Scaling>> -112000 93000 0 20175 1000;
94 <<.param B03rx1=0.8977497804392051*Scaling>> -112000 92000 0 22125 1000;
94 <<.param B03rx3=0.8279924677726137*Scaling>> -112000 91000 0 22350 1000;
94 <<.param B07=1.485660096042623*Scaling>> -112000 90000 0 20025 1000;
94 <<.param B08=0.9336027575165575*Scaling>> -112000 89000 0 20625 1000;
94 <<.param B09=1.285905326821399*Scaling>> -112000 88000 0 19800 1000;
94 <<.param B10=1.6862960210069688*Scaling>> -112000 87000 0 20175 1000;
94 <<.param IB01=8.921799237355735e-05*Scaling>> -112000 86000 0 22500 1000;
94 <<.param IB01rx1=0.00022978945326287327*Scaling>> -112000 85000 0 24825 1000;
94 <<.param IB01rx3=0.00013185773657978396*Scaling>> -112000 84000 0 24600 1000;
94 <<.param IB02tx1=6.645679600882128e-05*Scaling>> -112000 83000 0 24150 1000;
94 <<.param IB04=0.0001340456594104776*Scaling>> -112000 82000 0 22500 1000;
94 <<.param IB05=0.00017762890401107424*Scaling>> -112000 81000 0 22875 1000;
94 <<.param L01rx1=1.8603745800181836e-12*(1/Scaling-(1-Scaling))>> -112000 80000 0 30975 1000;
94 <<.param L01rx3=1.8927662194191664e-12*(1/Scaling-(1-Scaling))>> -112000 79000 0 30975 1000;
94 <<.param L02rx1=2.1528545443650416e-12*(1/Scaling-(1-Scaling))>> -112000 78000 0 31425 1000;
94 <<.param L02rx3=2.2380595538965777e-12*(1/Scaling-(1-Scaling))>> -112000 77000 0 32100 1000;
94 <<.param L03=2.2792556185351873e-12*(1/Scaling-(1-Scaling))>> -112000 76000 0 29925 1000;
94 <<.param L03rx1=1.9728813390683723e-12*(1/Scaling-(1-Scaling))>> -112000 75000 0 31425 1000;
94 <<.param L03rx3=2.0204747723552323e-12*(1/Scaling-(1-Scaling))>> -112000 74000 0 32100 1000;
94 <<.param L03tx1=2.2260825655975414e-12*(1/Scaling-(1-Scaling))>> -112000 73000 0 31575 1000;
94 <<.param L04rx1=2.396600763858905e-12*(1/Scaling-(1-Scaling))>> -112000 72000 0 31275 1000;
94 <<.param L04rx3=2.017773718070878e-12*(1/Scaling-(1-Scaling))>> -112000 71000 0 31050 1000;
94 <<.param L08=1.7515381267998072e-12*(1/Scaling-(1-Scaling))>> -112000 70000 0 29700 1000;
94 <<.param L09=1.2619922936879474e-12*(1/Scaling-(1-Scaling))>> -112000 69000 0 29925 1000;
94 <<.param L10=2.2246248392778723e-12*(1/Scaling-(1-Scaling))>> -112000 68000 0 30150 1000;
94 <<.param L11=1.803328457164782e-12*(1/Scaling-(1-Scaling))>> -112000 67000 0 28875 1000;
94 <<.param L12=3.8657981705766425e-12*(1/Scaling-(1-Scaling))>> -112000 66000 0 29925 1000;
94 <<.param L14=1.635403210771492e-12*(1/Scaling-(1-Scaling))>> -112000 65000 0 28875 1000;
94 <<.param LRB01=(RB01/Rsheet)*Lsheet>> -112000 64000 0 18225 1000;
94 <<.param LRB01rx1=(RB01rx1/Rsheet)*Lsheet>> -112000 63000 0 21225 1000;
94 <<.param LRB01rx3=(RB01rx3/Rsheet)*Lsheet>> -112000 62000 0 21675 1000;
94 <<.param LRB02rx1=(RB02rx1/Rsheet)*Lsheet>> -112000 61000 0 21675 1000;
94 <<.param LRB02rx3=(RB02rx3/Rsheet)*Lsheet>> -112000 60000 0 22125 1000;
94 <<.param LRB02tx1=(RB02tx1/Rsheet)*Lsheet>> -112000 59000 0 21525 1000;
94 <<.param LRB03=(RB03/Rsheet)*Lsheet>> -112000 58000 0 18675 1000;
94 <<.param LRB03rx1=(RB03rx1/Rsheet)*Lsheet>> -112000 57000 0 21675 1000;
94 <<.param LRB03rx3=(RB03rx3/Rsheet)*Lsheet>> -112000 56000 0 22125 1000;
94 <<.param LRB07=(RB07/Rsheet)*Lsheet>> -112000 55000 0 18675 1000;
94 <<.param LRB08=(RB08/Rsheet)*Lsheet>> -112000 54000 0 18675 1000;
94 <<.param LRB09=(RB09/Rsheet)*Lsheet>> -112000 53000 0 18675 1000;
94 <<.param LRB10=(RB10/Rsheet)*Lsheet>> -112000 52000 0 18225 1000;
94 <<.param RB01=B0Rs/B01>> -112000 51000 0 11175 1000;
94 <<.param RB01rx1=B0Rs/B01rx1>> -112000 50000 0 14175 1000;
94 <<.param RB01rx3=B0Rs/B01rx3>> -112000 49000 0 14625 1000;
94 <<.param RB02rx1=B0Rs/B02rx1>> -112000 48000 0 14625 1000;
94 <<.param RB02rx3=B0Rs/B02rx3>> -112000 47000 0 15075 1000;
94 <<.param RB02tx1=B0Rs/B02tx1>> -112000 46000 0 14475 1000;
94 <<.param RB03=B0Rs/B03>> -112000 45000 0 11625 1000;
94 <<.param RB03rx1=B0Rs/B03rx1>> -112000 44000 0 14625 1000;
94 <<.param RB03rx3=B0Rs/B03rx3>> -112000 43000 0 15075 1000;
94 <<.param RB07=B0Rs/B07>> -112000 42000 0 11625 1000;
94 <<.param RB08=B0Rs/B08>> -112000 41000 0 11625 1000;
94 <<.param RB09=B0Rs/B09>> -112000 40000 0 11625 1000;
94 <<.param RB10=B0Rs/B10>> -112000 39000 0 11175 1000;
DF;
E
* Generated by Xic from cell MITLL_XORT
.tran 0.5p 600p 0 0.25p UIC
.include MITLL_XORT_models.inc
.param Scaling=1.0
.param B0=1
.param Ic0=0.0001
.param IcRs=100u*6.859904418
.param B0Rs=IcRs/Ic0*B0
.param Rsheet=2 
.param Lsheet=1.13e-12 
.param B01=2.7983490538350515*Scaling
.param B01rx1=1.212437539306743*Scaling
.param B01rx3=0.723632051793937*Scaling
.param B02rx1=1.158563397869644*Scaling
.param B02rx3=0.7720405171362006*Scaling
.param B02tx1=1.3694614271852381*Scaling
.param B03=1.9158496762185455*Scaling
.param B03rx1=0.8977497804392051*Scaling
.param B03rx3=0.8279924677726137*Scaling
.param B07=1.485660096042623*Scaling
.param B08=0.9336027575165575*Scaling
.param B09=1.285905326821399*Scaling
.param B10=1.6862960210069688*Scaling
.param IB01=8.921799237355735e-05*Scaling
.param IB01rx1=0.00022978945326287327*Scaling
.param IB01rx3=0.00013185773657978396*Scaling
.param IB02tx1=6.645679600882128e-05*Scaling
.param IB04=0.0001340456594104776*Scaling
.param IB05=0.00017762890401107424*Scaling
.param L01rx1=1.8603745800181836e-12*(1/Scaling-(1-Scaling))
.param L01rx3=1.8927662194191664e-12*(1/Scaling-(1-Scaling))
.param L02rx1=2.1528545443650416e-12*(1/Scaling-(1-Scaling))
.param L02rx3=2.2380595538965777e-12*(1/Scaling-(1-Scaling))
.param L03=2.2792556185351873e-12*(1/Scaling-(1-Scaling))
.param L03rx1=1.9728813390683723e-12*(1/Scaling-(1-Scaling))
.param L03rx3=2.0204747723552323e-12*(1/Scaling-(1-Scaling))
.param L03tx1=2.2260825655975414e-12*(1/Scaling-(1-Scaling))
.param L04rx1=2.396600763858905e-12*(1/Scaling-(1-Scaling))
.param L04rx3=2.017773718070878e-12*(1/Scaling-(1-Scaling))
.param L08=1.7515381267998072e-12*(1/Scaling-(1-Scaling))
.param L09=1.2619922936879474e-12*(1/Scaling-(1-Scaling))
.param L10=2.2246248392778723e-12*(1/Scaling-(1-Scaling))
.param L11=1.803328457164782e-12*(1/Scaling-(1-Scaling))
.param L12=3.8657981705766425e-12*(1/Scaling-(1-Scaling))
.param L14=1.635403210771492e-12*(1/Scaling-(1-Scaling))
.param LRB01=(RB01/Rsheet)*Lsheet
.param LRB01rx1=(RB01rx1/Rsheet)*Lsheet
.param LRB01rx3=(RB01rx3/Rsheet)*Lsheet
.param LRB02rx1=(RB02rx1/Rsheet)*Lsheet
.param LRB02rx3=(RB02rx3/Rsheet)*Lsheet
.param LRB02tx1=(RB02tx1/Rsheet)*Lsheet
.param LRB03=(RB03/Rsheet)*Lsheet
.param LRB03rx1=(RB03rx1/Rsheet)*Lsheet
.param LRB03rx3=(RB03rx3/Rsheet)*Lsheet
.param LRB07=(RB07/Rsheet)*Lsheet
.param LRB08=(RB08/Rsheet)*Lsheet
.param LRB09=(RB09/Rsheet)*Lsheet
.param LRB10=(RB10/Rsheet)*Lsheet
.param RB01=B0Rs/B01
.param RB01rx1=B0Rs/B01rx1
.param RB01rx3=B0Rs/B01rx3
.param RB02rx1=B0Rs/B02rx1
.param RB02rx3=B0Rs/B02rx3
.param RB02tx1=B0Rs/B02tx1
.param RB03=B0Rs/B03
.param RB03rx1=B0Rs/B03rx1
.param RB03rx3=B0Rs/B03rx3
.param RB07=B0Rs/B07
.param RB08=B0Rs/B08
.param RB09=B0Rs/B09
.param RB10=B0Rs/B10
B01 10 49 78 jmitll area=B01
B01rx1 12 43 75 jmitll area=B01rx1
B01rx2 22 61 83 jmitll area=B01rx1
B01rx3 7 29 70 jmitll area=B01rx3
B02rx1 13 45 76 jmitll area=B02rx1
B02rx2 23 63 84 jmitll area=B02rx1
B02rx3 8 31 71 jmitll area=B02rx3
B02tx1 19 57 81 jmitll area=B02tx1
B03 10 11 74 jmitll area=B03
B03rx1 14 47 77 jmitll area=B03rx1
B03rx2 24 65 85 jmitll area=B03rx1
B03rx3 9 33 72 jmitll area=B03rx3
B04 20 67 86 jmitll area=B01
B06 20 21 82 jmitll area=B03
B07 16 17 79 jmitll area=B07
B08 18 55 80 jmitll area=B08
B09 5 6 69 jmitll area=B09
B10 5 35 73 jmitll area=B10
IB01 0 38 pwl(0 0 5p IB01)
IB01rx1 0 37 pwl(0 0 5p IB01rx1)
IB01rx2 0 53 pwl(0 0 5p IB01rx1)
IB01rx3 0 25 pwl(0 0 5p IB01rx3)
IB02 0 54 pwl(0 0 5p IB01)
IB02tx1 0 42 pwl(0 0 5p IB02tx1)
IB04 0 41 pwl(0 0 5p IB04)
IB05 0 26 pwl(0 0 5p IB05)
L01rx1 IN_1 12 L01rx1
L01rx2 IN_2 22 L01rx1
L01rx3 IN_CLK 7 L01rx3
L02rx1 12 39 L02rx1
L02rx2 22 59 L02rx1
L02rx3 7 27 L02rx3
L03 11 15 L03
L03rx1 39 13 L03rx1
L03rx2 59 23 L03rx1
L03rx3 27 8 L03rx3
L03tx1 19 52 L03tx1
L04rx1 13 14 L04rx1
L04rx2 23 24 L04rx1
L04rx3 8 9 L04rx3
L06 15 21 L03
L08 15 16 L08
L09 17 18 L09
L10 6 18 L10
L11 9 5 L11
L12 18 19 L12
L14 14 10 L14
L15 24 20 L14
LP01 49 0 2e-13
LP01rx1 43 0 2e-13
LP01rx2 61 0 2e-13
LP01rx3 29 0 2e-13
LP02rx1 45 0 2e-13
LP02rx2 63 0 2e-13
LP02rx3 31 0 2e-13
LP02tx1 57 0 2e-13
LP03 67 0 2e-13
LP03rx1 47 0 2e-13
LP03rx2 65 0 2e-13
LP03rx3 33 0 2e-13
LP05 55 0 2e-13
LP10 35 0 2e-13
LPR01 38 10 2e-13
LPR01rx1 37 39 2e-13
LPR01rx2 53 59 2e-13
LPR01rx3 25 27 2e-13
LPR02 54 20 2e-13
LPR02tx1 42 19 2e-13
LPR04 41 15 2e-13
LPR05 26 5 2e-13
LRB01 50 0 LRB01
LRB01rx1 44 0 LRB01rx1
LRB01rx2 62 0 LRB01rx1
LRB01rx3 30 0 LRB01rx3
LRB02rx1 46 0 LRB02rx1
LRB02rx2 64 0 LRB02rx1
LRB02rx3 32 0 LRB02rx3
LRB02tx1 58 0 LRB02tx1
LRB03 40 11 LRB03
LRB03rx1 48 0 LRB03rx1
LRB03rx2 66 0 LRB03rx1
LRB03rx3 34 0 LRB03rx3
LRB04 68 0 LRB01
LRB06 60 21 LRB03
LRB07 51 17 LRB07
LRB08 56 0 LRB08
LRB09 28 6 LRB09
LRB10 36 0 LRB10
RB01 10 50 RB01
RB01rx1 12 44 RB01rx1
RB01rx2 22 62 RB01rx1
RB01rx3 7 30 RB01rx3
RB02rx1 13 46 RB02rx1
RB02rx2 23 64 RB02rx1
RB02rx3 8 32 RB02rx3
RB02tx1 19 58 RB02tx1
RB03 10 40 RB03
RB03rx1 14 48 RB03rx1
RB03rx2 24 66 RB03rx1
RB03rx3 9 34 RB03rx3
RB04 20 68 RB01
RB06 20 60 RB03
RB07 16 51 RB07
RB08 18 56 RB08
RB09 5 28 RB09
RB10 5 36 RB10
RINStx1 52 OUT 1.36
.save @IB02tx1[c]
.save @IB05[c]
.save @IB01[c]
.save @IB02[c]
.save @IB01rx3[c]
.save @IB01rx1[c]
.save @IB04[c]
.save @IB01rx2[c]
