(Symbol LSmitll_MERGET);
($Id:$);
(xic.exe 4.3.5 Win32 i386 01/31/2019 07:59 GMT);
(PHYSICAL);
(RESOLUTION 1000);
( CREATED 1/31/2019 7:59:34, MODIFIED 1/31/2019 7:59:34 );
5 7100 grid 25 1;
9 LSmitll_MERGET;
DS 0 1 1;
(SymbolCall M4M7connection);
1 Bound -11000 16850 -7450 18950;
( Rotate 90 );
9 M4M7connection;
C 0 R 0 1 T -10300 17900;
(SymbolCall M4M7connection);
1 Bound 7450 16850 11000 18950;
( Rotate 90 );
9 M4M7connection;
C 0 MY R 0 1 T 10300 17900;
(SymbolCall M4M7connection);
1 Bound 6200 -6325 8300 -2775;
9 M4M7connection;
C 0 T 7250 -3475;
(SymbolCall M4M7connection);
1 Bound -13025 -8700 -10925 -5150;
9 M4M7connection;
C 0 T -11975 -5850;
(SymbolCall M4M7connection);
1 Bound 8675 -17725 12225 -15625;
( Rotate 90 );
9 M4M7connection;
C 0 R 0 1 T 9375 -16675;
(SymbolCall M4M7connection);
1 Bound 4100 -26275 6200 -22725;
9 M4M7connection;
C 0 T 5150 -23425;
(SymbolCall M5M6connection);
1 Bound -3750 -3075 -2050 -1375;
9 M5M6connection;
C 0 T -2900 -2225;
(SymbolCall M5M6connection);
1 Bound 2050 -3075 3750 -1375;
( Rotate 180 );
9 M5M6connection;
C 0 MY R -1 0 T 2900 -2225;
(SymbolCall M5M6connection);
1 Bound 17675 -5275 19375 -3575;
9 M5M6connection;
C 0 T 18525 -4425;
(SymbolCall M5M6connection);
1 Bound -19375 -6675 -17675 -4975;
9 M5M6connection;
C 0 T -18525 -5825;
(SymbolCall M5M6connection);
1 Bound 17675 -9275 19375 -7575;
9 M5M6connection;
C 0 T 18525 -8425;
(SymbolCall M5M6connection);
1 Bound -19375 -25750 -17675 -24050;
9 M5M6connection;
C 0 T -18525 -24900;
(SymbolCall PTLconnection);
1 Bound -20000 10000 -10000 20000;
9 PTLconnection;
C 0 T -15000 15000;
(SymbolCall PTLconnection);
1 Bound 10000 10000 20000 20000;
9 PTLconnection;
C 0 T 15000 15000;
(SymbolCall PTLconnection);
1 Bound 10000 -30000 20000 -20000;
9 PTLconnection;
C 0 T 15000 -25000;
(SymbolCall RC5M6connection);
1 Bound 15300 7800 17400 9200;
( Rotate 90 );
9 RC5M6connection;
C 0 MY R 0 1 T 16350 8150;
(SymbolCall RC5M6connection);
1 Bound -16175 6400 -14075 7800;
( Rotate 90 );
9 RC5M6connection;
C 0 R 0 1 T -15125 6750;
(SymbolCall RC5M6connection);
1 Bound 15300 -5125 17400 -3725;
( Rotate 270 );
9 RC5M6connection;
C 0 MY R 0 -1 T 16350 -4075;
(SymbolCall RC5M6connection);
1 Bound -16175 -6525 -14075 -5125;
( Rotate 270 );
9 RC5M6connection;
C 0 R 0 -1 T -15125 -5475;
(SymbolCall RC5M6connection);
1 Bound 7650 -9575 9050 -7475;
( Rotate 180 );
9 RC5M6connection;
C 0 R -1 0 T 8700 -8525;
(SymbolCall RC5M6connection);
1 Bound 15350 -9575 16750 -7475;
9 RC5M6connection;
C 0 T 15700 -8525;
(SymbolCall ROUT);
1 Bound 13425 -21550 16575 -18050;
( Rotate 90 );
9 ROUT;
C 0 R 0 1 T 16575 -21550;
(SymbolCall jjs96);
1 Bound -2900 300 -2900 300;
( Rotate 90 );
9 jjs96;
C 0 R 0 1 T -2900 300;
(SymbolCall jjs96);
1 Bound 2900 300 2900 300;
( Rotate 90 );
9 jjs96;
C 0 MY R 0 1 T 2900 300;
(SymbolCall jjsg145);
1 Bound -3025 3600 -3025 3600;
( Rotate 90 );
9 jjsg145;
C 0 R 0 1 T -3025 3600;
(SymbolCall jjsg145);
1 Bound 3025 3600 3025 3600;
( Rotate 90 );
9 jjsg145;
C 0 MY R 0 1 T 3025 3600;
(SymbolCall jjsg80);
1 Bound -8625 -10300 -8625 -10300;
9 jjsg80;
C 0 T -8625 -10300;
(SymbolCall jjsg84);
1 Bound 2300 -20600 2300 -20600;
( Rotate 90 );
9 jjsg84;
C 0 MY R 0 1 T 2300 -20600;
(SymbolCall jjsg88);
1 Bound -9050 14950 -9050 14950;
( Rotate 270 );
9 jjsg88;
C 0 R 0 -1 T -9050 14950;
(SymbolCall jjsg88);
1 Bound 9050 14950 9050 14950;
( Rotate 270 );
9 jjsg88;
C 0 MY R 0 -1 T 9050 14950;
L M4;
P -10000 20000 10000 20000 10000 10050 20000 10050 20000 7875 18325 7875
  18325 -1375 20000 -1375 20000 -20000 10000 -20000 10000 -30000 -20000 -30000
  -20000 -27625 -2750 -27625 -2750 -26625 -13975 -26625 -13975 -27625
  -20000 -27625 -20000 -26475 9625 -26475 9625 -23200 7500 -23200 7500 -26475
  -20000 -26475 -20000 -23075 -2750 -23075 -2750 -22025 -13975 -22025
  -13975 -23075 -20000 -23075 -20000 -19000 -16725 -19000 -16725 -14350
  3525 -14350 3525 -11375 1350 -11375 1350 -14350 -16725 -14350 -16725 -10925
  -17725 -10925 -17725 -19000 -20000 -19000 -20000 5150 -19025 5150
  -19025 -4000 -17525 -4000 -17525 5150 -550 5150 -550 -4375 4425 -4375
  4425 -6875 -4525 -6875 -4525 -3650 -11500 -3650 -11500 5075 -12850 5075
  -12850 -4175 -11500 -4175 -11500 -3650 -6400 -3650 -6400 -8250 -4525 -8250
  -4525 -6875 5425 -6875 5425 -3650 4425 -3650 4425 -4375 550 -4375 550 -1425
  14650 -1425 14650 5850 12900 5850 12900 -1425 550 -1425 550 8775 -550 8775
  -550 5150 -20000 5150 -20000 10050 -10000 10050 -10000 11425 6400 11425
  6400 12850 -6400 12850 -6400 11425 -10000 11425 -10000 20000;
L M5;
B 1700 2300 -2900 -1925;
B 1700 2300 2900 -1925;
P 18375 -28375 18375 -3600 19375 -3600 19375 -29375 -19375 -29375 -19375 -5250
  -18375 -5250 -18375 -28375 18375 -28375;
L R5;
B 1000 12225 16350 2037;
B 1000 12225 -15125 637;
B 7000 1000 12200 -8525;
B 14975 500 -8287 -24875;
L C5R;
B 700 900 -15075 -24875;
B 700 900 -1500 -24875;
L M6;
B 2025 1775 -10962 14962;
B 1675 1750 10787 14975;
P -9550 9200 -9550 14050 -8425 14050 -8425 9200 -2150 9200 -2150 4600
  -3800 4600 -3800 7650 -16175 7650 -16175 9200 -9550 9200;
P 8425 9200 8425 14050 9550 14050 9550 9200 15300 9200 15300 7675 3800 7675
  3800 4600 2175 4600 2175 9200 8425 9200;
B 1975 1350 -2962 1900;
B 1975 1350 2962 1900;
P -3550 -2925 -2250 -2925 -2250 -5375 2300 -5375 2300 -2925 3525 -2925
  3525 -6725 800 -6725 800 -7900 7875 -7900 7875 -8975 625 -8975 625 -10950
  -7975 -10950 -7975 -9725 -750 -9725 -750 -6925 -3550 -6925 -3550 -2925;
B 475 1400 17637 -4425;
B 2125 1400 -17237 -5825;
B 2475 2100 17987 -8525;
P -15650 -9650 -9425 -9650 -9425 -11000 -14275 -11000 -14275 -17650
  -12175 -17650 -12175 -14300 -7675 -14300 -7675 -17750 -5500 -17750
  -5500 -14300 -225 -14300 -225 -19950 1500 -19950 1500 -21150 -1550 -21150
  -1550 -15600 -4150 -15600 -4150 -19150 -8975 -19150 -8975 -15600
  -11025 -15600 -11025 -19025 -15650 -19025 -15650 -9650;
P 4475 -13450 15550 -13450 15550 -17025 16575 -18050 13425 -18050 14450 -17025
  14450 -14650 5600 -14650 5600 -16500 2850 -16500 2850 -19700 1875 -19700
  1875 -15475 4475 -15475 4475 -13450;
P 1975 -24075 1975 -21500 2775 -21500 2775 -25675 -2200 -25675 -2200 -24075
  1975 -24075;
P 13425 -22450 13425 -21550 16575 -21550 16575 -22450 17075 -22950
  12925 -22950 13425 -22450;
B 4850 1600 -16800 -24875;
L M7;
P -20000 20000 20000 20000 20000 7875 18325 7875 18325 -1375 20000 -1375
  20000 -30000 -20000 -30000 -20000 -27625 -2750 -27625 -2750 -26625
  -13975 -26625 -13975 -27625 -20000 -27625 -20000 -26475 9625 -26475
  9625 -23200 7500 -23200 7500 -26475 -20000 -26475 -20000 -23075 -2750 -23075
  -2750 -22025 -13975 -22025 -13975 -23075 -20000 -23075 -20000 -19000
  -16725 -19000 -16725 -14350 3525 -14350 3525 -11375 1350 -11375 1350 -14350
  -16725 -14350 -16725 -10925 -17725 -10925 -17725 -19000 -20000 -19000
  -20000 5150 -19025 5150 -19025 -4000 -17525 -4000 -17525 5150 -550 5150
  -550 -4375 4425 -4375 4425 -6875 -4525 -6875 -4525 -3650 -11500 -3650
  -11500 5075 -12850 5075 -12850 -4175 -11500 -4175 -11500 -3650 -6400 -3650
  -6400 -8250 -4525 -8250 -4525 -6875 5425 -6875 5425 -3650 4425 -3650
  4425 -4375 550 -4375 550 -1425 14650 -1425 14650 5850 12900 5850 12900 -1425
  550 -1425 550 8775 -550 8775 -550 5150 -20000 5150 -20000 11425 6400 11425
  6400 12850 -6400 12850 -6400 11425 -20000 11425 -20000 20000;
L TERM;
W2 200 -11800 16000 -11800 13900;
W2 200 11375 16000 11375 13975;
94 <<J1 M6 M5>> -9025 14900 0 654 148;
94 <<P1 M6 M4>> -11825 14875 0 752 170;
94 <<J4 M6 M5>> 9050 14875 0 686 148;
94 <<P2 M6 M4>> 11375 14925 0 453 98;
W2 200 -13575 9575 -13575 7225;
W2 200 15000 9475 15000 7400;
94 <<PB1 M6 M4>> -13600 8500 0 739 148;
94 <<PB2 M6 M4>> 15000 8500 0 771 148;
94 <<J2 M6 M5>> -3025 3500 0 905 195;
94 <<J5 M6 M5>> 2975 3525 0 788 170;
94 <<J6 M6 M5>> 2925 250 0 788 170;
94 <<J3 M6 M5>> -2875 200 0 788 170;
W2 200 6625 -7500 6625 -9100;
94 <<PB3 M6 M4>> 6625 -8450 0 508 98;
94 <<J7 M6 M5>> -8625 -10425 0 1576 340;
W2 200 14175 -16400 15850 -16400;
94 <<P3 M6 M4>> 15000 -16400 0 260 56;
94 <<J8 M6 M5>> 2300 -20650 0 788 170;
W2 200 -75 -23850 -75 -25850;
94 <<PB4 M6 M4>> -75 -24900 0 885 170;
DF;
E
(ELECTRICAL);
(RESOLUTION 1000);
5 7101 tran 0.5p 600p 0 0.25p UIC;
5 10 1 0 -88000:-77000 40000:40000 0x0 IN_1;
5 10 2 1 -88000:-78000 7000:-5000 0x0 IN_2;
5 10 3 2 49000 18000 0x0 OUT;
5 18 0
  L ETC2:
  B 81200 63700 -12000 18750:
  W 0 -52600 36700 -51917 36767 -51261 36966 -50656 37290 -50125 37725
 -49690 38256 -49366 38861 -49167 39517 -49100 40200 -49167 40883 -49366 41539
 -49690 42144 -50125 42675 -50656 43110 -51261 43434 -51917 43633 -52600 43700:
  W 0 -75000 40200 -31500 40200 -31500 -4900 -76000 -4900:
  94 <<MERGET>> -24900 21900 0 33104 9458:
  W 0 28600 14300 27917 14367 27261 14566 26656 14890 26125 15325 25690 15856
 25366 16461 25167 17117 25100 17800 25167 18483 25366 19139 25690 19744
 26125 20275 26656 20710 27261 21034 27917 21233 28600 21300:
  W 0 47200 18000 -31500 18000:
  W 0 -52600 -8300 -51917 -8233 -51261 -8034 -50656 -7710 -50125 -7275
 -49690 -6744 -49366 -6139 -49167 -5483 -49100 -4800 -49167 -4117 -49366 -3461
 -49690 -2856 -50125 -2325 -50656 -1890 -51261 -1566 -51917 -1367 -52600 -1300:
;
5 11 X 0 subckt;
9 LSmitll_MERGET;
DS 0 1 1;
(SymbolCall gnd);
5 10 0 0 -62000 60000;
1 Bound -62000 59000 -59400 61000;
( Rotate 90 );
9 gnd;
C 0 R 0 1 T -61000 59000;
(SymbolCall gnd);
5 10 0 0 -3000 38000;
1 Bound -3000 37000 -400 39000;
( Rotate 90 );
9 gnd;
C 0 R 0 1 T -2000 37000;
(SymbolCall gnd);
5 10 0 0 23000 38000;
1 Bound 23000 37000 25600 39000;
( Rotate 90 );
9 gnd;
C 0 R 0 1 T 24000 37000;
(SymbolCall gnd);
5 10 0 0 -62000 27000;
1 Bound -62000 26000 -59400 28000;
( Rotate 90 );
9 gnd;
C 0 R 0 1 T -61000 26000;
(SymbolCall gnd);
5 10 0 0 -78000 20000;
1 Bound -79000 17400 -77000 20000;
9 gnd;
C 0 T -79000 19000;
(SymbolCall gnd);
5 10 0 0 -72000 20000;
1 Bound -73000 17400 -71000 20000;
9 gnd;
C 0 T -73000 19000;
(SymbolCall gnd);
5 10 0 0 -52000 20000;
1 Bound -53000 17400 -51000 20000;
9 gnd;
C 0 T -53000 19000;
(SymbolCall gnd);
5 10 0 0 -46000 20000;
1 Bound -47000 17400 -45000 20000;
9 gnd;
C 0 T -47000 19000;
(SymbolCall gnd);
5 10 0 0 7000 -2000;
1 Bound 6000 -4600 8000 -2000;
9 gnd;
C 0 T 6000 -3000;
(SymbolCall gnd);
5 10 0 0 13000 -2000;
1 Bound 12000 -4600 14000 -2000;
9 gnd;
C 0 T 12000 -3000;
(SymbolCall gnd);
5 10 0 0 23000 -2000;
1 Bound 22000 -4600 24000 -2000;
9 gnd;
C 0 T 22000 -3000;
(SymbolCall gnd);
5 10 0 0 29000 -2000;
1 Bound 28000 -4600 30000 -2000;
9 gnd;
C 0 T 28000 -3000;
(SymbolCall gnd);
5 10 0 0 -78000 -13000;
1 Bound -79000 -15600 -77000 -13000;
9 gnd;
C 0 T -79000 -14000;
(SymbolCall gnd);
5 10 0 0 -72000 -13000;
1 Bound -73000 -15600 -71000 -13000;
9 gnd;
C 0 T -73000 -14000;
(SymbolCall gnd);
5 10 0 0 -52000 -13000;
1 Bound -53000 -15600 -51000 -13000;
9 gnd;
C 0 T -53000 -14000;
(SymbolCall gnd);
5 10 0 0 -46000 -13000;
1 Bound -47000 -15600 -45000 -13000;
9 gnd;
C 0 T -47000 -14000;
(SymbolCall ind);
5 2 0.2p;
5 10 16 1 -62000 40000 LPR01RX1-;
5 10 15 0 -62000 50000 LPR01RX1+;
5 11 L.LPR01rx1 0;
5 15 -61000 49000 0 -1;
1 Bound -62000 40000 -60500 50000;
9 ind;
C 0 T -63000 40000;
(SymbolCall ind);
5 2 LRB2;
5 10 5 1 -16000 46000 LRB2-;
5 10 17 0 -26000 46000 LRB2+;
5 15 -25000 47000 1 0;
5 11 L.LRB2 1;
1 Bound -26000 46000 -16000 47500;
( Rotate 90 );
9 ind;
C 0 R 0 1 T -16000 45000;
(SymbolCall ind);
5 2 L01rx1;
5 10 6 1 -78000 40000 L01RX1-;
5 10 1 0 -88000 40000 L01RX1+;
5 11 L.L01rx1 2;
5 15 -87000 41000 1 0;
1 Bound -88000 40000 -78000 41500;
( Rotate 90 );
9 ind;
C 0 R 0 1 T -78000 39000;
(SymbolCall ind);
5 2 L02rx1;
5 10 16 1 -62000 40000 L02RX1-;
5 10 6 0 -72000 40000 L02RX1+;
5 11 L.L02rx1 3;
5 15 -71000 41000 1 0;
1 Bound -72000 40000 -62000 41500;
( Rotate 90 );
9 ind;
C 0 R 0 1 T -62000 39000;
(SymbolCall ind);
5 2 L1;
5 10 7 1 -52000 40000 L1-;
5 10 16 0 -62000 40000 L1+;
5 11 L.L1 4;
5 15 -61000 41000 1 0;
1 Bound -62000 40000 -52000 41500;
( Rotate 90 );
9 ind;
C 0 R 0 1 T -52000 39000;
(SymbolCall ind);
5 2 1p;
5 11 L.L1b 5;
5 10 7 0 -46000 40000 L1B+;
5 10 4 1 -36000 40000 L1B-;
5 15 -45000 41000 1 0;
1 Bound -46000 40000 -36000 41500;
( Rotate 90 );
9 ind;
C 0 R 0 1 T -36000 39000;
(SymbolCall ind);
5 2 L2;
5 10 8 1 -6000 40000 L2-;
5 10 5 0 -16000 40000 L2+;
5 15 -15000 41000 1 0;
5 11 L.L2 6;
1 Bound -16000 40000 -6000 41500;
( Rotate 90 );
9 ind;
C 0 R 0 1 T -6000 39000;
(SymbolCall ind);
5 2 0.34p;
5 10 0 1 -78000 20000 LP01RX1-;
5 10 18 0 -78000 30000 LP01RX1+;
5 11 L.LP01rx1 7;
5 15 -77000 29000 0 -1;
1 Bound -78000 20000 -76500 30000;
9 ind;
C 0 T -79000 20000;
(SymbolCall ind);
5 2 LRB01rx1;
5 10 0 1 -72000 20000 LRB01RX1-;
5 10 19 0 -72000 30000 LRB01RX1+;
5 11 L.LRB01rx1 8;
5 15 -71000 29000 0 -1;
1 Bound -72000 20000 -70500 30000;
9 ind;
C 0 T -73000 20000;
(SymbolCall ind);
5 2 0.2p;
5 10 0 1 -52000 20000 LP1-;
5 10 20 0 -52000 30000 LP1+;
5 11 L.LP1 9;
5 15 -51000 29000 0 -1;
1 Bound -52000 20000 -50500 30000;
9 ind;
C 0 T -53000 20000;
(SymbolCall ind);
5 2 LRB1;
5 10 0 1 -46000 20000 LRB1-;
5 10 21 0 -46000 30000 LRB1+;
5 11 L.LRB1 10;
5 15 -45000 29000 0 -1;
1 Bound -46000 20000 -44500 30000;
9 ind;
C 0 T -47000 20000;
(SymbolCall ind);
5 2 0.2p;
5 10 8 1 -3000 18000 LPR1-;
5 10 22 0 -3000 28000 LPR1+;
5 15 -2000 27000 0 -1;
5 11 L.LPR1 11;
1 Bound -3000 18000 -1500 28000;
9 ind;
C 0 T -4000 18000;
(SymbolCall ind);
5 10 10 1 23000 18000 L12-;
5 10 23 0 23000 28000 L12+;
5 15 24000 27000 0 -1;
5 2 0.2p;
5 11 L 12;
1 Bound 23000 18000 24500 28000;
9 ind;
C 0 T 22000 18000;
(SymbolCall ind);
5 2 L6;
5 10 9 1 7000 18000 L6-;
5 10 8 0 -3000 18000 L6+;
5 15 -2000 19000 1 0;
5 11 L.L6 13;
1 Bound -3000 18000 7000 19500;
( Rotate 90 );
9 ind;
C 0 R 0 1 T 7000 17000;
(SymbolCall ind);
5 2 L7;
5 10 10 1 23000 18000 L7-;
5 10 9 0 13000 18000 L7+;
5 15 14000 19000 1 0;
5 11 L.L7 14;
1 Bound 13000 18000 23000 19500;
( Rotate 90 );
9 ind;
C 0 R 0 1 T 23000 17000;
(SymbolCall ind);
5 2 L02tx1;
5 10 25 1 39000 18000 L02TX1-;
5 10 10 0 29000 18000 L02TX1+;
5 15 30000 19000 1 0;
5 11 L.L02tx1 15;
1 Bound 29000 18000 39000 19500;
( Rotate 90 );
9 ind;
C 0 R 0 1 T 39000 17000;
(SymbolCall ind);
5 10 30 1 -62000 7000 L16-;
5 10 24 0 -62000 17000 L16+;
5 2 0.2p;
5 11 L 16;
5 15 -61000 16000 0 -1;
1 Bound -62000 7000 -60500 17000;
9 ind;
C 0 T -63000 7000;
(SymbolCall ind);
5 2 LRB4;
5 10 12 1 -16000 13000 LRB4-;
5 10 31 0 -26000 13000 LRB4+;
5 15 -25000 14000 1 0;
5 11 L.LRB4 17;
1 Bound -26000 13000 -16000 14500;
( Rotate 90 );
9 ind;
C 0 R 0 1 T -16000 12000;
(SymbolCall ind);
5 2 L01rx1;
5 10 13 1 -78000 7000 L01RX2-;
5 10 2 0 -88000 7000 L01RX2+;
5 11 L.L01rx2 18;
5 15 -87000 8000 1 0;
1 Bound -88000 7000 -78000 8500;
( Rotate 90 );
9 ind;
C 0 R 0 1 T -78000 6000;
(SymbolCall ind);
5 2 L02rx1;
5 10 30 1 -62000 7000 L02RX2-;
5 10 13 0 -72000 7000 L02RX2+;
5 11 L.L02rx2 19;
5 15 -71000 8000 1 0;
1 Bound -72000 7000 -62000 8500;
( Rotate 90 );
9 ind;
C 0 R 0 1 T -62000 6000;
(SymbolCall ind);
5 2 L1;
5 10 14 1 -52000 7000 L3-;
5 10 30 0 -62000 7000 L3+;
5 11 L.L3 20;
5 15 -61000 8000 1 0;
1 Bound -62000 7000 -52000 8500;
( Rotate 90 );
9 ind;
C 0 R 0 1 T -52000 6000;
(SymbolCall ind);
5 2 1p;
5 11 L.L3b 21;
5 10 14 0 -46000 7000 L3B+;
5 10 11 1 -36000 7000 L3B-;
5 15 -45000 8000 1 0;
1 Bound -46000 7000 -36000 8500;
( Rotate 90 );
9 ind;
C 0 R 0 1 T -36000 6000;
(SymbolCall ind);
5 2 L2;
5 10 8 1 -6000 7000 L4-;
5 10 12 0 -16000 7000 L4+;
5 15 -15000 8000 1 0;
5 11 L.L4 22;
1 Bound -16000 7000 -6000 8500;
( Rotate 90 );
9 ind;
C 0 R 0 1 T -6000 6000;
(SymbolCall ind);
5 2 0.2p;
5 10 0 1 7000 -2000 LP5-;
5 10 26 0 7000 8000 LP5+;
5 15 8000 7000 0 -1;
5 11 L.LP5 23;
1 Bound 7000 -2000 8500 8000;
9 ind;
C 0 T 6000 -2000;
(SymbolCall ind);
5 2 LRB5;
5 10 0 1 13000 -2000 LRB5-;
5 10 27 0 13000 8000 LRB5+;
5 15 14000 7000 0 -1;
5 11 L.LRB5 24;
1 Bound 13000 -2000 14500 8000;
9 ind;
C 0 T 12000 -2000;
(SymbolCall ind);
5 10 0 1 23000 -2000 L25-;
5 10 28 0 23000 8000 L25+;
5 15 24000 7000 0 -1;
5 2 0.05p;
5 11 L 25;
1 Bound 23000 -2000 24500 8000;
9 ind;
C 0 T 22000 -2000;
(SymbolCall ind);
5 2 LRB01tx1;
5 10 0 1 29000 -2000 LRB01TX1-;
5 10 29 0 29000 8000 LRB01TX1+;
5 15 30000 7000 0 -1;
5 11 L.LRB01tx1 26;
1 Bound 29000 -2000 30500 8000;
9 ind;
C 0 T 28000 -2000;
(SymbolCall ind);
5 2 0.34p;
5 10 0 1 -78000 -13000 LP01RX2-;
5 10 32 0 -78000 -3000 LP01RX2+;
5 11 L.LP01rx2 27;
5 15 -77000 -4000 0 -1;
1 Bound -78000 -13000 -76500 -3000;
9 ind;
C 0 T -79000 -13000;
(SymbolCall ind);
5 2 LRB01rx2;
5 10 0 1 -72000 -13000 LRB01RX2-;
5 10 33 0 -72000 -3000 LRB01RX2+;
5 11 L.LRB01rx2 28;
5 15 -71000 -4000 0 -1;
1 Bound -72000 -13000 -70500 -3000;
9 ind;
C 0 T -73000 -13000;
(SymbolCall ind);
5 10 0 1 -52000 -13000 L29-;
5 10 34 0 -52000 -3000 L29+;
5 11 L 29;
5 2 0.2p;
5 15 -51000 -4000 0 -1;
1 Bound -52000 -13000 -50500 -3000;
9 ind;
C 0 T -53000 -13000;
(SymbolCall ind);
5 2 LRB3;
5 10 0 1 -46000 -13000 LRB3-;
5 10 35 0 -46000 -3000 LRB3+;
5 11 L.LRB3 30;
5 15 -45000 -4000 0 -1;
1 Bound -46000 -13000 -44500 -3000;
9 ind;
C 0 T -47000 -13000;
(SymbolCall isrc);
5 10 15 1 -62000 50000 IB01RX1_1;
5 10 0 0 -62000 60000 IB01RX1_0;
5 11 I.IB01rx1 0;
5 5 nophys;
5 2 pwl(0 0 5p IB01rx1);
5 15 -62000 54000 0 -1 @<name>[c];
1 Bound -64000 50000 -60000 60000;
9 isrc;
C 0 T -64000 50000;
(SymbolCall isrc);
5 10 22 1 -3000 28000 IB1_1;
5 10 0 0 -3000 38000 IB1_0;
5 15 -3000 32000 0 -1 @<name>[c];
5 2 pwl(0 0 5p IB1);
5 11 I.IB1 1;
5 5 nophys;
1 Bound -5000 28000 -1000 38000;
9 isrc;
C 0 T -5000 28000;
(SymbolCall isrc);
5 10 23 1 23000 28000 IB01TX1_1;
5 10 0 0 23000 38000 IB01TX1_0;
5 15 23000 32000 0 -1 @<name>[c];
5 2 pwl(0 0 5p IB01tx1);
5 11 I.IB01tx1 2;
5 5 nophys;
1 Bound 21000 28000 25000 38000;
9 isrc;
C 0 T 21000 28000;
(SymbolCall isrc);
5 10 24 1 -62000 17000 IB01RX2_1;
5 10 0 0 -62000 27000 IB01RX2_0;
5 2 pwl(0 0 5p IB01rx1);
5 11 I.IB01rx2 3;
5 5 nophys;
5 15 -62000 21000 0 -1 @<name>[c];
1 Bound -64000 17000 -60000 27000;
9 isrc;
C 0 T -64000 17000;
(SymbolCall jj);
5 3 area=B2;
5 1 jmitll;
5 10 36 2 -34000 39000 B2_2;
5 10 5 1 -26000 40000 B2-;
5 10 4 0 -36000 40000 B2+;
5 11 B.B2 0;
1 Bound -36000 38500 -26000 41500;
( Rotate 90 );
9 jj;
C 0 R 0 1 T -26000 39000;
(SymbolCall jj);
5 3 area=B01rx1;
5 1 jmitll;
5 10 37 2 -79000 38000 B01RX1_2;
5 10 18 1 -78000 30000 B01RX1-;
5 10 6 0 -78000 40000 B01RX1+;
5 11 B.B01rx1 1;
1 Bound -79500 30000 -76500 40000;
9 jj;
C 0 T -79000 30000;
(SymbolCall jj);
5 3 area=B1;
5 1 jmitll;
5 10 38 2 -53000 38000 B1_2;
5 10 20 1 -52000 30000 B1-;
5 10 7 0 -52000 40000 B1+;
5 11 B.B1 2;
1 Bound -53500 30000 -50500 40000;
9 jj;
C 0 T -53000 30000;
(SymbolCall jj);
5 3 area=B5;
5 1 jmitll;
5 10 39 2 6000 16000 B5_2;
5 10 26 1 7000 8000 B5-;
5 10 9 0 7000 18000 B5+;
5 11 B.B5 3;
1 Bound 5500 8000 8500 18000;
9 jj;
C 0 T 6000 8000;
(SymbolCall jj);
5 3 area=B01tx1;
5 1 jmitll;
5 10 40 2 22000 16000 B01TX1_2;
5 10 28 1 23000 8000 B01TX1-;
5 10 10 0 23000 18000 B01TX1+;
5 11 B.B01tx1 4;
1 Bound 21500 8000 24500 18000;
9 jj;
C 0 T 22000 8000;
(SymbolCall jj);
5 3 area=B2;
5 1 jmitll;
5 10 41 2 -34000 6000 B4_2;
5 10 12 1 -26000 7000 B4-;
5 10 11 0 -36000 7000 B4+;
5 11 B.B4 5;
1 Bound -36000 5500 -26000 8500;
( Rotate 90 );
9 jj;
C 0 R 0 1 T -26000 6000;
(SymbolCall jj);
5 3 area=B01rx1;
5 1 jmitll;
5 10 42 2 -79000 5000 B01RX2_2;
5 10 32 1 -78000 -3000 B01RX2-;
5 10 13 0 -78000 7000 B01RX2+;
5 11 B.B01rx2 6;
1 Bound -79500 -3000 -76500 7000;
9 jj;
C 0 T -79000 -3000;
(SymbolCall jj);
5 3 area=B1;
5 1 jmitll;
5 10 43 2 -53000 5000 B3_2;
5 10 34 1 -52000 -3000 B3-;
5 10 14 0 -52000 7000 B3+;
5 11 B.B3 7;
1 Bound -53500 -3000 -50500 7000;
9 jj;
C 0 T -53000 -3000;
(SymbolCall res);
5 1 RB2;
5 10 17 1 -26000 46000 RB2-;
5 10 4 0 -36000 46000 RB2+;
5 15 -35000 45000 1 0 "<v>/<value>O";
5 11 R.RB2 0;
1 Bound -36000 44750 -26000 47000;
( Rotate 90 );
9 res;
C 0 R 0 1 T -36000 46000;
(SymbolCall res);
5 1 RB01rx1;
5 10 19 1 -72000 30000 RB01RX1-;
5 10 6 0 -72000 40000 RB01RX1+;
5 11 R.RB01rx1 1;
5 15 -73000 39000 0 -1 "<v>/<value>O";
1 Bound -73250 30000 -71000 40000;
9 res;
C 0 T -72000 40000;
(SymbolCall res);
5 1 RB1;
5 10 21 1 -46000 30000 RB1-;
5 10 7 0 -46000 40000 RB1+;
5 11 R.RB1 2;
5 15 -47000 39000 0 -1 "<v>/<value>O";
1 Bound -47250 30000 -45000 40000;
9 res;
C 0 T -46000 40000;
(SymbolCall res);
5 10 3 1 49000 18000 R3-;
5 10 25 0 39000 18000 R3+;
5 15 40000 17000 1 0 "<v>/<value>O";
5 2 1.36;
5 11 R 3;
1 Bound 39000 16750 49000 19000;
( Rotate 90 );
9 res;
C 0 R 0 1 T 39000 18000;
(SymbolCall res);
5 1 RB5;
5 10 27 1 13000 8000 RB5-;
5 10 9 0 13000 18000 RB5+;
5 15 12000 17000 0 -1 "<v>/<value>O";
5 11 R.RB5 4;
1 Bound 11750 8000 14000 18000;
9 res;
C 0 T 13000 18000;
(SymbolCall res);
5 1 RB01tx1;
5 10 29 1 29000 8000 RB01TX1-;
5 10 10 0 29000 18000 RB01TX1+;
5 15 28000 17000 0 -1 "<v>/<value>O";
5 11 R.RB01tx1 5;
1 Bound 27750 8000 30000 18000;
9 res;
C 0 T 29000 18000;
(SymbolCall res);
5 1 RB4;
5 10 31 1 -26000 13000 RB4-;
5 10 11 0 -36000 13000 RB4+;
5 15 -35000 12000 1 0 "<v>/<value>O";
5 11 R.RB4 6;
1 Bound -36000 11750 -26000 14000;
( Rotate 90 );
9 res;
C 0 R 0 1 T -36000 13000;
(SymbolCall res);
5 10 33 1 -72000 -3000 R7-;
5 10 13 0 -72000 7000 R7+;
5 2 9.7;
5 11 R 7;
5 15 -73000 6000 0 -1 "<v>/<value>O";
1 Bound -73250 -3000 -71000 7000;
9 res;
C 0 T -72000 7000;
(SymbolCall res);
5 1 RB3;
5 10 35 1 -46000 -3000 RB3-;
5 10 14 0 -46000 7000 RB3+;
5 11 R.RB3 8;
5 15 -47000 6000 0 -1 "<v>/<value>O";
1 Bound -47250 -3000 -45000 7000;
9 res;
C 0 T -46000 7000;
L SCED;
5 10 4;
W2 0 -36000 46000 -36000 40000;
5 10 5;
W2 0 -26000 40000 -16000 40000 -16000 46000;
5 10 6;
W2 0 -78000 40000 -72000 40000;
5 10 7;
W2 0 -52000 40000 -46000 40000;
5 10 8;
W2 0 -6000 40000 -6000 18000 -6000 7000;
5 10 8;
W2 0 -6000 18000 -3000 18000;
5 10 9;
W2 0 7000 18000 13000 18000;
5 10 10;
W2 0 23000 18000 29000 18000;
5 10 11;
W2 0 -36000 13000 -36000 7000;
5 10 12;
W2 0 -16000 13000 -16000 7000 -26000 7000;
5 10 13;
W2 0 -78000 7000 -72000 7000;
5 10 14;
W2 0 -52000 7000 -46000 7000;
L NAME;
5 16 I 0 11;
94 <<IB01rx1>> -64250 58750 320 3450 1000;
5 16 L 0 11;
94 <<LPR01rx1>> -62250 48750 320 4350 1000;
5 16 L 1 11;
94 <<LRB2>> -25750 47750 0 2475 1000;
5 16 R 0 11;
94 <<RB2>> -35750 47250 0 1875 1000;
5 16 L 2 11;
94 <<L01rx1>> -87750 41750 0 3150 1000;
5 16 L 3 11;
94 <<L02rx1>> -71750 41750 0 3375 1000;
5 16 L 4 11;
94 <<L1>> -61750 41750 0 1050 1000;
5 16 L 5 11;
94 <<L1b>> -45750 41750 0 1650 1000;
5 16 B 0 11;
94 <<B2>> -35750 41750 0 1275 1000;
5 16 L 6 11;
94 <<L2>> -15750 41750 0 1275 1000;
5 16 B 1 11;
94 <<B01rx1>> -79750 38750 320 3150 1000;
5 16 R 1 11;
94 <<RB01rx1>> -74500 38750 320 3750 1000;
5 16 B 2 11;
94 <<B1>> -53750 38750 320 1050 1000;
5 16 R 2 11;
94 <<RB1>> -47500 38750 320 1650 1000;
5 16 I 1 11;
94 <<IB1>> -5250 36750 320 1350 1000;
5 16 I 2 11;
94 <<IB01tx1>> 20750 36750 320 3375 1000;
5 16 L 7 11;
94 <<LP01rx1>> -78250 28750 320 3750 1000;
5 16 L 8 11;
94 <<LRB01rx1>> -72250 28750 320 4350 1000;
5 16 L 9 11;
94 <<LP1>> -52250 28750 320 1650 1000;
5 16 L 10 11;
94 <<LRB1>> -46250 28750 320 2250 1000;
5 16 L 11 11;
94 <<LPR1>> -3250 26750 320 2250 1000;
5 16 L 12 11;
94 <<L12>> 22750 26750 320 1650 1000;
5 16 I 3 11;
94 <<IB01rx2>> -64250 25750 320 3675 1000;
5 16 L 13 11;
94 <<L6>> -2750 19750 0 1275 1000;
5 16 L 14 11;
94 <<L7>> 13250 19750 0 1275 1000;
5 16 L 15 11;
94 <<L02tx1>> 29250 19750 0 3300 1000;
5 16 R 3 11;
94 <<R3>> 39250 19250 0 1275 1000;
5 16 B 3 11;
94 <<B5>> 5250 16750 320 1275 1000;
5 16 R 4 11;
94 <<RB5>> 11500 16750 320 1875 1000;
5 16 B 4 11;
94 <<B01tx1>> 21250 16750 320 3075 1000;
5 16 R 5 11;
94 <<RB01tx1>> 27500 16750 320 3675 1000;
5 16 L 16 11;
94 <<L16>> -62250 15750 320 1650 1000;
5 16 L 17 11;
94 <<LRB4>> -25750 14750 0 2475 1000;
5 16 R 6 11;
94 <<RB4>> -35750 14250 0 1875 1000;
5 16 L 18 11;
94 <<L01rx2>> -87750 8750 0 3375 1000;
5 16 L 19 11;
94 <<L02rx2>> -71750 8750 0 3600 1000;
5 16 L 20 11;
94 <<L3>> -61750 8750 0 1275 1000;
5 16 L 21 11;
94 <<L3b>> -45750 8750 0 1875 1000;
5 16 B 5 11;
94 <<B4>> -35750 8750 0 1275 1000;
5 16 L 22 11;
94 <<L4>> -15750 8750 0 1275 1000;
5 16 L 23 11;
94 <<LP5>> 6750 6750 320 1875 1000;
5 16 L 24 11;
94 <<LRB5>> 12750 6750 320 2475 1000;
5 16 L 25 11;
94 <<L25>> 22750 6750 320 1875 1000;
5 16 L 26 11;
94 <<LRB01tx1>> 28750 6750 320 4275 1000;
5 16 B 6 11;
94 <<B01rx2>> -79750 5750 320 3375 1000;
5 16 R 7 11;
94 <<R7>> -73500 5750 320 1275 1000;
5 16 B 7 11;
94 <<B3>> -53750 5750 320 1275 1000;
5 16 R 8 11;
94 <<RB3>> -47500 5750 320 1875 1000;
5 16 L 27 11;
94 <<LP01rx2>> -78250 -4250 320 3975 1000;
5 16 L 28 11;
94 <<LRB01rx2>> -72250 -4250 320 4575 1000;
5 16 L 29 11;
94 <<L29>> -52250 -4250 320 1875 1000;
5 16 L 30 11;
94 <<LRB3>> -46250 -4250 320 2475 1000;
L MODL;
5 16 R 0 1;
94 <<RB2>> -26250 44500 320 1875 1000;
5 16 B 1 1;
94 <<jmitll>> -76250 39750 256 2625 1000;
5 16 R 1 1;
94 <<RB01rx1>> -70750 39750 256 3750 1000;
5 16 B 2 1;
94 <<jmitll>> -50250 39750 256 2625 1000;
5 16 R 2 1;
94 <<RB1>> -44750 39750 256 1650 1000;
5 16 B 0 1;
94 <<jmitll>> -26250 38250 320 2625 1000;
5 16 B 3 1;
94 <<jmitll>> 8750 17750 256 2625 1000;
5 16 R 4 1;
94 <<RB5>> 14250 17750 256 1875 1000;
5 16 B 4 1;
94 <<jmitll>> 24750 17750 256 2625 1000;
5 16 R 5 1;
94 <<RB01tx1>> 30250 17750 256 3675 1000;
5 16 R 6 1;
94 <<RB4>> -26250 11500 320 1875 1000;
5 16 B 6 1;
94 <<jmitll>> -76250 6750 256 2625 1000;
5 16 B 7 1;
94 <<jmitll>> -50250 6750 256 2625 1000;
5 16 R 8 1;
94 <<RB3>> -44750 6750 256 1875 1000;
5 16 B 5 1;
94 <<jmitll>> -26250 5250 320 2625 1000;
L VALU;
5 16 I 0 2;
94 <<pwl(0 0 5p IB01rx1)>> -58750 54750 33024 9750 1000;
5 16 L 0 2;
94 <<0.2p>> -60250 49750 33024 2100 1000;
5 16 L 1 2;
94 <<LRB2>> -16250 45750 33088 2475 1000;
5 16 L 2 2;
94 <<L01rx1>> -78250 39750 33088 3150 1000;
5 16 L 3 2;
94 <<L02rx1>> -62250 39750 33088 3375 1000;
5 16 L 4 2;
94 <<L1>> -52250 39750 33088 1050 1000;
5 16 L 5 2;
94 <<1p>> -36250 39750 33088 1050 1000;
5 16 L 6 2;
94 <<L2>> -6250 39750 33088 1275 1000;
5 16 I 1 2;
94 <<pwl(0 0 5p IB1)>> -750 37750 33024 7650 1000;
5 16 I 2 2;
94 <<pwl(0 0 5p IB01tx1)>> 25250 37750 33024 9675 1000;
5 16 L 7 2;
94 <<0.34p>> -76250 29750 33024 2700 1000;
5 16 L 8 2;
94 <<LRB01rx1>> -70250 29750 33024 4350 1000;
5 16 L 9 2;
94 <<0.2p>> -50250 29750 33024 2100 1000;
5 16 L 10 2;
94 <<LRB1>> -44250 29750 33024 2250 1000;
5 16 L 11 2;
94 <<0.2p>> -1250 27750 33024 2100 1000;
5 16 L 12 2;
94 <<0.2p>> 24750 27750 33024 2100 1000;
5 16 I 3 2;
94 <<pwl(0 0 5p IB01rx1)>> -59750 26750 33024 9750 1000;
5 16 L 13 2;
94 <<L6>> 6750 17750 33088 1275 1000;
5 16 L 14 2;
94 <<L7>> 22750 17750 33088 1275 1000;
5 16 L 15 2;
94 <<L02tx1>> 38750 17750 33088 3300 1000;
5 16 L 16 2;
94 <<0.2p>> -60250 16750 33024 2100 1000;
5 16 R 3 2;
94 <<1.36>> 48750 16500 33088 1875 1000;
5 16 L 17 2;
94 <<LRB4>> -16250 12750 33088 2475 1000;
5 16 L 23 2;
94 <<0.2p>> 8750 7750 33024 2100 1000;
5 16 L 24 2;
94 <<LRB5>> 14750 7750 33024 2475 1000;
5 16 L 25 2;
94 <<0.05p>> 24750 7750 33024 2700 1000;
5 16 L 26 2;
94 <<LRB01tx1>> 30750 7750 33024 4275 1000;
5 16 L 18 2;
94 <<L01rx1>> -78250 6750 33088 3150 1000;
5 16 R 7 2;
94 <<9.7>> -70750 6750 33024 1500 1000;
5 16 L 19 2;
94 <<L02rx1>> -62250 6750 33088 3375 1000;
5 16 L 20 2;
94 <<L1>> -52250 6750 33088 1050 1000;
5 16 L 21 2;
94 <<1p>> -36250 6750 33088 1050 1000;
5 16 L 22 2;
94 <<L2>> -6250 6750 33088 1275 1000;
5 16 L 27 2;
94 <<0.34p>> -76250 -3250 33024 2700 1000;
5 16 L 28 2;
94 <<LRB01rx2>> -70250 -3250 33024 4575 1000;
5 16 L 29 2;
94 <<0.2p>> -50250 -3250 33024 2100 1000;
5 16 L 30 2;
94 <<LRB3>> -44250 -3250 33024 2475 1000;
L PARM;
5 16 B 0 3;
94 <<area=B2>> -35750 37250 33024 4200 1000;
5 16 B 1 3;
94 <<area=B01rx1>> -76250 30250 32768 6075 1000;
5 16 B 2 3;
94 <<area=B1>> -50250 30250 32768 3975 1000;
5 16 B 3 3;
94 <<area=B5>> 8750 8250 32768 4200 1000;
5 16 B 4 3;
94 <<area=B01tx1>> 24750 8250 32768 6000 1000;
5 16 B 5 3;
94 <<area=B2>> -35750 4250 33024 4200 1000;
5 16 B 6 3;
94 <<area=B01rx1>> -76250 -2750 32768 6075 1000;
5 16 B 7 3;
94 <<area=B1>> -50250 -2750 32768 3975 1000;
L SPTX;
94 <<.param Scaling=1.0>> -88000 98000 0 9225 1000;
94 <<.param B0=1>> -88000 97000 0 6000 1000;
94 <<.param Ic0=0.0001>> -88000 96000 0 8925 1000;
94 <<.param IcRs=100u*6.859904418>> -88000 95000 0 15300 1000;
94 <<.param B0Rs=IcRs/Ic0*B0>> -88000 94000 0 12825 1000;
94 <<.param Rsheet=2 >> -88000 93000 0 9150 1000;
94 <<.param Lsheet=1.13e-12 >> -88000 92000 0 12300 1000;
94 <<.param B01rx1=0.88429*Scaling>> -88000 91000 0 15525 1000;
94 <<.param B01tx1=0.842106*Scaling>> -88000 90000 0 15825 1000;
94 <<.param B1=1.45438*Scaling>> -88000 89000 0 13200 1000;
94 <<.param B2=0.960422*Scaling>> -88000 88000 0 14250 1000;
94 <<.param B5=0.805138*Scaling>> -88000 87000 0 14025 1000;
94 <<.param IB01rx1=0.000106334*Scaling>> -88000 86000 0 18000 1000;
94 <<.param IB01tx1=5.04979e-5*Scaling>> -88000 85000 0 17550 1000;
94 <<.param IB1=0.000186124*Scaling>> -88000 84000 0 15675 1000;
94 <<.param L01rx1=2e-012*(1/Scaling-(1-Scaling))>> -88000 83000 0 22425 1000;
94 <<.param L02rx1=1.27924e-012*(1/Scaling-(1-Scaling))>> -88000 82000 0 25650 1000;
94 <<.param L02tx1=4.81637e-012*(1/Scaling-(1-Scaling))>> -88000 81000 0 25575 1000;
94 <<.param L1=1.75737e-012*(1/Scaling-(1-Scaling))>> -88000 80000 0 23325 1000;
94 <<.param L2=2e-012*(1/Scaling-(1-Scaling))>> -88000 79000 0 20550 1000;
94 <<.param L6=2.22418e-012*(1/Scaling-(1-Scaling))>> -88000 78000 0 23550 1000;
94 <<.param L7=8.49377e-012*(1/Scaling-(1-Scaling))>> -88000 77000 0 23775 1000;
94 <<.param LRB01rx1=(RB01rx1/Rsheet)*Lsheet>> -88000 76000 0 21225 1000;
94 <<.param LRB01rx2=(RB01rx2/Rsheet)*Lsheet>> -88000 75000 0 21675 1000;
94 <<.param LRB01tx1=(RB01tx1/Rsheet)*Lsheet>> -88000 74000 0 21075 1000;
94 <<.param LRB1=(RB1/Rsheet)*Lsheet>> -88000 73000 0 17025 1000;
94 <<.param LRB2=(RB2/Rsheet)*Lsheet>> -88000 72000 0 17475 1000;
94 <<.param LRB3=(RB3/Rsheet)*Lsheet>> -88000 71000 0 17475 1000;
94 <<.param LRB4=(RB4/Rsheet)*Lsheet>> -88000 70000 0 17475 1000;
94 <<.param LRB5=(RB5/Rsheet)*Lsheet>> -88000 69000 0 17475 1000;
94 <<.param RB01rx1=B0Rs/B01rx1>> -88000 68000 0 14175 1000;
94 <<.param RB01rx2=B0Rs/B01rx1>> -88000 67000 0 14400 1000;
94 <<.param RB01tx1=B0Rs/B01tx1>> -88000 66000 0 14025 1000;
94 <<.param RB1=B0Rs/B1>> -88000 65000 0 9975 1000;
94 <<.param RB2=B0Rs/B2>> -88000 64000 0 10425 1000;
94 <<.param RB3=B0Rs/B1>> -88000 63000 0 10200 1000;
94 <<.param RB4=B0Rs/B2>> -88000 62000 0 10425 1000;
94 <<.param RB5=B0Rs/B5>> -88000 61000 0 10425 1000;
DF;
E
* Generated by Xic from cell LSmitll_MERGET
.tran 0.5p 600p 0 0.25p UIC
.param Scaling=1.0
.param B0=1
.param Ic0=0.0001
.param IcRs=100u*6.859904418
.param B0Rs=IcRs/Ic0*B0
.param Rsheet=2 
.param Lsheet=1.13e-12 
.param B01rx1=0.88429*Scaling
.param B01tx1=0.842106*Scaling
.param B1=1.45438*Scaling
.param B2=0.960422*Scaling
.param B5=0.805138*Scaling
.param IB01rx1=0.000106334*Scaling
.param IB01tx1=5.04979e-5*Scaling
.param IB1=0.000186124*Scaling
.param L01rx1=2e-012*(1/Scaling-(1-Scaling))
.param L02rx1=1.27924e-012*(1/Scaling-(1-Scaling))
.param L02tx1=4.81637e-012*(1/Scaling-(1-Scaling))
.param L1=1.75737e-012*(1/Scaling-(1-Scaling))
.param L2=2e-012*(1/Scaling-(1-Scaling))
.param L6=2.22418e-012*(1/Scaling-(1-Scaling))
.param L7=8.49377e-012*(1/Scaling-(1-Scaling))
.param LRB01rx1=(RB01rx1/Rsheet)*Lsheet
.param LRB01rx2=(RB01rx2/Rsheet)*Lsheet
.param LRB01tx1=(RB01tx1/Rsheet)*Lsheet
.param LRB1=(RB1/Rsheet)*Lsheet
.param LRB2=(RB2/Rsheet)*Lsheet
.param LRB3=(RB3/Rsheet)*Lsheet
.param LRB4=(RB4/Rsheet)*Lsheet
.param LRB5=(RB5/Rsheet)*Lsheet
.param RB01rx1=B0Rs/B01rx1
.param RB01rx2=B0Rs/B01rx1
.param RB01tx1=B0Rs/B01tx1
.param RB1=B0Rs/B1
.param RB2=B0Rs/B2
.param RB3=B0Rs/B1
.param RB4=B0Rs/B2
.param RB5=B0Rs/B5
B01rx1 6 18 37 jmitll area=B01rx1
B01rx2 13 32 42 jmitll area=B01rx1
B01tx1 10 28 40 jmitll area=B01tx1
B1 7 20 38 jmitll area=B1
B2 4 5 36 jmitll area=B2
B3 14 34 43 jmitll area=B1
B4 11 12 41 jmitll area=B2
B5 9 26 39 jmitll area=B5
IB01rx1 0 15 pwl(0 0 5p IB01rx1)
IB01rx2 0 24 pwl(0 0 5p IB01rx1)
IB01tx1 0 23 pwl(0 0 5p IB01tx1)
IB1 0 22 pwl(0 0 5p IB1)
L01rx1 IN_1 6 L01rx1
L01rx2 IN_2 13 L01rx1
L02rx1 6 16 L02rx1
L02rx2 13 30 L02rx1
L02tx1 10 25 L02tx1
L1 16 7 L1
L2 5 8 L2
L3 30 14 L1
L12 23 10 0.2p
L16 24 30 0.2p
L1b 7 4 1p
L25 28 0 0.05p
L29 34 0 0.2p
L3b 14 11 1p
L4 12 8 L2
L6 8 9 L6
L7 9 10 L7
LP01rx1 18 0 0.34p
LP01rx2 32 0 0.34p
LP1 20 0 0.2p
LP5 26 0 0.2p
LPR01rx1 15 16 0.2p
LPR1 22 8 0.2p
LRB01rx1 19 0 LRB01rx1
LRB01rx2 33 0 LRB01rx2
LRB01tx1 29 0 LRB01tx1
LRB1 21 0 LRB1
LRB2 17 5 LRB2
LRB3 35 0 LRB3
LRB4 31 12 LRB4
LRB5 27 0 LRB5
R3 25 OUT 1.36
R7 13 33 9.7
RB01rx1 6 19 RB01rx1
RB01tx1 10 29 RB01tx1
RB1 7 21 RB1
RB2 4 17 RB2
RB3 14 35 RB3
RB4 11 31 RB4
RB5 9 27 RB5
.save @IB01rx2[c]
.save @IB01rx1[c]
.save @IB1[c]
.save @IB01tx1[c]
