(Symbol MITLL_MERGET);
($Id:$);
(PHYSICAL);
(RESOLUTION 1000);
9 MITLL_MERGET;
DS 0 1 1;
DF;
E
(ELECTRICAL);
(RESOLUTION 1000);
5 10 1 0 -78000:-77000 40000:40000 0x0 IN_1;
5 10 2 1 -78000:-78000 7000:-5000 0x0 IN_2;
5 10 3 2 49000 18000 0x0 OUT;
5 11 X 0 subckt;
9 MITLL_MERGET;
DS 0 1 1;
(SymbolCall gnd);
5 10 0 0 -52000 60000;
1 Bound -52000 59000 -49400 61000;
( Rotate 90 );
9 gnd;
C 0 R 0 1 T -51000 59000;
(SymbolCall gnd);
5 10 0 0 -3000 38000;
1 Bound -3000 37000 -400 39000;
( Rotate 90 );
9 gnd;
C 0 R 0 1 T -2000 37000;
(SymbolCall gnd);
5 10 0 0 23000 38000;
1 Bound 23000 37000 25600 39000;
( Rotate 90 );
9 gnd;
C 0 R 0 1 T 24000 37000;
(SymbolCall gnd);
5 10 0 0 -52000 27000;
1 Bound -52000 26000 -49400 28000;
( Rotate 90 );
9 gnd;
C 0 R 0 1 T -51000 26000;
(SymbolCall gnd);
5 10 0 0 -68000 20000;
1 Bound -69000 17400 -67000 20000;
9 gnd;
C 0 T -69000 19000;
(SymbolCall gnd);
5 10 0 0 -62000 20000;
1 Bound -63000 17400 -61000 20000;
9 gnd;
C 0 T -63000 19000;
(SymbolCall gnd);
5 10 0 0 -42000 20000;
1 Bound -43000 17400 -41000 20000;
9 gnd;
C 0 T -43000 19000;
(SymbolCall gnd);
5 10 0 0 -36000 20000;
1 Bound -37000 17400 -35000 20000;
9 gnd;
C 0 T -37000 19000;
(SymbolCall gnd);
5 10 0 0 7000 -2000;
1 Bound 6000 -4600 8000 -2000;
9 gnd;
C 0 T 6000 -3000;
(SymbolCall gnd);
5 10 0 0 13000 -2000;
1 Bound 12000 -4600 14000 -2000;
9 gnd;
C 0 T 12000 -3000;
(SymbolCall gnd);
5 10 0 0 23000 -2000;
1 Bound 22000 -4600 24000 -2000;
9 gnd;
C 0 T 22000 -3000;
(SymbolCall gnd);
5 10 0 0 29000 -2000;
1 Bound 28000 -4600 30000 -2000;
9 gnd;
C 0 T 28000 -3000;
(SymbolCall gnd);
5 10 0 0 -68000 -13000;
1 Bound -69000 -15600 -67000 -13000;
9 gnd;
C 0 T -69000 -14000;
(SymbolCall gnd);
5 10 0 0 -62000 -13000;
1 Bound -63000 -15600 -61000 -13000;
9 gnd;
C 0 T -63000 -14000;
(SymbolCall gnd);
5 10 0 0 -42000 -13000;
1 Bound -43000 -15600 -41000 -13000;
9 gnd;
C 0 T -43000 -14000;
(SymbolCall gnd);
5 10 0 0 -36000 -13000;
1 Bound -37000 -15600 -35000 -13000;
9 gnd;
C 0 T -37000 -14000;
(SymbolCall ind);
5 10 14 1 -52000 40000 LPR01RX1-;
5 10 13 0 -52000 50000 LPR01RX1+;
5 15 -51000 49000 0 -1;
5 2 0.2p;
5 11 L.LPR01rx1 0;
1 Bound -52000 40000 -50500 50000;
9 ind;
C 0 T -53000 40000;
(SymbolCall ind);
5 10 5 1 -16000 46000 LRB2-;
5 10 15 0 -26000 46000 LRB2+;
5 15 -25000 47000 1 0;
5 2 LRB2;
5 11 L.LRB2 1;
1 Bound -26000 46000 -16000 47500;
( Rotate 90 );
9 ind;
C 0 R 0 1 T -16000 45000;
(SymbolCall ind);
5 10 6 1 -68000 40000 L01RX1-;
5 10 1 0 -78000 40000 L01RX1+;
5 15 -77000 41000 1 0;
5 2 L01rx1;
5 11 L.L01rx1 2;
1 Bound -78000 40000 -68000 41500;
( Rotate 90 );
9 ind;
C 0 R 0 1 T -68000 39000;
(SymbolCall ind);
5 10 14 1 -52000 40000 L02RX1-;
5 10 6 0 -62000 40000 L02RX1+;
5 15 -61000 41000 1 0;
5 2 L02rx1;
5 11 L.L02rx1 3;
1 Bound -62000 40000 -52000 41500;
( Rotate 90 );
9 ind;
C 0 R 0 1 T -52000 39000;
(SymbolCall ind);
5 10 4 1 -42000 40000 L1-;
5 10 14 0 -52000 40000 L1+;
5 15 -51000 41000 1 0;
5 2 L1;
5 11 L.L1 4;
1 Bound -52000 40000 -42000 41500;
( Rotate 90 );
9 ind;
C 0 R 0 1 T -42000 39000;
(SymbolCall ind);
5 10 7 1 -6000 40000 L2-;
5 10 5 0 -16000 40000 L2+;
5 15 -15000 41000 1 0;
5 2 L2;
5 11 L.L2 5;
1 Bound -16000 40000 -6000 41500;
( Rotate 90 );
9 ind;
C 0 R 0 1 T -6000 39000;
(SymbolCall ind);
5 10 0 1 -68000 20000 LP01RX1-;
5 10 16 0 -68000 30000 LP01RX1+;
5 15 -67000 29000 0 -1;
5 2 0.34p;
5 11 L.LP01rx1 6;
1 Bound -68000 20000 -66500 30000;
9 ind;
C 0 T -69000 20000;
(SymbolCall ind);
5 10 0 1 -62000 20000 LRB01RX1-;
5 10 17 0 -62000 30000 LRB01RX1+;
5 15 -61000 29000 0 -1;
5 2 LRB01rx1;
5 11 L.LRB01rx1 7;
1 Bound -62000 20000 -60500 30000;
9 ind;
C 0 T -63000 20000;
(SymbolCall ind);
5 10 0 1 -42000 20000 LP1-;
5 10 18 0 -42000 30000 LP1+;
5 15 -41000 29000 0 -1;
5 2 0.2p;
5 11 L.LP1 8;
1 Bound -42000 20000 -40500 30000;
9 ind;
C 0 T -43000 20000;
(SymbolCall ind);
5 10 0 1 -36000 20000 LRB1-;
5 10 19 0 -36000 30000 LRB1+;
5 15 -35000 29000 0 -1;
5 2 LRB1;
5 11 L.LRB1 9;
1 Bound -36000 20000 -34500 30000;
9 ind;
C 0 T -37000 20000;
(SymbolCall ind);
5 10 7 1 -3000 18000 LPR1-;
5 10 20 0 -3000 28000 LPR1+;
5 15 -2000 27000 0 -1;
5 2 0.2p;
5 11 L.LPR1 10;
1 Bound -3000 18000 -1500 28000;
9 ind;
C 0 T -4000 18000;
(SymbolCall ind);
5 10 9 1 23000 18000 L11-;
5 10 21 0 23000 28000 L11+;
5 15 24000 27000 0 -1;
5 2 0.2p;
5 11 L 11;
1 Bound 23000 18000 24500 28000;
9 ind;
C 0 T 22000 18000;
(SymbolCall ind);
5 10 8 1 7000 18000 L6-;
5 10 7 0 -3000 18000 L6+;
5 15 -2000 19000 1 0;
5 2 L6;
5 11 L.L6 12;
1 Bound -3000 18000 7000 19500;
( Rotate 90 );
9 ind;
C 0 R 0 1 T 7000 17000;
(SymbolCall ind);
5 2 L7;
5 11 L.L7 13;
5 10 9 1 23000 18000 L7-;
5 10 8 0 13000 18000 L7+;
5 15 14000 19000 1 0;
1 Bound 13000 18000 23000 19500;
( Rotate 90 );
9 ind;
C 0 R 0 1 T 23000 17000;
(SymbolCall ind);
5 2 L02tx1;
5 11 L.L02tx1 14;
5 10 23 1 39000 18000 L02TX1-;
5 10 9 0 29000 18000 L02TX1+;
5 15 30000 19000 1 0;
1 Bound 29000 18000 39000 19500;
( Rotate 90 );
9 ind;
C 0 R 0 1 T 39000 17000;
(SymbolCall ind);
5 10 28 1 -52000 7000 L15-;
5 10 22 0 -52000 17000 L15+;
5 15 -51000 16000 0 -1;
5 2 0.2p;
5 11 L 15;
1 Bound -52000 7000 -50500 17000;
9 ind;
C 0 T -53000 7000;
(SymbolCall ind);
5 2 LRB2;
5 11 L.LRB4 16;
5 10 11 1 -16000 13000 LRB4-;
5 10 29 0 -26000 13000 LRB4+;
5 15 -25000 14000 1 0;
1 Bound -26000 13000 -16000 14500;
( Rotate 90 );
9 ind;
C 0 R 0 1 T -16000 12000;
(SymbolCall ind);
5 2 L01rx1;
5 11 L.L01rx2 17;
5 10 12 1 -68000 7000 L01RX2-;
5 10 2 0 -78000 7000 L01RX2+;
5 15 -77000 8000 1 0;
1 Bound -78000 7000 -68000 8500;
( Rotate 90 );
9 ind;
C 0 R 0 1 T -68000 6000;
(SymbolCall ind);
5 2 L02rx1;
5 11 L.L02rx2 18;
5 10 28 1 -52000 7000 L02RX2-;
5 10 12 0 -62000 7000 L02RX2+;
5 15 -61000 8000 1 0;
1 Bound -62000 7000 -52000 8500;
( Rotate 90 );
9 ind;
C 0 R 0 1 T -52000 6000;
(SymbolCall ind);
5 2 L1;
5 11 L.L3 19;
5 10 10 1 -42000 7000 L3-;
5 10 28 0 -52000 7000 L3+;
5 15 -51000 8000 1 0;
1 Bound -52000 7000 -42000 8500;
( Rotate 90 );
9 ind;
C 0 R 0 1 T -42000 6000;
(SymbolCall ind);
5 2 L2;
5 11 L.L4 20;
5 10 7 1 -6000 7000 L4-;
5 10 11 0 -16000 7000 L4+;
5 15 -15000 8000 1 0;
1 Bound -16000 7000 -6000 8500;
( Rotate 90 );
9 ind;
C 0 R 0 1 T -6000 6000;
(SymbolCall ind);
5 10 0 1 7000 -2000 LP5-;
5 10 24 0 7000 8000 LP5+;
5 15 8000 7000 0 -1;
5 2 0.2p;
5 11 L.LP5 21;
1 Bound 7000 -2000 8500 8000;
9 ind;
C 0 T 6000 -2000;
(SymbolCall ind);
5 10 0 1 13000 -2000 LRB5-;
5 10 25 0 13000 8000 LRB5+;
5 15 14000 7000 0 -1;
5 2 LRB5;
5 11 L.LRB5 22;
1 Bound 13000 -2000 14500 8000;
9 ind;
C 0 T 12000 -2000;
(SymbolCall ind);
5 10 0 1 23000 -2000 L23-;
5 10 26 0 23000 8000 L23+;
5 15 24000 7000 0 -1;
5 2 0.05p;
5 11 L 23;
1 Bound 23000 -2000 24500 8000;
9 ind;
C 0 T 22000 -2000;
(SymbolCall ind);
5 2 LRB01tx1;
5 11 L.LRB01tx1 24;
5 10 0 1 29000 -2000 LRB01TX1-;
5 10 27 0 29000 8000 LRB01TX1+;
5 15 30000 7000 0 -1;
1 Bound 29000 -2000 30500 8000;
9 ind;
C 0 T 28000 -2000;
(SymbolCall ind);
5 11 L.LP01rx2 25;
5 10 0 1 -68000 -13000 LP01RX2-;
5 10 30 0 -68000 -3000 LP01RX2+;
5 15 -67000 -4000 0 -1;
5 2 0.34p;
1 Bound -68000 -13000 -66500 -3000;
9 ind;
C 0 T -69000 -13000;
(SymbolCall ind);
5 11 L.LRB01rx2 26;
5 2 LRB01rx1;
5 10 0 1 -62000 -13000 LRB01RX2-;
5 10 31 0 -62000 -3000 LRB01RX2+;
5 15 -61000 -4000 0 -1;
1 Bound -62000 -13000 -60500 -3000;
9 ind;
C 0 T -63000 -13000;
(SymbolCall ind);
5 10 0 1 -42000 -13000 L27-;
5 10 32 0 -42000 -3000 L27+;
5 15 -41000 -4000 0 -1;
5 11 L 27;
5 2 0.2p;
1 Bound -42000 -13000 -40500 -3000;
9 ind;
C 0 T -43000 -13000;
(SymbolCall ind);
5 2 LRB1;
5 11 L.LRB3 28;
5 10 0 1 -36000 -13000 LRB3-;
5 10 33 0 -36000 -3000 LRB3+;
5 15 -35000 -4000 0 -1;
1 Bound -36000 -13000 -34500 -3000;
9 ind;
C 0 T -37000 -13000;
(SymbolCall isrc);
5 10 13 1 -52000 50000 IB01RX1_1;
5 10 0 0 -52000 60000 IB01RX1_0;
5 15 -52000 54000 0 -1 @<name>[c];
5 2 pwl(0 0 5p IB01rx1);
5 11 I.IB01rx1 0;
5 5 nophys;
1 Bound -54000 50000 -50000 60000;
9 isrc;
C 0 T -54000 50000;
(SymbolCall isrc);
5 10 20 1 -3000 28000 IB1_1;
5 10 0 0 -3000 38000 IB1_0;
5 15 -3000 32000 0 -1 @<name>[c];
5 2 pwl(0 0 5p IB1);
5 11 I.IB1 1;
5 5 nophys;
1 Bound -5000 28000 -1000 38000;
9 isrc;
C 0 T -5000 28000;
(SymbolCall isrc);
5 10 21 1 23000 28000 IB01TX1_1;
5 10 0 0 23000 38000 IB01TX1_0;
5 15 23000 32000 0 -1 @<name>[c];
5 2 pwl(0 0 5p IB01tx1);
5 11 I.IB01tx1 2;
5 5 nophys;
1 Bound 21000 28000 25000 38000;
9 isrc;
C 0 T 21000 28000;
(SymbolCall isrc);
5 10 22 1 -52000 17000 IB01RX2_1;
5 10 0 0 -52000 27000 IB01RX2_0;
5 15 -52000 21000 0 -1 @<name>[c];
5 2 pwl(0 0 5p IB01rx1);
5 11 I.IB01rx2 3;
5 5 nophys;
1 Bound -54000 17000 -50000 27000;
9 isrc;
C 0 T -54000 17000;
(SymbolCall jj);
5 10 34 2 -34000 39000 B2_2;
5 10 5 1 -26000 40000 B2-;
5 10 4 0 -36000 40000 B2+;
5 3 area=B2;
5 1 jmitll;
5 11 B.B2 0;
1 Bound -36000 38500 -26000 41500;
( Rotate 90 );
9 jj;
C 0 R 0 1 T -26000 39000;
(SymbolCall jj);
5 10 35 2 -69000 38000 B01RX1_2;
5 10 16 1 -68000 30000 B01RX1-;
5 10 6 0 -68000 40000 B01RX1+;
5 3 area=B01rx1;
5 1 jmitll;
5 11 B.B01rx1 1;
1 Bound -69500 30000 -66500 40000;
9 jj;
C 0 T -69000 30000;
(SymbolCall jj);
5 10 36 2 -43000 38000 B1_2;
5 10 18 1 -42000 30000 B1-;
5 10 4 0 -42000 40000 B1+;
5 3 area=B1;
5 1 jmitll;
5 11 B.B1 2;
1 Bound -43500 30000 -40500 40000;
9 jj;
C 0 T -43000 30000;
(SymbolCall jj);
5 10 37 2 6000 16000 B5_2;
5 10 24 1 7000 8000 B5-;
5 10 8 0 7000 18000 B5+;
5 3 area=B5;
5 1 jmitll;
5 11 B.B5 3;
1 Bound 5500 8000 8500 18000;
9 jj;
C 0 T 6000 8000;
(SymbolCall jj);
5 3 area=B01tx1;
5 11 B.B01tx1 4;
5 10 38 2 22000 16000 B01TX1_2;
5 10 26 1 23000 8000 B01TX1-;
5 10 9 0 23000 18000 B01TX1+;
5 1 jmitll;
1 Bound 21500 8000 24500 18000;
9 jj;
C 0 T 22000 8000;
(SymbolCall jj);
5 3 area=B2;
5 11 B.B4 5;
5 10 39 2 -34000 6000 B4_2;
5 10 11 1 -26000 7000 B4-;
5 10 10 0 -36000 7000 B4+;
5 1 jmitll;
1 Bound -36000 5500 -26000 8500;
( Rotate 90 );
9 jj;
C 0 R 0 1 T -26000 6000;
(SymbolCall jj);
5 3 area=B01rx1;
5 11 B.B01rx2 6;
5 10 40 2 -69000 5000 B01RX2_2;
5 10 30 1 -68000 -3000 B01RX2-;
5 10 12 0 -68000 7000 B01RX2+;
5 1 jmitll;
1 Bound -69500 -3000 -66500 7000;
9 jj;
C 0 T -69000 -3000;
(SymbolCall jj);
5 3 area=B1;
5 11 B.B3 7;
5 10 41 2 -43000 5000 B3_2;
5 10 32 1 -42000 -3000 B3-;
5 10 10 0 -42000 7000 B3+;
5 1 jmitll;
1 Bound -43500 -3000 -40500 7000;
9 jj;
C 0 T -43000 -3000;
(SymbolCall res);
5 10 15 1 -26000 46000 RB2-;
5 10 4 0 -36000 46000 RB2+;
5 15 -35000 45000 1 0 "<v>/<value>O";
5 1 RB2;
5 11 R.RB2 0;
1 Bound -36000 44750 -26000 47000;
( Rotate 90 );
9 res;
C 0 R 0 1 T -36000 46000;
(SymbolCall res);
5 10 17 1 -62000 30000 RB01RX1-;
5 10 6 0 -62000 40000 RB01RX1+;
5 15 -63000 39000 0 -1 "<v>/<value>O";
5 1 RB01rx1;
5 11 R.RB01rx1 1;
1 Bound -63250 30000 -61000 40000;
9 res;
C 0 T -62000 40000;
(SymbolCall res);
5 10 19 1 -36000 30000 RB1-;
5 10 4 0 -36000 40000 RB1+;
5 15 -37000 39000 0 -1 "<v>/<value>O";
5 1 RB1;
5 11 R.RB1 2;
1 Bound -37250 30000 -35000 40000;
9 res;
C 0 T -36000 40000;
(SymbolCall res);
5 10 3 1 49000 18000 R3-;
5 10 23 0 39000 18000 R3+;
5 15 40000 17000 1 0 "<v>/<value>O";
5 2 1.36;
5 11 R 3;
1 Bound 39000 16750 49000 19000;
( Rotate 90 );
9 res;
C 0 R 0 1 T 39000 18000;
(SymbolCall res);
5 10 25 1 13000 8000 RB5-;
5 10 8 0 13000 18000 RB5+;
5 15 12000 17000 0 -1 "<v>/<value>O";
5 1 RB5;
5 11 R.RB5 4;
1 Bound 11750 8000 14000 18000;
9 res;
C 0 T 13000 18000;
(SymbolCall res);
5 2 RB01tx1;
5 11 R.RB01tx1 5;
5 10 27 1 29000 8000 RB01TX1-;
5 10 9 0 29000 18000 RB01TX1+;
5 15 28000 17000 0 -1 "<v>/<value>O";
1 Bound 27750 8000 30000 18000;
9 res;
C 0 T 29000 18000;
(SymbolCall res);
5 2 RB2;
5 11 R.RB4 6;
5 10 29 1 -26000 13000 RB4-;
5 10 10 0 -36000 13000 RB4+;
5 15 -35000 12000 1 0 "<v>/<value>O";
1 Bound -36000 11750 -26000 14000;
( Rotate 90 );
9 res;
C 0 R 0 1 T -36000 13000;
(SymbolCall res);
5 10 31 1 -62000 -3000 R7-;
5 10 12 0 -62000 7000 R7+;
5 15 -63000 6000 0 -1 "<v>/<value>O";
5 2 9.7;
5 11 R 7;
1 Bound -63250 -3000 -61000 7000;
9 res;
C 0 T -62000 7000;
(SymbolCall res);
5 2 RB1;
5 11 R.RB3 8;
5 10 33 1 -36000 -3000 RB3-;
5 10 10 0 -36000 7000 RB3+;
5 15 -37000 6000 0 -1 "<v>/<value>O";
1 Bound -37250 -3000 -35000 7000;
9 res;
C 0 T -36000 7000;
L SCED;
5 10 4;
W2 0 -36000 46000 -36000 40000 -42000 40000;
5 10 5;
W2 0 -26000 40000 -16000 40000 -16000 46000;
5 10 6;
W2 0 -68000 40000 -62000 40000;
5 10 7;
W2 0 -6000 40000 -6000 18000 -6000 7000;
5 10 7;
W2 0 -6000 18000 -3000 18000;
5 10 8;
W2 0 7000 18000 13000 18000;
5 10 9;
W2 0 23000 18000 29000 18000;
5 10 10;
W2 0 -36000 13000 -36000 7000 -42000 7000;
5 10 11;
W2 0 -16000 13000 -16000 7000 -26000 7000;
5 10 12;
W2 0 -68000 7000 -62000 7000;
L NAME;
5 16 I 0 11;
94 <<IB01rx1>> -54250 58750 320 3450 1000;
5 16 L 0 11;
94 <<LPR01rx1>> -52250 48750 320 4350 1000;
5 16 L 1 11;
94 <<LRB2>> -25750 47750 0 2475 1000;
5 16 R 0 11;
94 <<RB2>> -35750 47250 0 1875 1000;
5 16 L 2 11;
94 <<L01rx1>> -77750 41750 0 3150 1000;
5 16 L 3 11;
94 <<L02rx1>> -61750 41750 0 3375 1000;
5 16 L 4 11;
94 <<L1>> -51750 41750 0 1050 1000;
5 16 B 0 11;
94 <<B2>> -35750 41750 0 1275 1000;
5 16 L 5 11;
94 <<L2>> -15750 41750 0 1275 1000;
5 16 B 1 11;
94 <<B01rx1>> -69750 38750 320 3150 1000;
5 16 R 1 11;
94 <<RB01rx1>> -64500 38750 320 3750 1000;
5 16 B 2 11;
94 <<B1>> -43750 38750 320 1050 1000;
5 16 R 2 11;
94 <<RB1>> -37500 38750 320 1650 1000;
5 16 I 1 11;
94 <<IB1>> -5250 36750 320 1350 1000;
5 16 I 2 11;
94 <<IB01tx1>> 20750 36750 320 3375 1000;
5 16 L 6 11;
94 <<LP01rx1>> -68250 28750 320 3750 1000;
5 16 L 7 11;
94 <<LRB01rx1>> -62250 28750 320 4350 1000;
5 16 L 8 11;
94 <<LP1>> -42250 28750 320 1650 1000;
5 16 L 9 11;
94 <<LRB1>> -36250 28750 320 2250 1000;
5 16 L 10 11;
94 <<LPR1>> -3250 26750 320 2250 1000;
5 16 L 11 11;
94 <<L11>> 22750 26750 320 1425 1000;
5 16 I 3 11;
94 <<IB01rx2>> -54250 25750 320 3675 1000;
5 16 L 12 11;
94 <<L6>> -2750 19750 0 1275 1000;
5 16 L 13 11;
94 <<L7>> 13250 19750 0 1275 1000;
5 16 L 14 11;
94 <<L02tx1>> 29250 19750 0 3300 1000;
5 16 R 3 11;
94 <<R3>> 39250 19250 0 1275 1000;
5 16 B 3 11;
94 <<B5>> 5250 16750 320 1275 1000;
5 16 R 4 11;
94 <<RB5>> 11500 16750 320 1875 1000;
5 16 B 4 11;
94 <<B01tx1>> 21250 16750 320 3075 1000;
5 16 R 5 11;
94 <<RB01tx1>> 27500 16750 320 3675 1000;
5 16 L 15 11;
94 <<L15>> -52250 15750 320 1650 1000;
5 16 L 16 11;
94 <<LRB4>> -25750 14750 0 2475 1000;
5 16 R 6 11;
94 <<RB4>> -35750 14250 0 1875 1000;
5 16 L 17 11;
94 <<L01rx2>> -77750 8750 0 3375 1000;
5 16 L 18 11;
94 <<L02rx2>> -61750 8750 0 3600 1000;
5 16 L 19 11;
94 <<L3>> -51750 8750 0 1275 1000;
5 16 B 5 11;
94 <<B4>> -35750 8750 0 1275 1000;
5 16 L 20 11;
94 <<L4>> -15750 8750 0 1275 1000;
5 16 L 21 11;
94 <<LP5>> 6750 6750 320 1875 1000;
5 16 L 22 11;
94 <<LRB5>> 12750 6750 320 2475 1000;
5 16 L 23 11;
94 <<L23>> 22750 6750 320 1875 1000;
5 16 L 24 11;
94 <<LRB01tx1>> 28750 6750 320 4275 1000;
5 16 B 6 11;
94 <<B01rx2>> -69750 5750 320 3375 1000;
5 16 R 7 11;
94 <<R7>> -63500 5750 320 1275 1000;
5 16 B 7 11;
94 <<B3>> -43750 5750 320 1275 1000;
5 16 R 8 11;
94 <<RB3>> -37500 5750 320 1875 1000;
5 16 L 25 11;
94 <<LP01rx2>> -68250 -4250 320 3975 1000;
5 16 L 26 11;
94 <<LRB01rx2>> -62250 -4250 320 4575 1000;
5 16 L 27 11;
94 <<L27>> -42250 -4250 320 1875 1000;
5 16 L 28 11;
94 <<LRB3>> -36250 -4250 320 2475 1000;
L MODL;
5 16 R 0 1;
94 <<RB2>> -26250 44500 320 1875 1000;
5 16 B 1 1;
94 <<jmitll>> -66250 39750 256 2625 1000;
5 16 R 1 1;
94 <<RB01rx1>> -60750 39750 256 3750 1000;
5 16 B 2 1;
94 <<jmitll>> -40250 39750 256 2625 1000;
5 16 R 2 1;
94 <<RB1>> -34750 39750 256 1650 1000;
5 16 B 0 1;
94 <<jmitll>> -26250 38250 320 2625 1000;
5 16 B 3 1;
94 <<jmitll>> 8750 17750 256 2625 1000;
5 16 R 4 1;
94 <<RB5>> 14250 17750 256 1875 1000;
5 16 B 4 1;
94 <<jmitll>> 24750 17750 256 2625 1000;
5 16 B 6 1;
94 <<jmitll>> -66250 6750 256 2625 1000;
5 16 B 7 1;
94 <<jmitll>> -40250 6750 256 2625 1000;
5 16 B 5 1;
94 <<jmitll>> -26250 5250 320 2625 1000;
L VALU;
5 16 I 0 2;
94 <<pwl(0 0 5p IB01rx1)>> -49750 59750 33024 9750 1000;
5 16 L 0 2;
94 <<0.2p>> -50250 49750 33024 2100 1000;
5 16 L 1 2;
94 <<LRB2>> -16250 45750 33088 2475 1000;
5 16 L 2 2;
94 <<L01rx1>> -68250 39750 33088 3150 1000;
5 16 L 3 2;
94 <<L02rx1>> -52250 39750 33088 3375 1000;
5 16 L 4 2;
94 <<L1>> -42250 39750 33088 1050 1000;
5 16 L 5 2;
94 <<L2>> -6250 39750 33088 1275 1000;
5 16 I 1 2;
94 <<pwl(0 0 5p IB1)>> -750 37750 33024 7650 1000;
5 16 I 2 2;
94 <<pwl(0 0 5p IB01tx1)>> 25250 37750 33024 9675 1000;
5 16 L 6 2;
94 <<0.34p>> -66250 29750 33024 2700 1000;
5 16 L 7 2;
94 <<LRB01rx1>> -60250 29750 33024 4350 1000;
5 16 L 8 2;
94 <<0.2p>> -40250 29750 33024 2100 1000;
5 16 L 9 2;
94 <<LRB1>> -34250 29750 33024 2250 1000;
5 16 L 10 2;
94 <<0.2p>> -1250 27750 33024 2100 1000;
5 16 L 11 2;
94 <<0.2p>> 24750 27750 33024 2100 1000;
5 16 I 3 2;
94 <<pwl(0 0 5p IB01rx1)>> -49750 26750 33024 9750 1000;
5 16 L 12 2;
94 <<L6>> 6750 17750 33088 1275 1000;
5 16 L 13 2;
94 <<L7>> 22750 17750 33088 1275 1000;
5 16 R 5 2;
94 <<RB01tx1>> 30250 17750 33024 3675 1000;
5 16 L 14 2;
94 <<L02tx1>> 38750 17750 33088 3300 1000;
5 16 L 15 2;
94 <<0.2p>> -50250 16750 33024 2100 1000;
5 16 R 3 2;
94 <<1.36>> 48750 16500 33088 1875 1000;
5 16 L 16 2;
94 <<LRB2>> -16250 12750 33088 2475 1000;
5 16 R 6 2;
94 <<RB2>> -26250 11500 33088 1875 1000;
5 16 L 21 2;
94 <<0.2p>> 8750 7750 33024 2100 1000;
5 16 L 22 2;
94 <<LRB5>> 14750 7750 33024 2475 1000;
5 16 L 23 2;
94 <<0.05p>> 24750 7750 33024 2700 1000;
5 16 L 24 2;
94 <<LRB01tx1>> 30750 7750 33024 4275 1000;
5 16 L 17 2;
94 <<L01rx1>> -68250 6750 33088 3150 1000;
5 16 R 7 2;
94 <<9.7>> -60750 6750 33024 1500 1000;
5 16 L 18 2;
94 <<L02rx1>> -52250 6750 33088 3375 1000;
5 16 L 19 2;
94 <<L1>> -42250 6750 33088 1050 1000;
5 16 R 8 2;
94 <<RB1>> -34750 6750 33024 1650 1000;
5 16 L 20 2;
94 <<L2>> -6250 6750 33088 1275 1000;
5 16 L 25 2;
94 <<0.34p>> -66250 -3250 33024 2700 1000;
5 16 L 26 2;
94 <<LRB01rx1>> -60250 -3250 33024 4350 1000;
5 16 L 27 2;
94 <<0.2p>> -40250 -3250 33024 2100 1000;
5 16 L 28 2;
94 <<LRB1>> -34250 -3250 33024 2250 1000;
L PARM;
5 16 B 0 3;
94 <<area=B2>> -35750 37250 33024 4200 1000;
5 16 B 1 3;
94 <<area=B01rx1>> -66250 30250 32768 6075 1000;
5 16 B 2 3;
94 <<area=B1>> -40250 30250 32768 3975 1000;
5 16 B 3 3;
94 <<area=B5>> 8750 8250 32768 4200 1000;
5 16 B 4 3;
94 <<area=B01tx1>> 24750 8250 32768 6000 1000;
5 16 B 5 3;
94 <<area=B2>> -35750 4250 33024 4200 1000;
5 16 B 6 3;
94 <<area=B01rx1>> -66250 -2750 32768 6075 1000;
5 16 B 7 3;
94 <<area=B1>> -40250 -2750 32768 3975 1000;
L SPTX;
94 <<.include MITLL_MERGET_models.inc>> -78000 97000 0 17025 1000;
94 <<.param Scaling=1.0>> -78000 96000 0 9225 1000;
94 <<.param B0=1>> -78000 95000 0 6000 1000;
94 <<.param Ic0=0.0001>> -78000 94000 0 8925 1000;
94 <<.param IcRs=100u*6.859904418>> -78000 93000 0 15300 1000;
94 <<.param B0Rs=IcRs/Ic0*B0>> -78000 92000 0 12825 1000;
94 <<.param B01rx1=0.406096932932737*Scaling>> -78000 91000 0 21525 1000;
94 <<.param B01tx1=1.6170270947092646*Scaling>> -78000 90000 0 21600 1000;
94 <<.param B1=1.3297290261410297*Scaling>> -78000 89000 0 19350 1000;
94 <<.param B2=0.9441504843661195*Scaling>> -78000 88000 0 19575 1000;
94 <<.param B5=0.4699573551784042*Scaling>> -78000 87000 0 20025 1000;
94 <<.param IB01rx1=5.78131351728159e-05*Scaling>> -78000 86000 0 22725 1000;
94 <<.param IB01tx1=9.865761633800178e-05*Scaling>> -78000 85000 0 23700 1000;
94 <<.param IB1=0.00021301934603711183*Scaling>> -78000 84000 0 21600 1000;
94 <<.param L01rx1=1.022895099801e-13*(1/Scaling-(1-Scaling))>> -78000 83000 0 28800 1000;
94 <<.param L02rx1=3.652077177182586e-13*(1/Scaling-(1-Scaling))>> -78000 82000 0 30825 1000;
94 <<.param L02tx1=7.968312323853429e-13*(1/Scaling-(1-Scaling))>> -78000 81000 0 30975 1000;
94 <<.param L1=1.9844995155650543e-12*(1/Scaling-(1-Scaling))>> -78000 80000 0 29100 1000;
94 <<.param L2=4.2509601789948834e-13*(1/Scaling-(1-Scaling))>> -78000 79000 0 29550 1000;
94 <<.param L6=3.2497900816335613e-12*(1/Scaling-(1-Scaling))>> -78000 78000 0 29325 1000;
94 <<.param L7=3.113676024551185e-12*(1/Scaling-(1-Scaling))>> -78000 77000 0 28275 1000;
94 <<.param LRB01rx1=5e-13/Scaling>> -78000 76000 0 15675 1000;
94 <<.param LRB01rx2=5e-13/Scaling>> -78000 75000 0 15900 1000;
94 <<.param LRB01tx1=1e-12/Scaling>> -78000 74000 0 15375 1000;
94 <<.param LRB1=1e-12/Scaling>> -78000 73000 0 13350 1000;
94 <<.param LRB2=1e-12/Scaling>> -78000 72000 0 13575 1000;
94 <<.param LRB3=1e-12/Scaling>> -78000 71000 0 13575 1000;
94 <<.param LRB4=1e-12/Scaling>> -78000 70000 0 13575 1000;
94 <<.param LRB5=1e-12/Scaling>> -78000 69000 0 13575 1000;
94 <<.param RB01rx1=B0Rs/B01rx1>> -78000 68000 0 14175 1000;
94 <<.param RB01rx2=B0Rs/B01rx1>> -78000 67000 0 14400 1000;
94 <<.param RB01tx1=B0Rs/B01tx1>> -78000 66000 0 14025 1000;
94 <<.param RB1=B0Rs/B1>> -78000 65000 0 9975 1000;
94 <<.param RB2=B0Rs/B2>> -78000 64000 0 10425 1000;
94 <<.param RB3=B0Rs/B1>> -78000 63000 0 10200 1000;
94 <<.param RB4=B0Rs/B2>> -78000 62000 0 10425 1000;
94 <<.param RB5=B0Rs/B5>> -78000 61000 0 10425 1000;
DF;
E
* Generated by Xic from cell MITLL_MERGET
.tran 0.5p 600p 0 0.25p UIC
.include MITLL_MERGET_models.inc
.param Scaling=1.0
.param B0=1
.param Ic0=0.0001
.param IcRs=100u*6.859904418
.param B0Rs=IcRs/Ic0*B0
.param B01rx1=0.406096932932737*Scaling
.param B01tx1=1.6170270947092646*Scaling
.param B1=1.3297290261410297*Scaling
.param B2=0.9441504843661195*Scaling
.param B5=0.4699573551784042*Scaling
.param IB01rx1=5.78131351728159e-05*Scaling
.param IB01tx1=9.865761633800178e-05*Scaling
.param IB1=0.00021301934603711183*Scaling
.param L01rx1=1.022895099801e-13*(1/Scaling-(1-Scaling))
.param L02rx1=3.652077177182586e-13*(1/Scaling-(1-Scaling))
.param L02tx1=7.968312323853429e-13*(1/Scaling-(1-Scaling))
.param L1=1.9844995155650543e-12*(1/Scaling-(1-Scaling))
.param L2=4.2509601789948834e-13*(1/Scaling-(1-Scaling))
.param L6=3.2497900816335613e-12*(1/Scaling-(1-Scaling))
.param L7=3.113676024551185e-12*(1/Scaling-(1-Scaling))
.param LRB01rx1=5e-13/Scaling
.param LRB01rx2=5e-13/Scaling
.param LRB01tx1=1e-12/Scaling
.param LRB1=1e-12/Scaling
.param LRB2=1e-12/Scaling
.param LRB3=1e-12/Scaling
.param LRB4=1e-12/Scaling
.param LRB5=1e-12/Scaling
.param RB01rx1=B0Rs/B01rx1
.param RB01rx2=B0Rs/B01rx1
.param RB01tx1=B0Rs/B01tx1
.param RB1=B0Rs/B1
.param RB2=B0Rs/B2
.param RB3=B0Rs/B1
.param RB4=B0Rs/B2
.param RB5=B0Rs/B5
B01rx1 6 16 35 jmitll area=B01rx1
B01rx2 12 30 40 jmitll area=B01rx1
B01tx1 9 26 38 jmitll area=B01tx1
B1 4 18 36 jmitll area=B1
B2 4 5 34 jmitll area=B2
B3 10 32 41 jmitll area=B1
B4 10 11 39 jmitll area=B2
B5 8 24 37 jmitll area=B5
IB01rx1 0 13 pwl(0 0 5p IB01rx1)
IB01rx2 0 22 pwl(0 0 5p IB01rx1)
IB01tx1 0 21 pwl(0 0 5p IB01tx1)
IB1 0 20 pwl(0 0 5p IB1)
L01rx1 IN_1 6 L01rx1
L01rx2 IN_2 12 L01rx1
L02rx1 6 14 L02rx1
L02rx2 12 28 L02rx1
L02tx1 9 23 L02tx1
L1 14 4 L1
L2 5 7 L2
L3 28 10 L1
L4 11 7 L2
L6 7 8 L6
L7 8 9 L7
L11 21 9 0.2p
L15 22 28 0.2p
L23 26 0 0.05p
L27 32 0 0.2p
LP01rx1 16 0 0.34p
LP01rx2 30 0 0.34p
LP1 18 0 0.2p
LP5 24 0 0.2p
LPR01rx1 13 14 0.2p
LPR1 20 7 0.2p
LRB01rx1 17 0 LRB01rx1
LRB01rx2 31 0 LRB01rx1
LRB01tx1 27 0 LRB01tx1
LRB1 19 0 LRB1
LRB2 15 5 LRB2
LRB3 33 0 LRB1
LRB4 29 11 LRB2
LRB5 25 0 LRB5
R3 23 OUT 1.36
R7 12 31 9.7
RB01rx1 6 17 RB01rx1
RB01tx1 9 27 RB01tx1
RB1 4 19 RB1
RB2 4 15 RB2
RB3 10 33 RB1
RB4 10 29 RB2
RB5 8 25 RB5
.save @IB01rx1[c]
.save @IB1[c]
.save @IB01tx1[c]
.save @IB01rx2[c]
