(Symbol LSmitll_DFFT_v1p5p1);
($Id:$);
(PHYSICAL);
(RESOLUTION 1000);
9 LSmitll_DFFT_v1p5p1;
DS 0 1 1;
DF;
E
(ELECTRICAL);
(RESOLUTION 1000);
5 7102  (||2:2000 -20000||);
5 7101 tran 0.5p 600p 0 0.25p UIC;
5 10 1 0 -108000:-124000 -9000:-9000 0x0 A;
5 10 2 1 -85000:-124000 50000:50000 0x0 CLK;
5 10 3 2 72000 -9000 0x0 Q;
5 11 X 0 subckt;
9 LSmitll_DFFT_v1p5p1;
DS 0 1 1;
(SymbolCall gnd);
5 10 0 0 -41000 70000;
1 Bound -41000 69000 -38400 71000;
( Rotate 90 );
9 gnd;
C 0 R 0 1 T -40000 69000;
(SymbolCall gnd);
5 10 0 0 -59000 30000;
1 Bound -60000 27400 -58000 30000;
9 gnd;
C 0 T -60000 29000;
(SymbolCall gnd);
5 10 0 0 -51000 30000;
1 Bound -52000 27400 -50000 30000;
9 gnd;
C 0 T -52000 29000;
(SymbolCall gnd);
5 10 0 0 -31000 30000;
1 Bound -32000 27400 -30000 30000;
9 gnd;
C 0 T -32000 29000;
(SymbolCall gnd);
5 10 0 0 -23000 30000;
1 Bound -24000 27400 -22000 30000;
9 gnd;
C 0 T -24000 29000;
(SymbolCall gnd);
5 10 0 0 -9000 16000;
1 Bound -9000 15000 -6400 17000;
( Rotate 90 );
9 gnd;
C 0 R 0 1 T -8000 15000;
(SymbolCall gnd);
5 10 0 0 -73000 11000;
1 Bound -73000 10000 -70400 12000;
( Rotate 90 );
9 gnd;
C 0 R 0 1 T -72000 10000;
(SymbolCall gnd);
5 10 0 0 35000 11000;
1 Bound 35000 10000 37600 12000;
( Rotate 90 );
9 gnd;
C 0 R 0 1 T 36000 10000;
(SymbolCall gnd);
5 10 0 0 -91000 -29000;
1 Bound -92000 -31600 -90000 -29000;
9 gnd;
C 0 T -92000 -30000;
(SymbolCall gnd);
5 10 0 0 -83000 -29000;
1 Bound -84000 -31600 -82000 -29000;
9 gnd;
C 0 T -84000 -30000;
(SymbolCall gnd);
5 10 0 0 -63000 -29000;
1 Bound -64000 -31600 -62000 -29000;
9 gnd;
C 0 T -64000 -30000;
(SymbolCall gnd);
5 10 0 0 -55000 -29000;
1 Bound -56000 -31600 -54000 -29000;
9 gnd;
C 0 T -56000 -30000;
(SymbolCall gnd);
5 10 0 0 -15000 -29000;
1 Bound -16000 -31600 -14000 -29000;
9 gnd;
C 0 T -16000 -30000;
(SymbolCall gnd);
5 10 0 0 -9000 -29000;
1 Bound -10000 -31600 -8000 -29000;
9 gnd;
C 0 T -10000 -30000;
(SymbolCall gnd);
5 10 0 0 1000 -29000;
1 Bound 0 -31600 2000 -29000;
9 gnd;
C 0 T 0 -30000;
(SymbolCall gnd);
5 10 0 0 8000 -29000;
1 Bound 7000 -31600 9000 -29000;
9 gnd;
C 0 T 7000 -30000;
(SymbolCall gnd);
5 10 0 0 18000 -29000;
1 Bound 17000 -31600 19000 -29000;
9 gnd;
C 0 T 17000 -30000;
(SymbolCall gnd);
5 10 0 0 25000 -29000;
1 Bound 24000 -31600 26000 -29000;
9 gnd;
C 0 T 24000 -30000;
(SymbolCall gnd);
5 10 0 0 45000 -29000;
1 Bound 44000 -31600 46000 -29000;
9 gnd;
C 0 T 44000 -30000;
(SymbolCall gnd);
5 10 0 0 52000 -29000;
1 Bound 51000 -31600 53000 -29000;
9 gnd;
C 0 T 51000 -30000;
(SymbolCall ind);
5 10 15 1 -41000 50000 LB3-;
5 10 14 0 -41000 60000 LB3+;
5 2 0.2p;
5 11 L.LB3 0;
5 15 -40000 59000 0 -1;
1 Bound -41000 50000 -39500 60000;
9 ind;
C 0 T -42000 50000;
(SymbolCall ind);
5 10 4 1 -59000 50000 L6-;
5 10 2 0 -69000 50000 L6+;
5 2 2p;
5 11 L.L6 1;
5 15 -68000 51000 1 0;
1 Bound -69000 50000 -59000 51500;
( Rotate 90 );
9 ind;
C 0 R 0 1 T -59000 49000;
(SymbolCall ind);
5 10 15 1 -41000 50000 L7-;
5 10 4 0 -51000 50000 L7+;
5 11 L.L7 2;
5 2 3.23p;
5 15 -50000 51000 1 0;
1 Bound -51000 50000 -41000 51500;
( Rotate 90 );
9 ind;
C 0 R 0 1 T -41000 49000;
(SymbolCall ind);
5 10 5 1 -31000 50000 L8-;
5 10 15 0 -41000 50000 L8+;
5 11 L.L8 3;
5 2 3.23p;
5 15 -40000 51000 1 0;
1 Bound -41000 50000 -31000 51500;
( Rotate 90 );
9 ind;
C 0 R 0 1 T -31000 49000;
(SymbolCall ind);
5 2 4.4p;
5 11 L.L9 4;
5 10 6 1 -13000 50000 L9-;
5 10 5 0 -23000 50000 L9+;
5 15 -22000 51000 1 0;
1 Bound -23000 50000 -13000 51500;
( Rotate 90 );
9 ind;
C 0 R 0 1 T -13000 49000;
(SymbolCall ind);
5 10 0 1 -59000 30000 LP6-;
5 10 16 0 -59000 40000 LP6+;
5 2 0.2p;
5 11 L.LP6 5;
5 15 -58000 39000 0 -1;
1 Bound -59000 30000 -57500 40000;
9 ind;
C 0 T -60000 30000;
(SymbolCall ind);
5 10 0 1 -51000 30000 LRB6-;
5 10 17 0 -51000 40000 LRB6+;
5 11 L.LRB6 6;
5 2 1p;
5 15 -50000 39000 0 -1;
1 Bound -51000 30000 -49500 40000;
9 ind;
C 0 T -52000 30000;
(SymbolCall ind);
5 10 0 1 -31000 30000 LP7-;
5 10 18 0 -31000 40000 LP7+;
5 2 0.2p;
5 11 L.LP7 7;
5 15 -30000 39000 0 -1;
1 Bound -31000 30000 -29500 40000;
9 ind;
C 0 T -32000 30000;
(SymbolCall ind);
5 10 0 1 -23000 30000 LRB7-;
5 10 19 0 -23000 40000 LRB7+;
5 11 L.LRB7 8;
5 2 1p;
5 15 -22000 39000 0 -1;
1 Bound -23000 30000 -21500 40000;
9 ind;
C 0 T -24000 30000;
(SymbolCall ind);
5 2 1p;
5 11 L.LRB8 9;
5 10 7 1 9000 6000 LRB8-;
5 10 20 0 9000 16000 LRB8+;
5 15 10000 15000 0 -1;
1 Bound 9000 6000 10500 16000;
9 ind;
C 0 T 8000 6000;
(SymbolCall ind);
5 10 9 1 -9000 -4000 LB2-;
5 10 21 0 -9000 6000 LB2+;
5 15 -8000 5000 0 -1;
5 2 0.2p;
5 11 L.LB2 10;
1 Bound -9000 -4000 -7500 6000;
9 ind;
C 0 T -10000 -4000;
(SymbolCall ind);
5 10 24 1 -73000 -9000 LB1-;
5 10 22 0 -73000 1000 LB1+;
5 2 0.2p;
5 11 L.LB1 11;
5 15 -72000 0 0 -1;
1 Bound -73000 -9000 -71500 1000;
9 ind;
C 0 T -74000 -9000;
(SymbolCall ind);
5 2 0.2p;
5 10 23 0 35000 1000 LB4+;
5 10 25 1 35000 -9000 LB4-;
5 11 L.LB4 12;
5 15 36000 0 0 -1;
1 Bound 35000 -9000 36500 1000;
9 ind;
C 0 T 34000 -9000;
(SymbolCall ind);
5 2 1p;
5 11 L.LRB3 13;
5 10 9 1 -15000 -2000 LRB3-;
5 10 26 0 -25000 -2000 LRB3+;
5 15 -24000 -1000 1 0;
1 Bound -25000 -2000 -15000 -500;
( Rotate 90 );
9 ind;
C 0 R 0 1 T -15000 -3000;
(SymbolCall ind);
5 10 10 1 -91000 -9000 L1-;
5 10 1 0 -101000 -9000 L1+;
5 2 2p;
5 11 L.L1 14;
5 15 -100000 -8000 1 0;
1 Bound -101000 -9000 -91000 -7500;
( Rotate 90 );
9 ind;
C 0 R 0 1 T -91000 -10000;
(SymbolCall ind);
5 10 24 1 -73000 -9000 LSET2-;
5 10 10 0 -83000 -9000 LSET2+;
5 11 L.LSET2 15;
5 2 3.23p;
5 15 -82000 -8000 1 0;
1 Bound -83000 -9000 -73000 -7500;
( Rotate 90 );
9 ind;
C 0 R 0 1 T -73000 -10000;
(SymbolCall ind);
5 10 11 1 -63000 -9000 LSET3-;
5 10 24 0 -73000 -9000 LSET3+;
5 11 L.LSET3 16;
5 2 3.23p;
5 15 -72000 -8000 1 0;
1 Bound -73000 -9000 -63000 -7500;
( Rotate 90 );
9 ind;
C 0 R 0 1 T -63000 -10000;
(SymbolCall ind);
5 11 L.L2 17;
5 10 8 1 -35000 -9000 L2-;
5 10 11 0 -45000 -9000 L2+;
5 15 -44000 -8000 1 0;
5 2 4p;
1 Bound -45000 -9000 -35000 -7500;
( Rotate 90 );
9 ind;
C 0 R 0 1 T -35000 -10000;
(SymbolCall ind);
5 10 7 1 1000 -9000 L3-;
5 10 9 0 -9000 -9000 L3+;
5 15 -8000 -8000 1 0;
5 2 14.36p;
5 11 L.L3 18;
1 Bound -9000 -9000 1000 -7500;
( Rotate 90 );
9 ind;
C 0 R 0 1 T 1000 -10000;
(SymbolCall ind);
5 2 4.4p;
5 11 L.L10 19;
5 10 12 1 18000 -9000 L10-;
5 10 7 0 8000 -9000 L10+;
5 15 9000 -8000 1 0;
1 Bound 8000 -9000 18000 -7500;
( Rotate 90 );
9 ind;
C 0 R 0 1 T 18000 -10000;
(SymbolCall ind);
5 11 L.L11 20;
5 2 2p;
5 10 25 1 35000 -9000 L11-;
5 10 12 0 25000 -9000 L11+;
5 15 26000 -8000 1 0;
1 Bound 25000 -9000 35000 -7500;
( Rotate 90 );
9 ind;
C 0 R 0 1 T 35000 -10000;
(SymbolCall ind);
5 10 25 0 35000 -9000 L12+;
5 10 13 1 45000 -9000 L12-;
5 2 2p;
5 11 L.L12 21;
5 15 36000 -8000 1 0;
1 Bound 35000 -9000 45000 -7500;
( Rotate 90 );
9 ind;
C 0 R 0 1 T 45000 -10000;
(SymbolCall ind);
5 2 2p;
5 10 13 0 52000 -9000 L13+;
5 10 27 1 62000 -9000 L13-;
5 11 L.L13 22;
5 15 53000 -8000 1 0;
1 Bound 52000 -9000 62000 -7500;
( Rotate 90 );
9 ind;
C 0 R 0 1 T 62000 -10000;
(SymbolCall ind);
5 2 1p;
5 11 L.LRB4 23;
5 10 32 1 -15000 -19000 LRB4-;
5 10 9 0 -15000 -9000 LRB4+;
5 15 -14000 -10000 0 -1;
1 Bound -15000 -19000 -13500 -9000;
9 ind;
C 0 T -16000 -19000;
(SymbolCall ind);
5 11 L.LRB5 24;
5 2 1p;
5 10 35 1 8000 -19000 LRB5-;
5 10 7 0 8000 -9000 LRB5+;
5 15 9000 -10000 0 -1;
1 Bound 8000 -19000 9500 -9000;
9 ind;
C 0 T 7000 -19000;
(SymbolCall ind);
5 2 1p;
5 11 L.LRB9 25;
5 10 37 1 25000 -19000 LRB9-;
5 10 12 0 25000 -9000 LRB9+;
5 15 26000 -10000 0 -1;
1 Bound 25000 -19000 26500 -9000;
9 ind;
C 0 T 24000 -19000;
(SymbolCall ind);
5 2 1p;
5 11 L.LRB10 26;
5 10 13 0 52000 -9000 LRB10+;
5 10 39 1 52000 -19000 LRB10-;
5 15 53000 -10000 0 -1;
1 Bound 52000 -19000 53500 -9000;
9 ind;
C 0 T 51000 -19000;
(SymbolCall ind);
5 10 0 1 -91000 -29000 LP1-;
5 10 28 0 -91000 -19000 LP1+;
5 2 0.2p;
5 11 L.LP1 27;
5 15 -90000 -20000 0 -1;
1 Bound -91000 -29000 -89500 -19000;
9 ind;
C 0 T -92000 -29000;
(SymbolCall ind);
5 10 0 1 -83000 -29000 LRB1-;
5 10 29 0 -83000 -19000 LRB1+;
5 11 L.LRB1 28;
5 2 1p;
5 15 -82000 -20000 0 -1;
1 Bound -83000 -29000 -81500 -19000;
9 ind;
C 0 T -84000 -29000;
(SymbolCall ind);
5 10 0 1 -63000 -29000 LP2-;
5 10 30 0 -63000 -19000 LP2+;
5 2 0.2p;
5 11 L.LP2 29;
5 15 -62000 -20000 0 -1;
1 Bound -63000 -29000 -61500 -19000;
9 ind;
C 0 T -64000 -29000;
(SymbolCall ind);
5 10 0 1 -55000 -29000 LRB2-;
5 10 31 0 -55000 -19000 LRB2+;
5 2 1p;
5 11 L.LRB2 30;
5 15 -54000 -20000 0 -1;
1 Bound -55000 -29000 -53500 -19000;
9 ind;
C 0 T -56000 -29000;
(SymbolCall ind);
5 11 L.LP4 31;
5 10 0 1 -9000 -29000 LP4-;
5 10 33 0 -9000 -19000 LP4+;
5 15 -8000 -20000 0 -1;
5 2 0.2p;
1 Bound -9000 -29000 -7500 -19000;
9 ind;
C 0 T -10000 -29000;
(SymbolCall ind);
5 11 L.LP5 32;
5 10 0 1 1000 -29000 LP5-;
5 10 34 0 1000 -19000 LP5+;
5 15 2000 -20000 0 -1;
5 2 0.2p;
1 Bound 1000 -29000 2500 -19000;
9 ind;
C 0 T 0 -29000;
(SymbolCall ind);
5 11 L.LP9 33;
5 10 0 1 18000 -29000 LP9-;
5 10 36 0 18000 -19000 LP9+;
5 15 19000 -20000 0 -1;
5 2 0.2p;
1 Bound 18000 -29000 19500 -19000;
9 ind;
C 0 T 17000 -29000;
(SymbolCall ind);
5 11 L.LP10 34;
5 2 0.2p;
5 10 38 0 45000 -19000 LP10+;
5 10 0 1 45000 -29000 LP10-;
5 15 46000 -20000 0 -1;
1 Bound 45000 -29000 46500 -19000;
9 ind;
C 0 T 44000 -29000;
(SymbolCall isrc);
5 10 14 1 -41000 60000 IB3_1;
5 10 0 0 -41000 70000 IB3_0;
5 5 nophys;
5 11 I.IB3 0;
5 2 pwl(0 0 5p 290u);
5 15 -41000 64000 0 -1 @<name>[c];
1 Bound -43000 60000 -39000 70000;
9 isrc;
C 0 T -43000 60000;
(SymbolCall isrc);
5 2 pwl(0 0 5p 235u);
5 10 21 1 -9000 6000 IB2_1;
5 10 0 0 -9000 16000 IB2_0;
5 15 -9000 10000 0 -1 @<name>[c];
5 11 I.IB2 1;
5 5 nophys;
1 Bound -11000 6000 -7000 16000;
9 isrc;
C 0 T -11000 6000;
(SymbolCall isrc);
5 10 22 1 -73000 1000 IB1_1;
5 10 0 0 -73000 11000 IB1_0;
5 5 nophys;
5 11 I.IB1 2;
5 2 pwl(0 0 5p 290u);
5 15 -73000 5000 0 -1 @<name>[c];
1 Bound -75000 1000 -71000 11000;
9 isrc;
C 0 T -75000 1000;
(SymbolCall isrc);
5 5 nophys;
5 10 0 0 35000 11000 IB4_0;
5 10 23 1 35000 1000 IB4_1;
5 11 I.IB4 3;
5 2 pwl(0 0 5p 356.5u);
5 15 35000 5000 0 -1 @<name>[c];
1 Bound 33000 1000 37000 11000;
9 isrc;
C 0 T 33000 1000;
(SymbolCall jj);
5 10 40 2 -60000 48000 B6_2;
5 10 16 1 -59000 40000 B6-;
5 10 4 0 -59000 50000 B6+;
5 11 B.B6 0;
5 1 jjmit;
5 3 area=1.6;
1 Bound -60500 40000 -57500 50000;
9 jj;
C 0 T -60000 40000;
(SymbolCall jj);
5 10 41 2 -32000 48000 B7_2;
5 10 18 1 -31000 40000 B7-;
5 10 5 0 -31000 50000 B7+;
5 11 B.B7 1;
5 1 jjmit;
5 3 area=2.35;
1 Bound -32500 40000 -29500 50000;
9 jj;
C 0 T -32000 40000;
(SymbolCall jj);
5 3 area=1.679;
5 1 jjmit;
5 11 B.B8 2;
5 10 42 2 0 14000 B8_2;
5 10 7 1 1000 6000 B8-;
5 10 6 0 1000 16000 B8+;
1 Bound -500 6000 2500 16000;
9 jj;
C 0 T 0 6000;
(SymbolCall jj);
5 3 area=1.679;
5 1 jjmit;
5 11 B.B3 3;
5 10 43 2 -33000 -10000 B3_2;
5 10 9 1 -25000 -9000 B3-;
5 10 8 0 -35000 -9000 B3+;
1 Bound -35000 -10500 -25000 -7500;
( Rotate 90 );
9 jj;
C 0 R 0 1 T -25000 -10000;
(SymbolCall jj);
5 10 44 2 -92000 -11000 B1_2;
5 10 28 1 -91000 -19000 B1-;
5 10 10 0 -91000 -9000 B1+;
5 11 B.B1 4;
5 1 jjmit;
5 3 area=1.6;
1 Bound -92500 -19000 -89500 -9000;
9 jj;
C 0 T -92000 -19000;
(SymbolCall jj);
5 10 45 2 -64000 -11000 B2_2;
5 10 30 1 -63000 -19000 B2-;
5 10 11 0 -63000 -9000 B2+;
5 11 B.B2 5;
5 1 jjmit;
5 3 area=2.35;
1 Bound -64500 -19000 -61500 -9000;
9 jj;
C 0 T -64000 -19000;
(SymbolCall jj);
5 3 area=2.35;
5 1 jjmit;
5 11 B.B4 6;
5 10 46 2 -10000 -11000 B4_2;
5 10 33 1 -9000 -19000 B4-;
5 10 9 0 -9000 -9000 B4+;
1 Bound -10500 -19000 -7500 -9000;
9 jj;
C 0 T -10000 -19000;
(SymbolCall jj);
5 3 area=2.35;
5 11 B.B5 7;
5 1 jjmit;
5 10 47 2 0 -11000 B5_2;
5 10 34 1 1000 -19000 B5-;
5 10 7 0 1000 -9000 B5+;
1 Bound -500 -19000 2500 -9000;
9 jj;
C 0 T 0 -19000;
(SymbolCall jj);
5 3 area=2.35;
5 1 jjmit;
5 11 B.B9 8;
5 10 48 2 17000 -11000 B9_2;
5 10 36 1 18000 -19000 B9-;
5 10 12 0 18000 -9000 B9+;
1 Bound 16500 -19000 19500 -9000;
9 jj;
C 0 T 17000 -19000;
(SymbolCall jj);
5 3 area=2.5;
5 1 jjmit;
5 11 B.B10 9;
5 10 13 0 45000 -9000 B10+;
5 10 38 1 45000 -19000 B10-;
5 10 49 2 44000 -11000 B10_2;
1 Bound 43500 -19000 46500 -9000;
9 jj;
C 0 T 44000 -19000;
(SymbolCall res);
5 10 17 1 -51000 40000 RB6-;
5 10 4 0 -51000 50000 RB6+;
5 11 R.RB6 0;
5 2 6.063;
5 15 -52000 49000 0 -1 "<v>/<value>O";
1 Bound -52250 40000 -50000 50000;
9 res;
C 0 T -51000 50000;
(SymbolCall res);
5 10 19 1 -23000 40000 RB7-;
5 10 5 0 -23000 50000 RB7+;
5 11 R.RB7 1;
5 2 2.919;
5 15 -24000 49000 0 -1 "<v>/<value>O";
1 Bound -24250 40000 -22000 50000;
9 res;
C 0 T -23000 50000;
(SymbolCall res);
5 2 4.0857;
5 11 R.RB8 2;
5 10 20 1 9000 16000 RB8-;
5 10 6 0 9000 26000 RB8+;
5 15 8000 25000 0 -1 "<v>/<value>O";
1 Bound 7750 16000 10000 26000;
9 res;
C 0 T 9000 26000;
(SymbolCall res);
5 2 4.0857;
5 11 R.RB3 3;
5 10 26 1 -25000 -2000 RB3-;
5 10 8 0 -35000 -2000 RB3+;
5 15 -34000 -3000 1 0 "<v>/<value>O";
1 Bound -35000 -3250 -25000 -1000;
( Rotate 90 );
9 res;
C 0 R 0 1 T -35000 -2000;
(SymbolCall res);
5 2 1.36;
5 11 R.RD 4;
5 15 63000 -10000 1 0 "<v>/<value>O";
5 10 3 1 72000 -9000 RD-;
5 10 27 0 62000 -9000 RD+;
1 Bound 62000 -10250 72000 -8000;
( Rotate 90 );
9 res;
C 0 R 0 1 T 62000 -9000;
(SymbolCall res);
5 10 29 1 -83000 -19000 RB1-;
5 10 10 0 -83000 -9000 RB1+;
5 11 R.RB1 5;
5 1 6.063356;
5 15 -84000 -10000 0 -1 "<v>/<value>O";
1 Bound -84250 -19000 -82000 -9000;
9 res;
C 0 T -83000 -9000;
(SymbolCall res);
5 10 31 1 -55000 -19000 RB2-;
5 10 11 0 -55000 -9000 RB2+;
5 2 2.919;
5 11 R.RB2 6;
5 15 -56000 -10000 0 -1 "<v>/<value>O";
1 Bound -56250 -19000 -54000 -9000;
9 res;
C 0 T -55000 -9000;
(SymbolCall res);
5 2 2.919;
5 11 R.RB4 7;
5 10 0 1 -15000 -29000 RB4-;
5 10 32 0 -15000 -19000 RB4+;
5 15 -16000 -20000 0 -1 "<v>/<value>O";
1 Bound -16250 -29000 -14000 -19000;
9 res;
C 0 T -15000 -19000;
(SymbolCall res);
5 2 2.919;
5 11 R.RB5 8;
5 10 0 1 8000 -29000 RB5-;
5 10 35 0 8000 -19000 RB5+;
5 15 7000 -20000 0 -1 "<v>/<value>O";
1 Bound 6750 -29000 9000 -19000;
9 res;
C 0 T 8000 -19000;
(SymbolCall res);
5 2 2.919;
5 11 R.RB9 9;
5 10 0 1 25000 -29000 RB9-;
5 10 37 0 25000 -19000 RB9+;
5 15 24000 -20000 0 -1 "<v>/<value>O";
1 Bound 23750 -29000 26000 -19000;
9 res;
C 0 T 25000 -19000;
(SymbolCall res);
5 2 2.744;
5 11 R.RB10 10;
5 10 39 0 52000 -19000 RB10+;
5 10 0 1 52000 -29000 RB10-;
5 15 51000 -20000 0 -1 "<v>/<value>O";
1 Bound 50750 -29000 53000 -19000;
9 res;
C 0 T 52000 -19000;
L SCED;
5 10 2;
W2 0 -69000 50000 -85000 50000;
5 10 4;
W2 0 -59000 50000 -51000 50000;
5 10 5;
W2 0 -31000 50000 -23000 50000;
5 10 6;
W2 0 -13000 50000 1000 50000 1000 26000 1000 16000;
5 10 6;
W2 0 9000 26000 1000 26000;
5 10 7;
W2 0 9000 6000 1000 6000 1000 -9000 8000 -9000;
5 10 8;
W2 0 -35000 -2000 -35000 -9000;
5 10 9;
W2 0 -25000 -9000 -15000 -9000 -15000 -2000;
5 10 9;
W2 0 -9000 -4000 -9000 -9000 -15000 -9000;
5 10 1;
W2 0 -101000 -9000 -108000 -9000;
5 10 10;
W2 0 -91000 -9000 -83000 -9000;
5 10 11;
W2 0 -63000 -9000 -55000 -9000 -45000 -9000;
5 10 12;
W2 0 18000 -9000 25000 -9000;
5 10 13;
W2 0 45000 -9000 52000 -9000;
L NAME;
5 16 I 0 11;
94 <<IB3>> -43250 68750 320 1575 1000;
5 16 L 0 11;
94 <<LB3>> -41250 58750 320 1875 1000;
5 16 L 1 11;
94 <<L6>> -68750 51750 0 1275 1000;
5 16 L 2 11;
94 <<L7>> -50750 51750 0 1275 1000;
5 16 L 3 11;
94 <<L8>> -40750 51750 0 1275 1000;
5 16 L 4 11;
94 <<L9>> -22750 51750 0 1275 1000;
5 16 B 0 11;
94 <<B6>> -60750 48750 320 1275 1000;
5 16 R 0 11;
94 <<RB6>> -52500 48750 320 1875 1000;
5 16 B 1 11;
94 <<B7>> -32750 48750 320 1275 1000;
5 16 R 1 11;
94 <<RB7>> -24500 48750 320 1875 1000;
5 16 L 5 11;
94 <<LP6>> -59250 38750 320 1875 1000;
5 16 L 6 11;
94 <<LRB6>> -51250 38750 320 2475 1000;
5 16 L 7 11;
94 <<LP7>> -31250 38750 320 1875 1000;
5 16 L 8 11;
94 <<LRB7>> -23250 38750 320 2475 1000;
5 16 R 2 11;
94 <<RB8>> 7500 24750 320 1875 1000;
5 16 I 1 11;
94 <<IB2>> -11250 14750 320 1575 1000;
5 16 B 2 11;
94 <<B8>> -750 14750 320 1275 1000;
5 16 L 9 11;
94 <<LRB8>> 8750 14750 320 2475 1000;
5 16 I 2 11;
94 <<IB1>> -75250 9750 320 1350 1000;
5 16 I 3 11;
94 <<IB4>> 32750 9750 320 1575 1000;
5 16 L 10 11;
94 <<LB2>> -9250 4750 320 1875 1000;
5 16 L 13 11;
94 <<LRB3>> -24750 -250 0 2475 1000;
5 16 R 3 11;
94 <<RB3>> -34750 -750 0 1875 1000;
5 16 L 11 11;
94 <<LB1>> -73250 -250 320 1650 1000;
5 16 L 12 11;
94 <<LB4>> 34750 -250 320 1875 1000;
5 16 L 14 11;
94 <<L1>> -100750 -7250 0 1050 1000;
5 16 L 15 11;
94 <<LSET2>> -82750 -7250 0 3075 1000;
5 16 L 16 11;
94 <<LSET3>> -72750 -7250 0 3075 1000;
5 16 B 3 11;
94 <<B3>> -34750 -7250 0 1275 1000;
5 16 L 18 11;
94 <<L3>> -8750 -7250 0 1275 1000;
5 16 L 19 11;
94 <<L10>> 8250 -7250 0 1650 1000;
5 16 L 20 11;
94 <<L11>> 25250 -7250 0 1425 1000;
5 16 L 21 11;
94 <<L12>> 35250 -7250 0 1650 1000;
5 16 L 22 11;
94 <<L13>> 52250 -7250 0 1650 1000;
5 16 R 4 11;
94 <<RD>> 62250 -7750 0 1275 1000;
5 16 B 4 11;
94 <<B1>> -92750 -10250 320 1050 1000;
5 16 R 5 11;
94 <<RB1>> -84500 -10250 320 1650 1000;
5 16 B 5 11;
94 <<B2>> -64750 -10250 320 1275 1000;
5 16 R 6 11;
94 <<RB2>> -56500 -10250 320 1875 1000;
5 16 L 23 11;
94 <<LRB4>> -15250 -10250 320 2475 1000;
5 16 B 6 11;
94 <<B4>> -10750 -10250 320 1275 1000;
5 16 B 7 11;
94 <<B5>> -750 -10250 320 1275 1000;
5 16 L 24 11;
94 <<LRB5>> 7750 -10250 320 2475 1000;
5 16 B 8 11;
94 <<B9>> 16250 -10250 320 1275 1000;
5 16 L 25 11;
94 <<LRB9>> 24750 -10250 320 2475 1000;
5 16 B 9 11;
94 <<B10>> 43250 -10250 320 1650 1000;
5 16 L 26 11;
94 <<LRB10>> 51750 -10250 320 2850 1000;
5 16 L 27 11;
94 <<LP1>> -91250 -20250 320 1650 1000;
5 16 L 28 11;
94 <<LRB1>> -83250 -20250 320 2250 1000;
5 16 L 29 11;
94 <<LP2>> -63250 -20250 320 1875 1000;
5 16 L 30 11;
94 <<LRB2>> -55250 -20250 320 2475 1000;
5 16 R 7 11;
94 <<RB4>> -16500 -20250 320 1875 1000;
5 16 L 31 11;
94 <<LP4>> -9250 -20250 320 1875 1000;
5 16 L 32 11;
94 <<LP5>> 750 -20250 320 1875 1000;
5 16 R 8 11;
94 <<RB5>> 6500 -20250 320 1875 1000;
5 16 L 33 11;
94 <<LP9>> 17750 -20250 320 1875 1000;
5 16 R 9 11;
94 <<RB9>> 23500 -20250 320 1875 1000;
5 16 L 34 11;
94 <<LP10>> 44750 -20250 320 2250 1000;
5 16 R 10 11;
94 <<RB10>> 50500 -20250 320 2250 1000;
L MODL;
5 16 B 0 1;
94 <<jjmit>> -57250 49750 256 2550 1000;
5 16 B 1 1;
94 <<jjmit>> -29250 49750 256 2550 1000;
5 16 B 2 1;
94 <<jjmit>> 2750 15750 256 2550 1000;
5 16 B 4 1;
94 <<jjmit>> -89250 -9250 256 2550 1000;
5 16 R 5 1;
94 <<6.063356>> -81750 -9250 256 4500 1000;
5 16 B 5 1;
94 <<jjmit>> -61250 -9250 256 2550 1000;
5 16 B 6 1;
94 <<jjmit>> -7250 -9250 256 2550 1000;
5 16 B 7 1;
94 <<jjmit>> 2750 -9250 256 2550 1000;
5 16 B 8 1;
94 <<jjmit>> 19750 -9250 256 2550 1000;
5 16 B 9 1;
94 <<jjmit>> 46750 -9250 256 2550 1000;
5 16 B 3 1;
94 <<jjmit>> -25250 -10750 320 2550 1000;
L VALU;
5 16 I 0 2;
94 <<pwl(0 0 5p 290u)>> -38750 69750 33024 8775 1000;
5 16 L 0 2;
94 <<0.2p>> -39250 59750 33024 2100 1000;
5 16 L 1 2;
94 <<2p>> -59250 49750 33088 1275 1000;
5 16 R 0 2;
94 <<6.063>> -49750 49750 33024 2700 1000;
5 16 L 2 2;
94 <<3.23p>> -41250 49750 33088 2700 1000;
5 16 L 3 2;
94 <<3.23p>> -31250 49750 33088 2700 1000;
5 16 R 1 2;
94 <<2.919>> -21750 49750 33024 2475 1000;
5 16 L 4 2;
94 <<4.4p>> -13250 49750 33088 2100 1000;
5 16 L 5 2;
94 <<0.2p>> -57250 39750 33024 2100 1000;
5 16 L 6 2;
94 <<1p>> -49250 39750 33024 1050 1000;
5 16 L 7 2;
94 <<0.2p>> -29250 39750 33024 2100 1000;
5 16 L 8 2;
94 <<1p>> -21250 39750 33024 1050 1000;
5 16 R 2 2;
94 <<4.0857>> 10250 25750 33024 3300 1000;
5 16 I 1 2;
94 <<pwl(0 0 5p 235u)>> -6750 15750 33024 8775 1000;
5 16 L 9 2;
94 <<1p>> 10750 15750 33024 1050 1000;
5 16 I 2 2;
94 <<pwl(0 0 5p 290u)>> -70750 10750 33024 8775 1000;
5 16 I 3 2;
94 <<pwl(0 0 5p 356.5u)>> 37250 10750 33024 9600 1000;
5 16 L 10 2;
94 <<0.2p>> -7250 5750 33024 2100 1000;
5 16 L 11 2;
94 <<0.2p>> -71250 750 33024 2100 1000;
5 16 L 12 2;
94 <<0.2p>> 36750 750 33024 2100 1000;
5 16 L 13 2;
94 <<1p>> -15250 -2250 33088 1050 1000;
5 16 R 3 2;
94 <<4.0857>> -25250 -3500 33088 3300 1000;
5 16 L 21 2;
94 <<2p>> 49750 -8250 33088 1275 1000;
5 16 L 14 2;
94 <<2p>> -91250 -9250 33088 1275 1000;
5 16 L 15 2;
94 <<3.23p>> -73250 -9250 33088 2700 1000;
5 16 L 16 2;
94 <<3.23p>> -63250 -9250 33088 2700 1000;
5 16 R 6 2;
94 <<2.919>> -53750 -9250 33024 2475 1000;
5 16 L 17 2;
94 <<4p>> -35250 -9250 33088 1275 1000;
5 16 L 23 2;
94 <<1p>> -13250 -9250 33024 1050 1000;
5 16 L 18 2;
94 <<14.36p>> 750 -9250 33088 3075 1000;
5 16 L 24 2;
94 <<1p>> 9750 -9250 33024 1050 1000;
5 16 L 19 2;
94 <<4.4p>> 17750 -9250 33088 2100 1000;
5 16 L 25 2;
94 <<1p>> 26750 -9250 33024 1050 1000;
5 16 L 20 2;
94 <<2p>> 34750 -9250 33088 1275 1000;
5 16 L 26 2;
94 <<1p>> 53750 -9250 33024 1050 1000;
5 16 L 22 2;
94 <<2p>> 61750 -9250 33088 1275 1000;
5 16 R 4 2;
94 <<1.36>> 71750 -10500 33088 1875 1000;
5 16 L 27 2;
94 <<0.2p>> -89250 -19250 33024 2100 1000;
5 16 L 28 2;
94 <<1p>> -81250 -19250 33024 1050 1000;
5 16 L 29 2;
94 <<0.2p>> -61250 -19250 33024 2100 1000;
5 16 L 30 2;
94 <<1p>> -53250 -19250 33024 1050 1000;
5 16 R 7 2;
94 <<2.919>> -13750 -19250 33024 2475 1000;
5 16 L 31 2;
94 <<0.2p>> -7250 -19250 33024 2100 1000;
5 16 L 32 2;
94 <<0.2p>> 2750 -19250 33024 2100 1000;
5 16 R 8 2;
94 <<2.919>> 9250 -19250 33024 2475 1000;
5 16 L 33 2;
94 <<0.2p>> 19750 -19250 33024 2100 1000;
5 16 R 9 2;
94 <<2.919>> 26250 -19250 33024 2475 1000;
5 16 L 34 2;
94 <<0.2p>> 46750 -19250 33024 2100 1000;
5 16 R 10 2;
94 <<2.744>> 53250 -19250 33024 2700 1000;
L PARM;
5 16 B 0 3;
94 <<area=1.6>> -57250 40250 32768 4200 1000;
5 16 B 1 3;
94 <<area=2.35>> -29250 40250 32768 5025 1000;
5 16 B 2 3;
94 <<area=1.679>> 2750 6250 32768 5400 1000;
5 16 B 3 3;
94 <<area=1.679>> -34750 -11750 33024 5400 1000;
5 16 B 4 3;
94 <<area=1.6>> -89250 -18750 32768 4200 1000;
5 16 B 5 3;
94 <<area=2.35>> -61250 -18750 32768 5025 1000;
5 16 B 6 3;
94 <<area=2.35>> -7250 -18750 32768 5025 1000;
5 16 B 7 3;
94 <<area=2.35>> 4750 -18750 32768 5025 1000;
5 16 B 8 3;
94 <<area=2.35>> 20750 -18750 32768 5025 1000;
5 16 B 9 3;
94 <<area=2.5>> 47750 -18750 32768 4425 1000;
DF;
E
* Generated by Xic from cell LSmitll_DFFT_v1p5p1
.tran 0.5p 600p 0 0.25p UIC
.plot tran  LP5#branch
B1 10 28 44 jjmit area=1.6
B2 11 30 45 jjmit area=2.35
B3 8 9 43 jjmit area=1.679
B4 9 33 46 jjmit area=2.35
B5 7 34 47 jjmit area=2.35
B6 4 16 40 jjmit area=1.6
B7 5 18 41 jjmit area=2.35
B8 6 7 42 jjmit area=1.679
B9 12 36 48 jjmit area=2.35
B10 13 38 49 jjmit area=2.5
IB1 0 22 pwl(0 0 5p 290u)
IB2 0 21 pwl(0 0 5p 235u)
IB3 0 14 pwl(0 0 5p 290u)
IB4 0 23 pwl(0 0 5p 356.5u)
L1 A 10 2p
L2 11 8 4p
L3 9 7 14.36p
L6 CLK 4 2p
L7 4 15 3.23p
L8 15 5 3.23p
L9 5 6 4.4p
L10 7 12 4.4p
L11 12 25 2p
L12 25 13 2p
L13 13 27 2p
LB1 22 24 0.2p
LB2 21 9 0.2p
LB3 14 15 0.2p
LB4 23 25 0.2p
LP1 28 0 0.2p
LP2 30 0 0.2p
LP4 33 0 0.2p
LP5 34 0 0.2p
LP6 16 0 0.2p
LP7 18 0 0.2p
LP9 36 0 0.2p
LP10 38 0 0.2p
LRB1 29 0 1p
LRB2 31 0 1p
LRB3 26 9 1p
LRB4 9 32 1p
LRB5 7 35 1p
LRB6 17 0 1p
LRB7 19 0 1p
LRB8 20 7 1p
LRB9 12 37 1p
LRB10 13 39 1p
LSET2 10 24 3.23p
LSET3 24 11 3.23p
RB1 10 29 6.063356
RB2 11 31 2.919
RB3 8 26 4.0857
RB4 32 0 2.919
RB5 35 0 2.919
RB6 4 17 6.063
RB7 5 19 2.919
RB8 6 20 4.0857
RB9 37 0 2.919
RB10 39 0 2.744
RD 27 Q 1.36
.model jjmit jj(rtype=1, vg=2.8mV, cap=0.07pF, r0=160, rn=16, icrit=0.1mA)

*MIT-LL model
.save @IB3[c]
.save @IB2[c]
.save @IB4[c]
.save @IB1[c]
