(Symbol LSmitll_MERGET_v1p6_schematic);
($Id:$);
(PHYSICAL);
(RESOLUTION 1000);
9 LSmitll_MERGET_v1p6_schematic;
DS 0 1 1;
DF;
E
(ELECTRICAL);
(RESOLUTION 1000);
5 7101 tran 0.5p 600p 0 0.25p UIC;
5 10 1 0 -78000:-77000 40000:40000 0x0 A;
5 10 2 1 -78000:-78000 -10000:-5000 0x0 B;
5 10 3 2 60000:49000 18000:18000 0x0 Q;
5 18 0
  L ETC2:
  B 81200 63700 -12000 18750:
  W 0 -52600 36700 -51917 36767 -51261 36966 -50656 37290 -50125 37725
 -49690 38256 -49366 38861 -49167 39517 -49100 40200 -49167 40883 -49366 41539
 -49690 42144 -50125 42675 -50656 43110 -51261 43434 -51917 43633 -52600 43700:
  W 0 -75000 40200 -31500 40200 -31500 -4900 -76000 -4900:
  94 <<MERGET>> -24900 21900 0 33104 9458:
  W 0 28600 14300 27917 14367 27261 14566 26656 14890 26125 15325 25690 15856
 25366 16461 25167 17117 25100 17800 25167 18483 25366 19139 25690 19744
 26125 20275 26656 20710 27261 21034 27917 21233 28600 21300:
  W 0 47200 18000 -31500 18000:
  W 0 -52600 -8300 -51917 -8233 -51261 -8034 -50656 -7710 -50125 -7275
 -49690 -6744 -49366 -6139 -49167 -5483 -49100 -4800 -49167 -4117 -49366 -3461
 -49690 -2856 -50125 -2325 -50656 -1890 -51261 -1566 -51917 -1367 -52600 -1300:
;
5 11 X 0 subckt;
9 LSmitll_MERGET_v1p6_schematic;
DS 0 1 1;
(SymbolCall gnd);
5 10 0 0 -68000 60000;
1 Bound -68000 59000 -65400 61000;
( Rotate 90 );
9 gnd;
C 0 R 0 1 T -67000 59000;
(SymbolCall gnd);
5 10 0 0 -3000 38000;
1 Bound -3000 37000 -400 39000;
( Rotate 90 );
9 gnd;
C 0 R 0 1 T -2000 37000;
(SymbolCall gnd);
5 10 0 0 23000 38000;
1 Bound 23000 37000 25600 39000;
( Rotate 90 );
9 gnd;
C 0 R 0 1 T 24000 37000;
(SymbolCall gnd);
5 10 0 0 -68000 20000;
1 Bound -69000 17400 -67000 20000;
9 gnd;
C 0 T -69000 19000;
(SymbolCall gnd);
5 10 0 0 -62000 20000;
1 Bound -63000 17400 -61000 20000;
9 gnd;
C 0 T -63000 19000;
(SymbolCall gnd);
5 10 0 0 -42000 20000;
1 Bound -43000 17400 -41000 20000;
9 gnd;
C 0 T -43000 19000;
(SymbolCall gnd);
5 10 0 0 -36000 20000;
1 Bound -37000 17400 -35000 20000;
9 gnd;
C 0 T -37000 19000;
(SymbolCall gnd);
5 10 0 0 -68000 10000;
1 Bound -68000 9000 -65400 11000;
( Rotate 90 );
9 gnd;
C 0 R 0 1 T -67000 9000;
(SymbolCall gnd);
5 10 0 0 7000 -2000;
1 Bound 6000 -4600 8000 -2000;
9 gnd;
C 0 T 6000 -3000;
(SymbolCall gnd);
5 10 0 0 13000 -2000;
1 Bound 12000 -4600 14000 -2000;
9 gnd;
C 0 T 12000 -3000;
(SymbolCall gnd);
5 10 0 0 34000 -2000;
1 Bound 33000 -4600 35000 -2000;
9 gnd;
C 0 T 33000 -3000;
(SymbolCall gnd);
5 10 0 0 40000 -2000;
1 Bound 39000 -4600 41000 -2000;
9 gnd;
C 0 T 39000 -3000;
(SymbolCall gnd);
5 10 0 0 -68000 -30000;
1 Bound -69000 -32600 -67000 -30000;
9 gnd;
C 0 T -69000 -31000;
(SymbolCall gnd);
5 10 0 0 -62000 -30000;
1 Bound -63000 -32600 -61000 -30000;
9 gnd;
C 0 T -63000 -31000;
(SymbolCall gnd);
5 10 0 0 -42000 -30000;
1 Bound -43000 -32600 -41000 -30000;
9 gnd;
C 0 T -43000 -31000;
(SymbolCall gnd);
5 10 0 0 -36000 -30000;
1 Bound -37000 -32600 -35000 -30000;
9 gnd;
C 0 T -37000 -31000;
(SymbolCall ind);
5 2 LB1;
5 11 L.LB1 0;
5 10 14 0 -68000 50000 LB1+;
5 10 6 1 -68000 40000 LB1-;
5 15 -67000 49000 0 -1;
1 Bound -68000 40000 -66500 50000;
9 ind;
C 0 T -69000 40000;
(SymbolCall ind);
5 2 LRB3;
5 11 L.LRB3 1;
5 10 5 1 -16000 46000 LRB3-;
5 10 15 0 -26000 46000 LRB3+;
5 15 -25000 47000 1 0;
1 Bound -26000 46000 -16000 47500;
( Rotate 90 );
9 ind;
C 0 R 0 1 T -16000 45000;
(SymbolCall ind);
5 2 L1;
5 11 L.L1 2;
5 10 6 1 -68000 40000 L1-;
5 10 1 0 -78000 40000 L1+;
5 15 -77000 41000 1 0;
1 Bound -78000 40000 -68000 41500;
( Rotate 90 );
9 ind;
C 0 R 0 1 T -68000 39000;
(SymbolCall ind);
5 2 L2;
5 11 L.L2 3;
5 10 4 1 -42000 40000 L2-;
5 10 6 0 -52000 40000 L2+;
5 15 -51000 41000 1 0;
1 Bound -52000 40000 -42000 41500;
( Rotate 90 );
9 ind;
C 0 R 0 1 T -42000 39000;
(SymbolCall ind);
5 2 L3;
5 11 L.L3 4;
5 10 7 1 -6000 40000 L3-;
5 10 5 0 -16000 40000 L3+;
5 15 -15000 41000 1 0;
1 Bound -16000 40000 -6000 41500;
( Rotate 90 );
9 ind;
C 0 R 0 1 T -6000 39000;
(SymbolCall ind);
5 2 LP1;
5 11 L.LP1 5;
5 10 0 1 -68000 20000 LP1-;
5 10 16 0 -68000 30000 LP1+;
5 15 -67000 29000 0 -1;
1 Bound -68000 20000 -66500 30000;
9 ind;
C 0 T -69000 20000;
(SymbolCall ind);
5 2 LRB1;
5 11 L.LRB1 6;
5 10 0 1 -62000 20000 LRB1-;
5 10 17 0 -62000 30000 LRB1+;
5 15 -61000 29000 0 -1;
1 Bound -62000 20000 -60500 30000;
9 ind;
C 0 T -63000 20000;
(SymbolCall ind);
5 2 LP2;
5 11 L.LP2 7;
5 10 0 1 -42000 20000 LP2-;
5 10 18 0 -42000 30000 LP2+;
5 15 -41000 29000 0 -1;
1 Bound -42000 20000 -40500 30000;
9 ind;
C 0 T -43000 20000;
(SymbolCall ind);
5 2 LRB2;
5 11 L.LRB2 8;
5 10 0 1 -36000 20000 LRB2-;
5 10 19 0 -36000 30000 LRB2+;
5 15 -35000 29000 0 -1;
1 Bound -36000 20000 -34500 30000;
9 ind;
C 0 T -37000 20000;
(SymbolCall ind);
5 2 LB3;
5 11 L.LB3 9;
5 10 7 1 -3000 18000 LB3-;
5 10 20 0 -3000 28000 LB3+;
5 15 -2000 27000 0 -1;
1 Bound -3000 18000 -1500 28000;
9 ind;
C 0 T -4000 18000;
(SymbolCall ind);
5 2 LB4;
5 11 L.LB4 10;
5 10 9 1 23000 18000 LB4-;
5 10 21 0 23000 28000 LB4+;
5 15 24000 27000 0 -1;
1 Bound 23000 18000 24500 28000;
9 ind;
C 0 T 22000 18000;
(SymbolCall ind);
5 2 L7;
5 11 L.L7 11;
5 10 8 1 7000 18000 L7-;
5 10 7 0 -3000 18000 L7+;
5 15 -2000 19000 1 0;
1 Bound -3000 18000 7000 19500;
( Rotate 90 );
9 ind;
C 0 R 0 1 T 7000 17000;
(SymbolCall ind);
5 2 L8;
5 11 L.L8 12;
5 10 9 1 23000 18000 L8-;
5 10 8 0 13000 18000 L8+;
5 15 14000 19000 1 0;
1 Bound 13000 18000 23000 19500;
( Rotate 90 );
9 ind;
C 0 R 0 1 T 23000 17000;
(SymbolCall ind);
5 2 L9;
5 11 L.L9 13;
5 15 25000 19000 1 0;
5 10 10 1 34000 18000 L9-;
5 10 9 0 24000 18000 L9+;
1 Bound 24000 18000 34000 19500;
( Rotate 90 );
9 ind;
C 0 R 0 1 T 34000 17000;
(SymbolCall ind);
5 2 L10;
5 11 L.L10 14;
5 10 22 1 50000 18000 L10-;
5 10 10 0 40000 18000 L10+;
5 15 41000 19000 1 0;
1 Bound 40000 18000 50000 19500;
( Rotate 90 );
9 ind;
C 0 R 0 1 T 50000 17000;
(SymbolCall ind);
5 2 LP7;
5 11 L.LP7 15;
5 10 0 1 7000 -2000 LP7-;
5 10 23 0 7000 8000 LP7+;
5 15 8000 7000 0 -1;
1 Bound 7000 -2000 8500 8000;
9 ind;
C 0 T 6000 -2000;
(SymbolCall ind);
5 2 LRB7;
5 11 L.LRB7 16;
5 10 0 1 13000 -2000 LRB7-;
5 10 24 0 13000 8000 LRB7+;
5 15 14000 7000 0 -1;
1 Bound 13000 -2000 14500 8000;
9 ind;
C 0 T 12000 -2000;
(SymbolCall ind);
5 2 LP8;
5 11 L.LP8 17;
5 10 0 1 34000 -2000 LP8-;
5 10 25 0 34000 8000 LP8+;
5 15 35000 7000 0 -1;
1 Bound 34000 -2000 35500 8000;
9 ind;
C 0 T 33000 -2000;
(SymbolCall ind);
5 2 LRB8;
5 11 L.LRB8 18;
5 10 0 1 40000 -2000 LRB8-;
5 10 26 0 40000 8000 LRB8+;
5 15 41000 7000 0 -1;
1 Bound 40000 -2000 41500 8000;
9 ind;
C 0 T 39000 -2000;
(SymbolCall ind);
5 2 LB2;
5 11 L.LB2 19;
5 10 13 1 -68000 -10000 LB2-;
5 10 27 0 -68000 0 LB2+;
5 15 -67000 -1000 0 -1;
1 Bound -68000 -10000 -66500 0;
9 ind;
C 0 T -69000 -10000;
(SymbolCall ind);
5 2 LRB6;
5 11 L.LRB6 20;
5 10 28 0 -26000 -4000 LRB6+;
5 10 12 1 -16000 -4000 LRB6-;
5 15 -25000 -3000 1 0;
1 Bound -26000 -4000 -16000 -2500;
( Rotate 90 );
9 ind;
C 0 R 0 1 T -16000 -5000;
(SymbolCall ind);
5 2 L4;
5 11 L.L4 21;
5 10 2 0 -78000 -10000 L4+;
5 10 13 1 -68000 -10000 L4-;
5 15 -77000 -9000 1 0;
1 Bound -78000 -10000 -68000 -8500;
( Rotate 90 );
9 ind;
C 0 R 0 1 T -68000 -11000;
(SymbolCall ind);
5 2 L5;
5 11 L.L5 22;
5 10 13 0 -52000 -10000 L5+;
5 10 11 1 -42000 -10000 L5-;
5 15 -51000 -9000 1 0;
1 Bound -52000 -10000 -42000 -8500;
( Rotate 90 );
9 ind;
C 0 R 0 1 T -42000 -11000;
(SymbolCall ind);
5 2 L6;
5 11 L.L6 23;
5 10 12 0 -16000 -10000 L6+;
5 10 7 1 -6000 -10000 L6-;
5 15 -15000 -9000 1 0;
1 Bound -16000 -10000 -6000 -8500;
( Rotate 90 );
9 ind;
C 0 R 0 1 T -6000 -11000;
(SymbolCall ind);
5 2 LP4;
5 11 L.LP4 24;
5 10 29 0 -68000 -20000 LP4+;
5 10 0 1 -68000 -30000 LP4-;
5 15 -67000 -21000 0 -1;
1 Bound -68000 -30000 -66500 -20000;
9 ind;
C 0 T -69000 -30000;
(SymbolCall ind);
5 2 LRB4;
5 11 L.LRB4 25;
5 10 30 0 -62000 -20000 LRB4+;
5 10 0 1 -62000 -30000 LRB4-;
5 15 -61000 -21000 0 -1;
1 Bound -62000 -30000 -60500 -20000;
9 ind;
C 0 T -63000 -30000;
(SymbolCall ind);
5 2 LP5;
5 11 L.LP5 26;
5 10 31 0 -42000 -20000 LP5+;
5 10 0 1 -42000 -30000 LP5-;
5 15 -41000 -21000 0 -1;
1 Bound -42000 -30000 -40500 -20000;
9 ind;
C 0 T -43000 -30000;
(SymbolCall ind);
5 2 LRB5;
5 11 L.LRB5 27;
5 10 32 0 -36000 -20000 LRB5+;
5 10 0 1 -36000 -30000 LRB5-;
5 15 -35000 -21000 0 -1;
1 Bound -36000 -30000 -34500 -20000;
9 ind;
C 0 T -37000 -30000;
(SymbolCall isrc);
5 2 pwl(0 0 5p IB1);
5 11 I.IB1 0;
5 5 nophys;
5 10 0 0 -68000 60000 IB1_0;
5 10 14 1 -68000 50000 IB1_1;
5 15 -68000 54000 0 -1 @<name>[c];
1 Bound -70000 50000 -66000 60000;
9 isrc;
C 0 T -70000 50000;
(SymbolCall isrc);
5 2 pwl(0 0 5p IB3);
5 11 I.IB3 1;
5 10 20 1 -3000 28000 IB3_1;
5 10 0 0 -3000 38000 IB3_0;
5 15 -3000 32000 0 -1 @<name>[c];
5 5 nophys;
1 Bound -5000 28000 -1000 38000;
9 isrc;
C 0 T -5000 28000;
(SymbolCall isrc);
5 2 pwl(0 0 5p IB4);
5 11 I.IB4 2;
5 10 21 1 23000 28000 IB4_1;
5 10 0 0 23000 38000 IB4_0;
5 15 23000 32000 0 -1 @<name>[c];
5 5 nophys;
1 Bound 21000 28000 25000 38000;
9 isrc;
C 0 T 21000 28000;
(SymbolCall isrc);
5 2 pwl(0 0 5p IB2);
5 11 I.IB2 3;
5 10 27 1 -68000 0 IB2_1;
5 10 0 0 -68000 10000 IB2_0;
5 5 nophys;
5 15 -68000 4000 0 -1 @<name>[c];
1 Bound -70000 0 -66000 10000;
9 isrc;
C 0 T -70000 0;
(SymbolCall jj);
5 3 area=B3;
5 11 B.B3 0;
5 10 33 2 -34000 39000 B3_2;
5 10 5 1 -26000 40000 B3-;
5 10 4 0 -36000 40000 B3+;
5 1 jjmit;
1 Bound -36000 38500 -26000 41500;
( Rotate 90 );
9 jj;
C 0 R 0 1 T -26000 39000;
(SymbolCall jj);
5 3 area=B1;
5 11 B.B1 1;
5 10 34 2 -69000 38000 B1_2;
5 10 16 1 -68000 30000 B1-;
5 10 6 0 -68000 40000 B1+;
5 1 jjmit;
1 Bound -69500 30000 -66500 40000;
9 jj;
C 0 T -69000 30000;
(SymbolCall jj);
5 3 area=B2;
5 11 B.B2 2;
5 10 35 2 -43000 38000 B2_2;
5 10 18 1 -42000 30000 B2-;
5 10 4 0 -42000 40000 B2+;
5 1 jjmit;
1 Bound -43500 30000 -40500 40000;
9 jj;
C 0 T -43000 30000;
(SymbolCall jj);
5 3 area=B7;
5 11 B.B7 3;
5 10 36 2 6000 16000 B7_2;
5 10 23 1 7000 8000 B7-;
5 10 8 0 7000 18000 B7+;
5 1 jjmit;
1 Bound 5500 8000 8500 18000;
9 jj;
C 0 T 6000 8000;
(SymbolCall jj);
5 3 area=B8;
5 11 B.B8 4;
5 10 37 2 33000 16000 B8_2;
5 10 25 1 34000 8000 B8-;
5 10 10 0 34000 18000 B8+;
5 1 jjmit;
1 Bound 32500 8000 35500 18000;
9 jj;
C 0 T 33000 8000;
(SymbolCall jj);
5 3 area=B6;
5 11 B.B6 5;
5 1 jjmit;
5 10 11 0 -36000 -10000 B6+;
5 10 12 1 -26000 -10000 B6-;
5 10 38 2 -34000 -11000 B6_2;
1 Bound -36000 -11500 -26000 -8500;
( Rotate 90 );
9 jj;
C 0 R 0 1 T -26000 -11000;
(SymbolCall jj);
5 3 area=B4;
5 11 B.B4 6;
5 1 jjmit;
5 10 13 0 -68000 -10000 B4+;
5 10 29 1 -68000 -20000 B4-;
5 10 39 2 -69000 -12000 B4_2;
1 Bound -69500 -20000 -66500 -10000;
9 jj;
C 0 T -69000 -20000;
(SymbolCall jj);
5 3 area=B5;
5 11 B.B5 7;
5 1 jjmit;
5 10 11 0 -42000 -10000 B5+;
5 10 31 1 -42000 -20000 B5-;
5 10 40 2 -43000 -12000 B5_2;
1 Bound -43500 -20000 -40500 -10000;
9 jj;
C 0 T -43000 -20000;
(SymbolCall res);
5 1 RB3;
5 11 R.RB3 0;
5 10 15 1 -26000 46000 RB3-;
5 10 4 0 -36000 46000 RB3+;
5 15 -35000 45000 1 0 "<v>/<value>O";
1 Bound -36000 44750 -26000 47000;
( Rotate 90 );
9 res;
C 0 R 0 1 T -36000 46000;
(SymbolCall res);
5 1 RB1;
5 11 R.RB1 1;
5 10 17 1 -62000 30000 RB1-;
5 10 6 0 -62000 40000 RB1+;
5 15 -63000 39000 0 -1 "<v>/<value>O";
1 Bound -63250 30000 -61000 40000;
9 res;
C 0 T -62000 40000;
(SymbolCall res);
5 1 RB2;
5 11 R.RB2 2;
5 10 19 1 -36000 30000 RB2-;
5 10 4 0 -36000 40000 RB2+;
5 15 -37000 39000 0 -1 "<v>/<value>O";
1 Bound -37250 30000 -35000 40000;
9 res;
C 0 T -36000 40000;
(SymbolCall res);
5 11 R.RD 3;
5 10 3 1 60000 18000 RD-;
5 10 22 0 50000 18000 RD+;
5 2 1.36;
5 15 51000 17000 1 0 "<v>/<value>O";
1 Bound 50000 16750 60000 19000;
( Rotate 90 );
9 res;
C 0 R 0 1 T 50000 18000;
(SymbolCall res);
5 1 RB7;
5 11 R.RB7 4;
5 10 24 1 13000 8000 RB7-;
5 10 8 0 13000 18000 RB7+;
5 15 12000 17000 0 -1 "<v>/<value>O";
1 Bound 11750 8000 14000 18000;
9 res;
C 0 T 13000 18000;
(SymbolCall res);
5 1 RB8;
5 11 R.RB8 5;
5 10 26 1 40000 8000 RB8-;
5 10 10 0 40000 18000 RB8+;
5 15 39000 17000 0 -1 "<v>/<value>O";
1 Bound 38750 8000 41000 18000;
9 res;
C 0 T 40000 18000;
(SymbolCall res);
5 1 RB6;
5 11 R.RB6 6;
5 10 11 0 -36000 -4000 RB6+;
5 10 28 1 -26000 -4000 RB6-;
5 15 -35000 -5000 1 0 "<v>/<value>O";
1 Bound -36000 -5250 -26000 -3000;
( Rotate 90 );
9 res;
C 0 R 0 1 T -36000 -4000;
(SymbolCall res);
5 2 RB4;
5 11 R.RB4 7;
5 10 13 0 -62000 -10000 RB4+;
5 10 30 1 -62000 -20000 RB4-;
5 15 -63000 -11000 0 -1 "<v>/<value>O";
1 Bound -63250 -20000 -61000 -10000;
9 res;
C 0 T -62000 -10000;
(SymbolCall res);
5 1 RB5;
5 11 R.RB5 8;
5 10 11 0 -36000 -10000 RB5+;
5 10 32 1 -36000 -20000 RB5-;
5 15 -37000 -11000 0 -1 "<v>/<value>O";
1 Bound -37250 -20000 -35000 -10000;
9 res;
C 0 T -36000 -10000;
L SCED;
5 10 4;
W2 0 -36000 46000 -36000 40000 -42000 40000;
5 10 5;
W2 0 -26000 40000 -16000 40000 -16000 46000;
5 10 6;
W2 0 -68000 40000 -62000 40000 -52000 40000;
5 10 7;
W2 0 -6000 40000 -6000 18000 -6000 -10000;
5 10 7;
W2 0 -6000 18000 -3000 18000;
5 10 8;
W2 0 7000 18000 13000 18000;
5 10 9;
W2 0 24000 18000 23000 18000;
5 10 10;
W2 0 34000 18000 40000 18000;
5 10 11;
W2 0 -36000 -4000 -36000 -10000 -42000 -10000;
5 10 12;
W2 0 -16000 -4000 -16000 -10000 -26000 -10000;
5 10 13;
W2 0 -68000 -10000 -62000 -10000 -52000 -10000;
L NAME;
5 16 I 0 11;
94 <<IB1>> -70250 58750 320 1350 1000;
5 16 L 0 11;
94 <<LB1>> -68250 48750 320 1650 1000;
5 16 L 1 11;
94 <<LRB3>> -25750 47750 0 2475 1000;
5 16 R 0 11;
94 <<RB3>> -35750 47250 0 1875 1000;
5 16 L 2 11;
94 <<L1>> -77750 41750 0 1050 1000;
5 16 L 3 11;
94 <<L2>> -51750 41750 0 1275 1000;
5 16 B 0 11;
94 <<B3>> -35750 41750 0 1275 1000;
5 16 L 4 11;
94 <<L3>> -15750 41750 0 1275 1000;
5 16 B 1 11;
94 <<B1>> -69750 38750 320 1050 1000;
5 16 R 1 11;
94 <<RB1>> -64500 38750 320 1650 1000;
5 16 B 2 11;
94 <<B2>> -43750 38750 320 1275 1000;
5 16 R 2 11;
94 <<RB2>> -37500 38750 320 1875 1000;
5 16 I 1 11;
94 <<IB3>> -5250 36750 320 1575 1000;
5 16 I 2 11;
94 <<IB4>> 20750 36750 320 1575 1000;
5 16 L 5 11;
94 <<LP1>> -68250 28750 320 1650 1000;
5 16 L 6 11;
94 <<LRB1>> -62250 28750 320 2250 1000;
5 16 L 7 11;
94 <<LP2>> -42250 28750 320 1875 1000;
5 16 L 8 11;
94 <<LRB2>> -36250 28750 320 2475 1000;
5 16 L 9 11;
94 <<LB3>> -3250 26750 320 1875 1000;
5 16 L 10 11;
94 <<LB4>> 33750 25750 320 1875 1000;
5 16 L 11 11;
94 <<L7>> -2750 19750 0 1275 1000;
5 16 L 12 11;
94 <<L8>> 13250 19750 0 1275 1000;
5 16 L 13 11;
94 <<L9>> 24250 19750 0 1275 1000;
5 16 L 14 11;
94 <<L10>> 40250 19750 0 1650 1000;
5 16 R 3 11;
94 <<RD>> 50250 19250 0 1275 1000;
5 16 B 3 11;
94 <<B7>> 5250 16750 320 1275 1000;
5 16 R 4 11;
94 <<RB7>> 11500 16750 320 1875 1000;
5 16 B 4 11;
94 <<B8>> 32250 16750 320 1275 1000;
5 16 R 5 11;
94 <<RB8>> 38500 16750 320 1875 1000;
5 16 I 3 11;
94 <<IB2>> -70250 8750 320 1575 1000;
5 16 L 15 11;
94 <<LP7>> 6750 6750 320 1875 1000;
5 16 L 16 11;
94 <<LRB7>> 12750 6750 320 2475 1000;
5 16 L 17 11;
94 <<LP8>> 33750 6750 320 1875 1000;
5 16 L 18 11;
94 <<LRB8>> 39750 6750 320 2475 1000;
5 16 L 19 11;
94 <<LB2>> -68250 -1250 320 1875 1000;
5 16 L 20 11;
94 <<LRB6>> -25750 -2250 0 2475 1000;
5 16 R 6 11;
94 <<RB6>> -35750 -2750 0 1875 1000;
5 16 L 21 11;
94 <<L4>> -77750 -8250 0 1275 1000;
5 16 L 22 11;
94 <<L5>> -51750 -8250 0 1275 1000;
5 16 B 5 11;
94 <<B6>> -35750 -8250 0 1275 1000;
5 16 L 23 11;
94 <<L6>> -15750 -8250 0 1275 1000;
5 16 B 6 11;
94 <<B4>> -69750 -11250 320 1275 1000;
5 16 R 7 11;
94 <<RB4>> -63500 -11250 320 1875 1000;
5 16 B 7 11;
94 <<B5>> -43750 -11250 320 1275 1000;
5 16 R 8 11;
94 <<RB5>> -37500 -11250 320 1875 1000;
5 16 L 24 11;
94 <<LP4>> -68250 -21250 320 1875 1000;
5 16 L 25 11;
94 <<LRB4>> -62250 -21250 320 2475 1000;
5 16 L 26 11;
94 <<LP5>> -42250 -21250 320 1875 1000;
5 16 L 27 11;
94 <<LRB5>> -36250 -21250 320 2475 1000;
L MODL;
5 16 R 0 1;
94 <<RB3>> -26250 44500 320 1875 1000;
5 16 B 1 1;
94 <<jjmit>> -66250 39750 256 2550 1000;
5 16 R 1 1;
94 <<RB1>> -60750 39750 256 1650 1000;
5 16 B 2 1;
94 <<jjmit>> -40250 39750 256 2550 1000;
5 16 R 2 1;
94 <<RB2>> -34750 39750 256 1875 1000;
5 16 B 0 1;
94 <<jjmit>> -26250 38250 320 2550 1000;
5 16 B 3 1;
94 <<jjmit>> 8750 17750 256 2550 1000;
5 16 R 4 1;
94 <<RB7>> 14250 17750 256 1875 1000;
5 16 B 4 1;
94 <<jjmit>> 35750 17750 256 2550 1000;
5 16 R 5 1;
94 <<RB8>> 41250 17750 256 1875 1000;
5 16 R 6 1;
94 <<RB6>> -26250 -5500 320 1875 1000;
5 16 B 6 1;
94 <<jjmit>> -66250 -10250 256 2550 1000;
5 16 B 7 1;
94 <<jjmit>> -40250 -10250 256 2550 1000;
5 16 R 8 1;
94 <<RB5>> -34750 -10250 256 1875 1000;
5 16 B 5 1;
94 <<jjmit>> -26250 -11750 320 2550 1000;
L VALU;
5 16 I 0 2;
94 <<pwl(0 0 5p IB1)>> -65750 59750 33024 7650 1000;
5 16 L 0 2;
94 <<LB1>> -66250 49750 33024 1650 1000;
5 16 L 1 2;
94 <<LRB3>> -16250 45750 33088 2475 1000;
5 16 L 2 2;
94 <<L1>> -68250 39750 33088 1050 1000;
5 16 L 3 2;
94 <<L2>> -42250 39750 33088 1275 1000;
5 16 L 4 2;
94 <<L3>> -6250 39750 33088 1275 1000;
5 16 I 1 2;
94 <<pwl(0 0 5p IB3)>> -750 37750 33024 7875 1000;
5 16 I 2 2;
94 <<pwl(0 0 5p IB4)>> 25250 37750 33024 7875 1000;
5 16 L 5 2;
94 <<LP1>> -66250 29750 33024 1650 1000;
5 16 L 6 2;
94 <<LRB1>> -60250 29750 33024 2250 1000;
5 16 L 7 2;
94 <<LP2>> -40250 29750 33024 1875 1000;
5 16 L 8 2;
94 <<LRB2>> -34250 29750 33024 2475 1000;
5 16 L 9 2;
94 <<LB3>> -1250 27750 33024 1875 1000;
5 16 L 10 2;
94 <<LB4>> 35750 26750 33024 1875 1000;
5 16 L 11 2;
94 <<L7>> 6750 17750 33088 1275 1000;
5 16 L 13 2;
94 <<L9>> 44750 17750 33088 1275 1000;
5 16 L 14 2;
94 <<L10>> 49750 17750 33088 1650 1000;
5 16 L 12 2;
94 <<L8>> 33750 16750 33088 1275 1000;
5 16 R 3 2;
94 <<1.36>> 59750 16500 33088 1875 1000;
5 16 I 3 2;
94 <<pwl(0 0 5p IB2)>> -65750 9750 33024 7875 1000;
5 16 L 15 2;
94 <<LP7>> 8750 7750 33024 1875 1000;
5 16 L 16 2;
94 <<LRB7>> 14750 7750 33024 2475 1000;
5 16 L 17 2;
94 <<LP8>> 35750 7750 33024 1875 1000;
5 16 L 18 2;
94 <<LRB8>> 41750 7750 33024 2475 1000;
5 16 L 19 2;
94 <<LB2>> -66250 -250 33024 1875 1000;
5 16 L 20 2;
94 <<LRB6>> -16250 -4250 33088 2475 1000;
5 16 L 21 2;
94 <<L4>> -68250 -10250 33088 1275 1000;
5 16 R 7 2;
94 <<RB4>> -60750 -10250 33024 1875 1000;
5 16 L 22 2;
94 <<L5>> -42250 -10250 33088 1275 1000;
5 16 L 23 2;
94 <<L6>> -6250 -10250 33088 1275 1000;
5 16 L 24 2;
94 <<LP4>> -66250 -20250 33024 1875 1000;
5 16 L 25 2;
94 <<LRB4>> -60250 -20250 33024 2475 1000;
5 16 L 26 2;
94 <<LP5>> -40250 -20250 33024 1875 1000;
5 16 L 27 2;
94 <<LRB5>> -34250 -20250 33024 2475 1000;
L PARM;
5 16 B 0 3;
94 <<area=B3>> -35750 37250 33024 4200 1000;
5 16 B 1 3;
94 <<area=B1>> -66250 30250 32768 3975 1000;
5 16 B 2 3;
94 <<area=B2>> -40250 30250 32768 4200 1000;
5 16 B 3 3;
94 <<area=B7>> 8750 8250 32768 4200 1000;
5 16 B 4 3;
94 <<area=B8>> 35750 8250 32768 4200 1000;
5 16 B 5 3;
94 <<area=B6>> -35750 -12750 33024 4200 1000;
5 16 B 6 3;
94 <<area=B4>> -66250 -19750 32768 4200 1000;
5 16 B 7 3;
94 <<area=B5>> -40250 -19750 32768 4200 1000;
L SPTX;
94 <<.include MITLL_MERGET_models.inc>> -78000 112300 0 17025 1000;
94 <<.param Scaling=1.0>> -78000 111300 0 9225 1000;
94 <<.param B0=1>> -78000 110300 0 6000 1000;
94 <<.param Ic0=0.0001>> -78000 109300 0 8925 1000;
94 <<.param IcRs=100u*6.859904418>> -78000 108300 0 15300 1000;
94 <<.param B0Rs=IcRs/Ic0*B0>> -78000 107300 0 12825 1000;
94 <<.param Rsheet=2 >> -78000 106300 0 9150 1000;
94 <<.param Lsheet=1.13e-12 >> -78000 105300 0 12300 1000;
94 <<.param B01rx1=0.406096932932737*Scaling>> -78000 104300 0 21525 1000;
94 <<.param B01tx1=1.6170270947092646*Scaling>> -78000 103300 0 21600 1000;
94 <<.param B1=1.3297290261410297*Scaling>> -78000 102300 0 19350 1000;
94 <<.param B2=0.9441504843661195*Scaling>> -78000 101300 0 19575 1000;
94 <<.param B5=0.4699573551784042*Scaling>> -78000 100300 0 20025 1000;
94 <<.param IB01rx1=5.78131351728159e-05*Scaling>> -78000 99300 0 22725 1000;
94 <<.param IB01tx1=9.865761633800178e-05*Scaling>> -78000 98300 0 23700 1000;
94 <<.param IB1=0.00021301934603711183*Scaling>> -78000 97300 0 21600 1000;
94 <<.param L01rx1=1.022895099801e-13*(1/Scaling-(1-Scaling))>> -78000 96300 0 28800 1000;
94 <<.param L02rx1=3.652077177182586e-13*(1/Scaling-(1-Scaling))>> -78000 95300 0 30825 1000;
94 <<.param L02tx1=7.968312323853429e-13*(1/Scaling-(1-Scaling))>> -78000 94300 0 30975 1000;
94 <<.param L1=1.9844995155650543e-12*(1/Scaling-(1-Scaling))>> -78000 93300 0 29100 1000;
94 <<.param L2=4.2509601789948834e-13*(1/Scaling-(1-Scaling))>> -78000 92300 0 29550 1000;
94 <<.param L6=3.2497900816335613e-12*(1/Scaling-(1-Scaling))>> -78000 91300 0 29325 1000;
94 <<.param L7=3.113676024551185e-12*(1/Scaling-(1-Scaling))>> -78000 90300 0 28275 1000;
94 <<.param LRB01rx1=(RB01rx1/Rsheet)*Lsheet>> -78000 89300 0 21225 1000;
94 <<.param LRB01rx2=(RB01rx2/Rsheet)*Lsheet>> -78000 88300 0 21675 1000;
94 <<.param LRB01tx1=(RB01tx1/Rsheet)*Lsheet>> -78000 87300 0 21075 1000;
94 <<.param LRB1=(RB1/Rsheet)*Lsheet>> -78000 86300 0 17025 1000;
94 <<.param LRB2=(RB2/Rsheet)*Lsheet>> -78000 85300 0 17475 1000;
94 <<.param LRB3=(RB3/Rsheet)*Lsheet>> -78000 84300 0 17475 1000;
94 <<.param LRB4=(RB4/Rsheet)*Lsheet>> -78000 83300 0 17475 1000;
94 <<.param LRB5=(RB5/Rsheet)*Lsheet>> -78000 82300 0 17475 1000;
94 <<.param RB01rx1=B0Rs/B01rx1>> -78000 81300 0 14175 1000;
94 <<.param RB01rx2=B0Rs/B01rx1>> -78000 80300 0 14400 1000;
94 <<.param RB01tx1=B0Rs/B01tx1>> -78000 79300 0 14025 1000;
94 <<.param RB1=B0Rs/B1>> -78000 78300 0 9975 1000;
94 <<.param RB2=B0Rs/B2>> -78000 77300 0 10425 1000;
94 <<.param RB3=B0Rs/B1>> -78000 76300 0 10200 1000;
94 <<.param RB4=B0Rs/B2>> -78000 75300 0 10425 1000;
94 <<.param RB5=B0Rs/B5>> -78000 74300 0 10425 1000;
DF;
E
* Generated by Xic from cell LSmitll_MERGET_v1p6_schematic
.tran 0.5p 600p 0 0.25p UIC
.include MITLL_MERGET_models.inc
.param Scaling=1.0
.param B0=1
.param Ic0=0.0001
.param IcRs=100u*6.859904418
.param B0Rs=IcRs/Ic0*B0
.param Rsheet=2 
.param Lsheet=1.13e-12 
.param B01rx1=0.406096932932737*Scaling
.param B01tx1=1.6170270947092646*Scaling
.param B1=1.3297290261410297*Scaling
.param B2=0.9441504843661195*Scaling
.param B5=0.4699573551784042*Scaling
.param IB01rx1=5.78131351728159e-05*Scaling
.param IB01tx1=9.865761633800178e-05*Scaling
.param IB1=0.00021301934603711183*Scaling
.param L01rx1=1.022895099801e-13*(1/Scaling-(1-Scaling))
.param L02rx1=3.652077177182586e-13*(1/Scaling-(1-Scaling))
.param L02tx1=7.968312323853429e-13*(1/Scaling-(1-Scaling))
.param L1=1.9844995155650543e-12*(1/Scaling-(1-Scaling))
.param L2=4.2509601789948834e-13*(1/Scaling-(1-Scaling))
.param L6=3.2497900816335613e-12*(1/Scaling-(1-Scaling))
.param L7=3.113676024551185e-12*(1/Scaling-(1-Scaling))
.param LRB01rx1=(RB01rx1/Rsheet)*Lsheet
.param LRB01rx2=(RB01rx2/Rsheet)*Lsheet
.param LRB01tx1=(RB01tx1/Rsheet)*Lsheet
.param LRB1=(RB1/Rsheet)*Lsheet
.param LRB2=(RB2/Rsheet)*Lsheet
.param LRB3=(RB3/Rsheet)*Lsheet
.param LRB4=(RB4/Rsheet)*Lsheet
.param LRB5=(RB5/Rsheet)*Lsheet
.param RB01rx1=B0Rs/B01rx1
.param RB01rx2=B0Rs/B01rx1
.param RB01tx1=B0Rs/B01tx1
.param RB1=B0Rs/B1
.param RB2=B0Rs/B2
.param RB3=B0Rs/B1
.param RB4=B0Rs/B2
.param RB5=B0Rs/B5
B1 6 16 34 jjmit area=B1
B2 4 18 35 jjmit area=B2
B3 4 5 33 jjmit area=B3
B4 13 29 39 jjmit area=B4
B5 11 31 40 jjmit area=B5
B6 11 12 38 jjmit area=B6
B7 8 23 36 jjmit area=B7
B8 10 25 37 jjmit area=B8
IB1 0 14 pwl(0 0 5p IB1)
IB2 0 27 pwl(0 0 5p IB2)
IB3 0 20 pwl(0 0 5p IB3)
IB4 0 21 pwl(0 0 5p IB4)
L1 A 6 L1
L2 6 4 L2
L3 5 7 L3
L4 B 13 L4
L5 13 11 L5
L6 12 7 L6
L7 7 8 L7
L8 8 9 L8
L9 9 10 L9
L10 10 22 L10
LB1 14 6 LB1
LB2 27 13 LB2
LB3 20 7 LB3
LB4 21 9 LB4
LP1 16 0 LP1
LP2 18 0 LP2
LP4 29 0 LP4
LP5 31 0 LP5
LP7 23 0 LP7
LP8 25 0 LP8
LRB1 17 0 LRB1
LRB2 19 0 LRB2
LRB3 15 5 LRB3
LRB4 30 0 LRB4
LRB5 32 0 LRB5
LRB6 28 12 LRB6
LRB7 24 0 LRB7
LRB8 26 0 LRB8
RB1 6 17 RB1
RB2 4 19 RB2
RB3 4 15 RB3
RB4 13 30 RB4
RB5 11 32 RB5
RB6 11 28 RB6
RB7 8 24 RB7
RB8 10 26 RB8
RD 22 Q 1.36
.model jjmit jj(rtype=1, vg=2.8mV, cap=0.07pF, r0=160, rn=16, icrit=0.1mA)


* Nb 30 A/cm2
.save @IB3[c]
.save @IB4[c]
.save @IB1[c]
.save @IB2[c]
