(Symbol LSmitll_NDROT_v1p5p1);
($Id:$);
(PHYSICAL);
(RESOLUTION 1000);
9 LSmitll_NDROT_v1p5p1;
DS 0 1 1;
DF;
E
(ELECTRICAL);
(RESOLUTION 1000);
5 7101 tran 0.5p 600p 0 0.25p UIC;
5 10 1 0 -130000 30000 0x0 A;
5 10 2 1 -130000 -6000 0x0 B;
5 10 3 2 -130000 -46000 0x0 CLK;
5 10 4 3 82000 -46000 0x0 Q;
5 18 0
  L ETC2:
  B 80200 110900 -17500 -11750:
  W 0 -57600 27199 -56917 27266 -56260 27465 -55655 27789 -55124 28224
 -54689 28755 -54365 29360 -54166 30017 -54099 30700 -54166 31383 -54365 32040
 -54689 32645 -55124 33176 -55655 33611 -56260 33935 -56917 34134 -57600 34201:
  W 0 -127400 30700 -57600 30700:
  94 <<NDROT>> -38500 -15200 0 41984 14336:
  W 0 -57600 -8901 -56917 -8834 -56260 -8635 -55655 -8311 -55124 -7876
 -54689 -7345 -54365 -6740 -54166 -6083 -54099 -5400 -54166 -4717 -54365 -4060
 -54689 -3455 -55124 -2924 -55655 -2489 -56260 -2165 -56917 -1966 -57600 -1899:
  W 0 -127400 -5400 -57600 -5400:
  W 0 22600 -48601 21917 -48534 21260 -48335 20655 -48011 20124 -47576
 19689 -47045 19365 -46440 19166 -45783 19099 -45100 19166 -44417 19365 -43760
 19689 -43155 20124 -42624 20655 -42189 21260 -41865 21917 -41666 22600 -41599:
  W 0 -57600 -48901 -56917 -48834 -56260 -48635 -55655 -48311 -55124 -47876
 -54689 -47345 -54365 -46740 -54166 -46083 -54099 -45400 -54166 -44717
 -54365 -44060 -54689 -43455 -55124 -42924 -55655 -42489 -56260 -42165
 -56917 -41966 -57600 -41899:
  W 0 80000 -45300 22600 -45300:
  W 0 -127400 -45600 -57600 -45600:
;
5 11 X 0 subckt;
9 LSmitll_NDROT_v1p5p1;
DS 0 1 1;
(SymbolCall gnd);
5 10 0 0 -104000 50000;
1 Bound -104000 49000 -101400 51000;
( Rotate 90 );
9 gnd;
C 0 R 0 1 T -103000 49000;
(SymbolCall gnd);
5 10 0 0 -78000 50000;
1 Bound -78000 49000 -75400 51000;
( Rotate 90 );
9 gnd;
C 0 R 0 1 T -77000 49000;
(SymbolCall gnd);
5 10 0 0 14000 30000;
1 Bound 13000 27400 15000 30000;
9 gnd;
C 0 T 13000 29000;
(SymbolCall gnd);
5 10 0 0 -104000 14000;
1 Bound -104000 13000 -101400 15000;
( Rotate 90 );
9 gnd;
C 0 R 0 1 T -103000 13000;
(SymbolCall gnd);
5 10 0 0 -69000 14000;
1 Bound -69000 13000 -66400 15000;
( Rotate 90 );
9 gnd;
C 0 R 0 1 T -68000 13000;
(SymbolCall gnd);
5 10 0 0 -120000 10000;
1 Bound -121000 7400 -119000 10000;
9 gnd;
C 0 T -121000 9000;
(SymbolCall gnd);
5 10 0 0 -114000 10000;
1 Bound -115000 7400 -113000 10000;
9 gnd;
C 0 T -115000 9000;
(SymbolCall gnd);
5 10 0 0 -94000 10000;
1 Bound -95000 7400 -93000 10000;
9 gnd;
C 0 T -95000 9000;
(SymbolCall gnd);
5 10 0 0 -88000 10000;
1 Bound -89000 7400 -87000 10000;
9 gnd;
C 0 T -89000 9000;
(SymbolCall gnd);
5 10 0 0 -78000 10000;
1 Bound -79000 7400 -77000 10000;
9 gnd;
C 0 T -79000 9000;
(SymbolCall gnd);
5 10 0 0 -64000 10000;
1 Bound -65000 7400 -63000 10000;
9 gnd;
C 0 T -65000 9000;
(SymbolCall gnd);
5 10 0 0 -22000 10000;
1 Bound -23000 7400 -21000 10000;
9 gnd;
C 0 T -23000 9000;
(SymbolCall gnd);
5 10 0 0 -16000 10000;
1 Bound -17000 7400 -15000 10000;
9 gnd;
C 0 T -17000 9000;
(SymbolCall gnd);
5 10 0 0 -104000 -26000;
1 Bound -104000 -27000 -101400 -25000;
( Rotate 90 );
9 gnd;
C 0 R 0 1 T -103000 -27000;
(SymbolCall gnd);
5 10 0 0 20000 -26000;
1 Bound 20000 -27000 22600 -25000;
( Rotate 90 );
9 gnd;
C 0 R 0 1 T 21000 -27000;
(SymbolCall gnd);
5 10 0 0 46000 -26000;
1 Bound 46000 -27000 48600 -25000;
( Rotate 90 );
9 gnd;
C 0 R 0 1 T 47000 -27000;
(SymbolCall gnd);
5 10 0 0 -120000 -26000;
1 Bound -121000 -28600 -119000 -26000;
9 gnd;
C 0 T -121000 -27000;
(SymbolCall gnd);
5 10 0 0 -114000 -26000;
1 Bound -115000 -28600 -113000 -26000;
9 gnd;
C 0 T -115000 -27000;
(SymbolCall gnd);
5 10 0 0 -94000 -26000;
1 Bound -95000 -28600 -93000 -26000;
9 gnd;
C 0 T -95000 -27000;
(SymbolCall gnd);
5 10 0 0 -88000 -26000;
1 Bound -89000 -28600 -87000 -26000;
9 gnd;
C 0 T -89000 -27000;
(SymbolCall gnd);
5 10 0 0 -78000 -26000;
1 Bound -79000 -28600 -77000 -26000;
9 gnd;
C 0 T -79000 -27000;
(SymbolCall gnd);
5 10 0 0 -69000 -26000;
1 Bound -70000 -28600 -68000 -26000;
9 gnd;
C 0 T -70000 -27000;
(SymbolCall gnd);
5 10 0 0 -22000 -26000;
1 Bound -23000 -28600 -21000 -26000;
9 gnd;
C 0 T -23000 -27000;
(SymbolCall gnd);
5 10 0 0 -16000 -26000;
1 Bound -17000 -28600 -15000 -26000;
9 gnd;
C 0 T -17000 -27000;
(SymbolCall gnd);
5 10 0 0 14000 -36000;
1 Bound 13000 -38600 15000 -36000;
9 gnd;
C 0 T 13000 -37000;
(SymbolCall gnd);
5 10 0 0 -120000 -66000;
1 Bound -121000 -68600 -119000 -66000;
9 gnd;
C 0 T -121000 -67000;
(SymbolCall gnd);
5 10 0 0 -114000 -66000;
1 Bound -115000 -68600 -113000 -66000;
9 gnd;
C 0 T -115000 -67000;
(SymbolCall gnd);
5 10 0 0 -94000 -66000;
1 Bound -95000 -68600 -93000 -66000;
9 gnd;
C 0 T -95000 -67000;
(SymbolCall gnd);
5 10 0 0 -88000 -66000;
1 Bound -89000 -68600 -87000 -66000;
9 gnd;
C 0 T -89000 -67000;
(SymbolCall gnd);
5 10 0 0 -78000 -66000;
1 Bound -79000 -68600 -77000 -66000;
9 gnd;
C 0 T -79000 -67000;
(SymbolCall gnd);
5 10 0 0 -72000 -66000;
1 Bound -73000 -68600 -71000 -66000;
9 gnd;
C 0 T -73000 -67000;
(SymbolCall gnd);
5 10 0 0 -62000 -66000;
1 Bound -63000 -68600 -61000 -66000;
9 gnd;
C 0 T -63000 -67000;
(SymbolCall gnd);
5 10 0 0 4000 -66000;
1 Bound 3000 -68600 5000 -66000;
9 gnd;
C 0 T 3000 -67000;
(SymbolCall gnd);
5 10 0 0 10000 -66000;
1 Bound 9000 -68600 11000 -66000;
9 gnd;
C 0 T 9000 -67000;
(SymbolCall gnd);
5 10 0 0 30000 -66000;
1 Bound 29000 -68600 31000 -66000;
9 gnd;
C 0 T 29000 -67000;
(SymbolCall gnd);
5 10 0 0 36000 -66000;
1 Bound 35000 -68600 37000 -66000;
9 gnd;
C 0 T 35000 -67000;
(SymbolCall gnd);
5 10 0 0 56000 -66000;
1 Bound 55000 -68600 57000 -66000;
9 gnd;
C 0 T 55000 -67000;
(SymbolCall gnd);
5 10 0 0 62000 -66000;
1 Bound 61000 -68600 63000 -66000;
9 gnd;
C 0 T 61000 -67000;
(SymbolCall ind);
5 10 28 1 -104000 30000 LPR01RX1-;
5 10 26 0 -104000 40000 LPR01RX1+;
5 15 -103000 39000 0 -1;
5 2 2e-13;
5 11 L.LPR01RX1 0;
1 Bound -104000 30000 -102500 40000;
9 ind;
C 0 T -105000 30000;
(SymbolCall ind);
5 10 9 1 -78000 30000 LPR03-;
5 10 27 0 -78000 40000 LPR03+;
5 15 -77000 39000 0 -1;
5 2 1.85e-13;
5 11 L.LPR03 1;
1 Bound -78000 30000 -76500 40000;
9 ind;
C 0 T -79000 30000;
(SymbolCall ind);
5 10 6 1 -32000 36000 LRB07-;
5 10 29 0 -42000 36000 LRB07+;
5 15 -41000 37000 1 0;
5 2 LRB07;
5 11 L.LRB07 2;
1 Bound -42000 36000 -32000 37500;
( Rotate 90 );
9 ind;
C 0 R 0 1 T -32000 35000;
(SymbolCall ind);
5 10 7 1 -120000 30000 L01RX1-;
5 10 1 0 -130000 30000 L01RX1+;
5 15 -129000 31000 1 0;
5 2 L01rx1;
5 11 L.L01RX1 3;
1 Bound -130000 30000 -120000 31500;
( Rotate 90 );
9 ind;
C 0 R 0 1 T -120000 29000;
(SymbolCall ind);
5 10 28 1 -104000 30000 L02RX1-;
5 10 7 0 -114000 30000 L02RX1+;
5 15 -113000 31000 1 0;
5 2 L02rx1;
5 11 L.L02RX1 4;
1 Bound -114000 30000 -104000 31500;
( Rotate 90 );
9 ind;
C 0 R 0 1 T -104000 29000;
(SymbolCall ind);
5 10 8 1 -94000 30000 L03RX1-;
5 10 28 0 -104000 30000 L03RX1+;
5 15 -103000 31000 1 0;
5 2 L03rx1;
5 11 L.L03RX1 5;
1 Bound -104000 30000 -94000 31500;
( Rotate 90 );
9 ind;
C 0 R 0 1 T -94000 29000;
(SymbolCall ind);
5 10 9 1 -78000 30000 L05-;
5 10 8 0 -88000 30000 L05+;
5 15 -87000 31000 1 0;
5 2 L05;
5 11 L.L05 6;
1 Bound -88000 30000 -78000 31500;
( Rotate 90 );
9 ind;
C 0 R 0 1 T -78000 29000;
(SymbolCall ind);
5 10 5 1 -52000 30000 L06-;
5 10 9 0 -62000 30000 L06+;
5 15 -61000 31000 1 0;
5 2 L06;
5 11 L.L06 7;
1 Bound -62000 30000 -52000 31500;
( Rotate 90 );
9 ind;
C 0 R 0 1 T -52000 29000;
(SymbolCall ind);
5 10 31 1 -6000 30000 L14-;
5 10 6 0 -16000 30000 L14+;
5 15 -15000 31000 1 0;
5 2 L14;
5 11 L.L14 8;
1 Bound -16000 30000 -6000 31500;
( Rotate 90 );
9 ind;
C 0 R 0 1 T -6000 29000;
(SymbolCall ind);
5 10 31 1 -6000 30000 LPR04-;
5 10 30 0 4000 30000 LPR04+;
5 15 3000 29000 -1 0;
5 2 2.5059999999999996e-12;
5 11 L.LPR04 9;
1 Bound -6000 28500 4000 30000;
( Rotate 270 );
9 ind;
C 0 R 0 -1 T -6000 31000;
(SymbolCall ind);
5 10 10 1 -6000 20000 L07-;
5 10 31 0 -6000 30000 L07+;
5 15 -5000 29000 0 -1;
5 2 L07;
5 11 L.L07 10;
1 Bound -6000 20000 -4500 30000;
9 ind;
C 0 T -7000 20000;
(SymbolCall ind);
5 10 0 1 -120000 10000 LP01RX1-;
5 10 32 0 -120000 20000 LP01RX1+;
5 15 -119000 19000 0 -1;
5 2 3.4e-13;
5 11 L.LP01RX1 11;
1 Bound -120000 10000 -118500 20000;
9 ind;
C 0 T -121000 10000;
(SymbolCall ind);
5 10 0 1 -114000 10000 LRB01RX1-;
5 10 33 0 -114000 20000 LRB01RX1+;
5 15 -113000 19000 0 -1;
5 2 LRB01rx1;
5 11 L.LRB01RX1 12;
1 Bound -114000 10000 -112500 20000;
9 ind;
C 0 T -115000 10000;
(SymbolCall ind);
5 10 0 1 -94000 10000 LP02RX1-;
5 10 34 0 -94000 20000 LP02RX1+;
5 15 -93000 19000 0 -1;
5 2 6e-14;
5 11 L.LP02RX1 13;
1 Bound -94000 10000 -92500 20000;
9 ind;
C 0 T -95000 10000;
(SymbolCall ind);
5 10 0 1 -88000 10000 LRB02RX1-;
5 10 35 0 -88000 20000 LRB02RX1+;
5 15 -87000 19000 0 -1;
5 2 LRB02rx1;
5 11 L.LRB02RX1 14;
1 Bound -88000 10000 -86500 20000;
9 ind;
C 0 T -89000 10000;
(SymbolCall ind);
5 10 0 1 -78000 10000 LP06-;
5 10 36 0 -78000 20000 LP06+;
5 15 -77000 19000 0 -1;
5 2 1.3300000000000001e-13;
5 11 L.LP06 15;
1 Bound -78000 10000 -76500 20000;
9 ind;
C 0 T -79000 10000;
(SymbolCall ind);
5 10 0 1 -64000 10000 LRB06-;
5 10 37 0 -64000 20000 LRB06+;
5 15 -63000 19000 0 -1;
5 2 LRB06;
5 11 L.LRB06 16;
1 Bound -64000 10000 -62500 20000;
9 ind;
C 0 T -65000 10000;
(SymbolCall ind);
5 10 0 1 -22000 10000 LP08-;
5 10 38 0 -22000 20000 LP08+;
5 15 -21000 19000 0 -1;
5 2 2.16e-13;
5 11 L.LP08 17;
1 Bound -22000 10000 -20500 20000;
9 ind;
C 0 T -23000 10000;
(SymbolCall ind);
5 10 0 1 -16000 10000 LRB08-;
5 10 39 0 -16000 20000 LRB08+;
5 15 -15000 19000 0 -1;
5 2 LRB08;
5 11 L.LRB08 18;
1 Bound -16000 10000 -14500 20000;
9 ind;
C 0 T -17000 10000;
(SymbolCall ind);
5 10 42 1 -104000 -6000 LPR01RX2-;
5 10 40 0 -104000 4000 LPR01RX2+;
5 15 -103000 3000 0 -1;
5 2 2e-13;
5 11 L.LPR01RX2 19;
1 Bound -104000 -6000 -102500 4000;
9 ind;
C 0 T -105000 -6000;
(SymbolCall ind);
5 10 15 1 -69000 -6000 LPR02-;
5 10 41 0 -69000 4000 LPR02+;
5 15 -68000 3000 0 -1;
5 2 1.53e-13;
5 11 L.LPR02 20;
1 Bound -69000 -6000 -67500 4000;
9 ind;
C 0 T -70000 -6000;
(SymbolCall ind);
5 10 12 1 -32000 0 LRB04-;
5 10 43 0 -42000 0 LRB04+;
5 15 -41000 1000 1 0;
5 2 LRB04;
5 11 L.LRB04 21;
1 Bound -42000 0 -32000 1500;
( Rotate 90 );
9 ind;
C 0 R 0 1 T -32000 -1000;
(SymbolCall ind);
5 10 13 1 -120000 -6000 L01RX2-;
5 10 2 0 -130000 -6000 L01RX2+;
5 15 -129000 -5000 1 0;
5 2 L01rx1;
5 11 L.L01RX2 22;
1 Bound -130000 -6000 -120000 -4500;
( Rotate 90 );
9 ind;
C 0 R 0 1 T -120000 -7000;
(SymbolCall ind);
5 10 42 1 -104000 -6000 L02RX2-;
5 10 13 0 -114000 -6000 L02RX2+;
5 15 -113000 -5000 1 0;
5 2 L02rx1;
5 11 L.L02RX2 23;
1 Bound -114000 -6000 -104000 -4500;
( Rotate 90 );
9 ind;
C 0 R 0 1 T -104000 -7000;
(SymbolCall ind);
5 10 14 1 -94000 -6000 L03RX2-;
5 10 42 0 -104000 -6000 L03RX2+;
5 15 -103000 -5000 1 0;
5 2 L03rx1;
5 11 L.L03RX2 24;
1 Bound -104000 -6000 -94000 -4500;
( Rotate 90 );
9 ind;
C 0 R 0 1 T -94000 -7000;
(SymbolCall ind);
5 10 15 1 -78000 -6000 L03-;
5 10 14 0 -88000 -6000 L03+;
5 15 -87000 -5000 1 0;
5 2 L03;
5 11 L.L03 25;
1 Bound -88000 -6000 -78000 -4500;
( Rotate 90 );
9 ind;
C 0 R 0 1 T -78000 -7000;
(SymbolCall ind);
5 10 11 1 -52000 -6000 L04-;
5 10 15 0 -62000 -6000 L04+;
5 15 -61000 -5000 1 0;
5 2 L04;
5 11 L.L04 26;
1 Bound -62000 -6000 -52000 -4500;
( Rotate 90 );
9 ind;
C 0 R 0 1 T -52000 -7000;
(SymbolCall ind);
5 10 10 1 -6000 -6000 L08-;
5 10 12 0 -16000 -6000 L08+;
5 15 -15000 -5000 1 0;
5 2 L08;
5 11 L.L08 27;
1 Bound -16000 -6000 -6000 -4500;
( Rotate 90 );
9 ind;
C 0 R 0 1 T -6000 -7000;
(SymbolCall ind);
5 10 0 1 -120000 -26000 LP01RX2-;
5 10 44 0 -120000 -16000 LP01RX2+;
5 15 -119000 -17000 0 -1;
5 2 3.4e-13;
5 11 L.LP01RX2 28;
1 Bound -120000 -26000 -118500 -16000;
9 ind;
C 0 T -121000 -26000;
(SymbolCall ind);
5 10 0 1 -114000 -26000 LRB01RX2-;
5 10 45 0 -114000 -16000 LRB01RX2+;
5 15 -113000 -17000 0 -1;
5 2 LRB01rx1;
5 11 L.LRB01RX2 29;
1 Bound -114000 -26000 -112500 -16000;
9 ind;
C 0 T -115000 -26000;
(SymbolCall ind);
5 10 0 1 -94000 -26000 LP02RX2-;
5 10 46 0 -94000 -16000 LP02RX2+;
5 15 -93000 -17000 0 -1;
5 2 6e-14;
5 11 L.LP02RX2 30;
1 Bound -94000 -26000 -92500 -16000;
9 ind;
C 0 T -95000 -26000;
(SymbolCall ind);
5 10 0 1 -88000 -26000 LRB02RX2-;
5 10 47 0 -88000 -16000 LRB02RX2+;
5 15 -87000 -17000 0 -1;
5 2 LRB02rx2;
5 11 L.LRB02RX2 31;
1 Bound -88000 -26000 -86500 -16000;
9 ind;
C 0 T -89000 -26000;
(SymbolCall ind);
5 10 0 1 -78000 -26000 LP03-;
5 10 48 0 -78000 -16000 LP03+;
5 15 -77000 -17000 0 -1;
5 2 1.35e-13;
5 11 L.LP03 32;
1 Bound -78000 -26000 -76500 -16000;
9 ind;
C 0 T -79000 -26000;
(SymbolCall ind);
5 10 0 1 -69000 -26000 LRB03-;
5 10 49 0 -69000 -16000 LRB03+;
5 15 -68000 -17000 0 -1;
5 2 LRB03;
5 11 L.LRB03 33;
1 Bound -69000 -26000 -67500 -16000;
9 ind;
C 0 T -70000 -26000;
(SymbolCall ind);
5 10 0 1 -22000 -26000 LP05-;
5 10 50 0 -22000 -16000 LP05+;
5 15 -21000 -17000 0 -1;
5 2 1.4599999999999998e-13;
5 11 L.LP05 34;
1 Bound -22000 -26000 -20500 -16000;
9 ind;
C 0 T -23000 -26000;
(SymbolCall ind);
5 10 0 1 -16000 -26000 LRB05-;
5 10 51 0 -16000 -16000 LRB05+;
5 15 -15000 -17000 0 -1;
5 2 LRB05;
5 11 L.LRB05 35;
1 Bound -16000 -26000 -14500 -16000;
9 ind;
C 0 T -17000 -26000;
(SymbolCall ind);
5 10 16 1 0 -26000 LRB09-;
5 10 52 0 0 -16000 LRB09+;
5 15 1000 -17000 0 -1;
5 2 LRB09;
5 11 L.LRB09 36;
1 Bound 0 -26000 1500 -16000;
9 ind;
C 0 T -1000 -26000;
(SymbolCall ind);
5 10 54 1 -6000 -36000 L09-;
5 10 16 0 -6000 -26000 L09+;
5 15 -5000 -27000 0 -1;
5 2 L09;
5 11 L.L09 37;
1 Bound -6000 -36000 -4500 -26000;
9 ind;
C 0 T -7000 -36000;
(SymbolCall ind);
5 10 56 1 4000 -36000 LPR05-;
5 10 54 0 -6000 -36000 LPR05+;
5 15 -5000 -35000 1 0;
5 2 3.4e-14;
5 11 L.LPR05 38;
1 Bound -6000 -36000 4000 -34500;
( Rotate 90 );
9 ind;
C 0 R 0 1 T 4000 -37000;
(SymbolCall ind);
5 10 57 1 -104000 -46000 LPR01RX3-;
5 10 53 0 -104000 -36000 LPR01RX3+;
5 15 -103000 -37000 0 -1;
5 2 2e-13;
5 11 L.LPR01RX3 39;
1 Bound -104000 -46000 -102500 -36000;
9 ind;
C 0 T -105000 -46000;
(SymbolCall ind);
5 10 58 1 -6000 -46000 L10-;
5 10 54 0 -6000 -36000 L10+;
5 15 -5000 -37000 0 -1;
5 2 L10;
5 11 L.L10 40;
1 Bound -6000 -46000 -4500 -36000;
9 ind;
C 0 T -7000 -46000;
(SymbolCall ind);
5 10 25 1 46000 -46000 LPR01TX1-;
5 10 55 0 46000 -36000 LPR01TX1+;
5 15 47000 -37000 0 -1;
5 2 2e-13;
5 11 L.LPR01TX1 41;
1 Bound 46000 -46000 47500 -36000;
9 ind;
C 0 T 45000 -46000;
(SymbolCall ind);
5 10 19 1 -32000 -40000 LRB02-;
5 10 59 0 -42000 -40000 LRB02+;
5 15 -41000 -39000 1 0;
5 2 LRB02;
5 11 L.LRB02 42;
1 Bound -42000 -40000 -32000 -38500;
( Rotate 90 );
9 ind;
C 0 R 0 1 T -32000 -41000;
(SymbolCall ind);
5 10 20 1 -120000 -46000 L01RX3-;
5 10 3 0 -130000 -46000 L01RX3+;
5 15 -129000 -45000 1 0;
5 2 L01rx3;
5 11 L.L01RX3 43;
1 Bound -130000 -46000 -120000 -44500;
( Rotate 90 );
9 ind;
C 0 R 0 1 T -120000 -47000;
(SymbolCall ind);
5 10 57 1 -104000 -46000 L02RX3-;
5 10 20 0 -114000 -46000 L02RX3+;
5 15 -113000 -45000 1 0;
5 2 L02rx3;
5 11 L.L02RX3 44;
1 Bound -114000 -46000 -104000 -44500;
( Rotate 90 );
9 ind;
C 0 R 0 1 T -104000 -47000;
(SymbolCall ind);
5 10 21 1 -94000 -46000 L03RX3-;
5 10 57 0 -104000 -46000 L03RX3+;
5 15 -103000 -45000 1 0;
5 2 L03rx3;
5 11 L.L03RX3 45;
1 Bound -104000 -46000 -94000 -44500;
( Rotate 90 );
9 ind;
C 0 R 0 1 T -94000 -47000;
(SymbolCall ind);
5 10 22 1 -78000 -46000 L01-;
5 10 21 0 -88000 -46000 L01+;
5 15 -87000 -45000 1 0;
5 2 L01;
5 11 L.L01 46;
1 Bound -88000 -46000 -78000 -44500;
( Rotate 90 );
9 ind;
C 0 R 0 1 T -78000 -47000;
(SymbolCall ind);
5 10 60 1 -62000 -46000 L15-;
5 10 22 0 -72000 -46000 L15+;
5 15 -71000 -45000 1 0;
5 2 L15;
5 11 L.L15 47;
1 Bound -72000 -46000 -62000 -44500;
( Rotate 90 );
9 ind;
C 0 R 0 1 T -62000 -47000;
(SymbolCall ind);
5 10 18 1 -52000 -46000 L16-;
5 10 60 0 -62000 -46000 L16+;
5 15 -61000 -45000 1 0;
5 2 L16;
5 11 L.L16 48;
1 Bound -62000 -46000 -52000 -44500;
( Rotate 90 );
9 ind;
C 0 R 0 1 T -52000 -47000;
(SymbolCall ind);
5 10 58 1 -6000 -46000 L02-;
5 10 19 0 -16000 -46000 L02+;
5 15 -15000 -45000 1 0;
5 2 L02;
5 11 L.L02 49;
1 Bound -16000 -46000 -6000 -44500;
( Rotate 90 );
9 ind;
C 0 R 0 1 T -6000 -47000;
(SymbolCall ind);
5 10 23 1 4000 -46000 L13-;
5 10 58 0 -6000 -46000 L13+;
5 15 -5000 -45000 1 0;
5 2 L13;
5 11 L.L13 50;
1 Bound -6000 -46000 4000 -44500;
( Rotate 90 );
9 ind;
C 0 R 0 1 T 4000 -47000;
(SymbolCall ind);
5 10 17 1 20000 -46000 L11-;
5 10 23 0 10000 -46000 L11+;
5 15 11000 -45000 1 0;
5 2 L11;
5 11 L.L11 51;
1 Bound 10000 -46000 20000 -44500;
( Rotate 90 );
9 ind;
C 0 R 0 1 T 20000 -47000;
(SymbolCall ind);
5 10 24 1 30000 -46000 L17-;
5 10 17 0 20000 -46000 L17+;
5 15 21000 -45000 1 0;
5 2 L17;
5 11 L.L17 52;
1 Bound 20000 -46000 30000 -44500;
( Rotate 90 );
9 ind;
C 0 R 0 1 T 30000 -47000;
(SymbolCall ind);
5 10 25 1 46000 -46000 L01TX1-;
5 10 24 0 36000 -46000 L01TX1+;
5 15 37000 -45000 1 0;
5 2 L01tx1;
5 11 L.L01TX1 53;
1 Bound 36000 -46000 46000 -44500;
( Rotate 90 );
9 ind;
C 0 R 0 1 T 46000 -47000;
(SymbolCall ind);
5 10 61 1 72000 -46000 L02TX1-;
5 10 25 0 62000 -46000 L02TX1+;
5 15 63000 -45000 1 0;
5 2 L02tx1;
5 11 L.L02TX1 54;
1 Bound 62000 -46000 72000 -44500;
( Rotate 90 );
9 ind;
C 0 R 0 1 T 72000 -47000;
(SymbolCall ind);
5 10 68 1 -62000 -56000 LPR01-;
5 10 60 0 -62000 -46000 LPR01+;
5 15 -61000 -47000 0 -1;
5 2 1.8199999999999998e-13;
5 11 L.LPR01 55;
1 Bound -62000 -56000 -60500 -46000;
9 ind;
C 0 T -63000 -56000;
(SymbolCall ind);
5 10 0 1 -120000 -66000 LP01RX3-;
5 10 62 0 -120000 -56000 LP01RX3+;
5 15 -119000 -57000 0 -1;
5 2 3.4e-13;
5 11 L.LP01RX3 56;
1 Bound -120000 -66000 -118500 -56000;
9 ind;
C 0 T -121000 -66000;
(SymbolCall ind);
5 10 0 1 -114000 -66000 LRB01RX3-;
5 10 63 0 -114000 -56000 LRB01RX3+;
5 15 -113000 -57000 0 -1;
5 2 LRB01rx3;
5 11 L.LRB01RX3 57;
1 Bound -114000 -66000 -112500 -56000;
9 ind;
C 0 T -115000 -66000;
(SymbolCall ind);
5 10 0 1 -94000 -66000 LP02RX3-;
5 10 64 0 -94000 -56000 LP02RX3+;
5 15 -93000 -57000 0 -1;
5 2 6e-14;
5 11 L.LP02RX3 58;
1 Bound -94000 -66000 -92500 -56000;
9 ind;
C 0 T -95000 -66000;
(SymbolCall ind);
5 10 0 1 -88000 -66000 LRB02RX3-;
5 10 65 0 -88000 -56000 LRB02RX3+;
5 15 -87000 -57000 0 -1;
5 2 LRB02rx3;
5 11 L.LRB02RX3 59;
1 Bound -88000 -66000 -86500 -56000;
9 ind;
C 0 T -89000 -66000;
(SymbolCall ind);
5 10 0 1 -78000 -66000 LP01-;
5 10 66 0 -78000 -56000 LP01+;
5 15 -77000 -57000 0 -1;
5 2 1.56e-13;
5 11 L.LP01 60;
1 Bound -78000 -66000 -76500 -56000;
9 ind;
C 0 T -79000 -66000;
(SymbolCall ind);
5 10 0 1 -72000 -66000 LRB01-;
5 10 67 0 -72000 -56000 LRB01+;
5 15 -71000 -57000 0 -1;
5 2 LRB01;
5 11 L.LRB01 61;
1 Bound -72000 -66000 -70500 -56000;
9 ind;
C 0 T -73000 -66000;
(SymbolCall ind);
5 10 0 1 4000 -66000 LP10-;
5 10 69 0 4000 -56000 LP10+;
5 15 5000 -57000 0 -1;
5 2 1.4599999999999998e-13;
5 11 L.LP10 62;
1 Bound 4000 -66000 5500 -56000;
9 ind;
C 0 T 3000 -66000;
(SymbolCall ind);
5 10 0 1 10000 -66000 LRB10-;
5 10 70 0 10000 -56000 LRB10+;
5 15 11000 -57000 0 -1;
5 2 LRB10;
5 11 L.LRB10 63;
1 Bound 10000 -66000 11500 -56000;
9 ind;
C 0 T 9000 -66000;
(SymbolCall ind);
5 10 0 1 30000 -66000 LP11-;
5 10 71 0 30000 -56000 LP11+;
5 15 31000 -57000 0 -1;
5 2 1.35e-13;
5 11 L.LP11 64;
1 Bound 30000 -66000 31500 -56000;
9 ind;
C 0 T 29000 -66000;
(SymbolCall ind);
5 10 0 1 36000 -66000 LRB11-;
5 10 72 0 36000 -56000 LRB11+;
5 15 37000 -57000 0 -1;
5 2 LRB11;
5 11 L.LRB11 65;
1 Bound 36000 -66000 37500 -56000;
9 ind;
C 0 T 35000 -66000;
(SymbolCall ind);
5 10 0 1 56000 -66000 LP01TX1-;
5 10 73 0 56000 -56000 LP01TX1+;
5 15 57000 -57000 0 -1;
5 2 5e-14;
5 11 L.LP01TX1 66;
1 Bound 56000 -66000 57500 -56000;
9 ind;
C 0 T 55000 -66000;
(SymbolCall ind);
5 10 0 1 62000 -66000 LRB01TX1-;
5 10 74 0 62000 -56000 LRB01TX1+;
5 15 63000 -57000 0 -1;
5 2 LRB01tx1;
5 11 L.LRB01TX1 67;
1 Bound 62000 -66000 63500 -56000;
9 ind;
C 0 T 61000 -66000;
(SymbolCall isrc);
5 10 26 1 -104000 40000 IB01RX1_1;
5 10 0 0 -104000 50000 IB01RX1_0;
5 15 -104000 44000 0 -1 @<name>[c];
5 2 pwl(0 0 5p IB01rx1);
5 11 I.IB01RX1 0;
5 5 nophys;
1 Bound -106000 40000 -102000 50000;
9 isrc;
C 0 T -106000 40000;
(SymbolCall isrc);
5 10 27 1 -78000 40000 IB03_1;
5 10 0 0 -78000 50000 IB03_0;
5 15 -78000 44000 0 -1 @<name>[c];
5 2 pwl(0 0 5p IB03);
5 11 I.IB03 1;
5 5 nophys;
1 Bound -80000 40000 -76000 50000;
9 isrc;
C 0 T -80000 40000;
(SymbolCall isrc);
5 10 30 1 4000 30000 IB04_1;
5 10 0 0 14000 30000 IB04_0;
5 15 8000 30000 -1 0 @<name>[c];
5 2 pwl(0 0 5p IB04);
5 11 I.IB04 2;
5 5 nophys;
1 Bound 4000 28000 14000 32000;
( Rotate 270 );
9 isrc;
C 0 R 0 -1 T 4000 32000;
(SymbolCall isrc);
5 10 40 1 -104000 4000 IB01RX2_1;
5 10 0 0 -104000 14000 IB01RX2_0;
5 15 -104000 8000 0 -1 @<name>[c];
5 2 pwl(0 0 5p IB01rx1);
5 11 I.IB01RX2 3;
5 5 nophys;
1 Bound -106000 4000 -102000 14000;
9 isrc;
C 0 T -106000 4000;
(SymbolCall isrc);
5 10 41 1 -69000 4000 IB02_1;
5 10 0 0 -69000 14000 IB02_0;
5 15 -69000 8000 0 -1 @<name>[c];
5 2 pwl(0 0 5p IB02);
5 5 nophys;
5 11 I.IB02 4;
1 Bound -71000 4000 -67000 14000;
9 isrc;
C 0 T -71000 4000;
(SymbolCall isrc);
5 10 53 1 -104000 -36000 IB01RX3_1;
5 10 0 0 -104000 -26000 IB01RX3_0;
5 15 -104000 -32000 0 -1 @<name>[c];
5 2 pwl(0 0 5p IB01rx3);
5 11 I.IB01RX3 5;
5 5 nophys;
1 Bound -106000 -36000 -102000 -26000;
9 isrc;
C 0 T -106000 -36000;
(SymbolCall isrc);
5 10 17 1 20000 -36000 IB06_1;
5 10 0 0 20000 -26000 IB06_0;
5 15 20000 -32000 0 -1 @<name>[c];
5 2 pwl(0 0 5p IB06);
5 11 I.IB06 6;
5 5 nophys;
1 Bound 18000 -36000 22000 -26000;
9 isrc;
C 0 T 18000 -36000;
(SymbolCall isrc);
5 10 55 1 46000 -36000 IB01TX1_1;
5 10 0 0 46000 -26000 IB01TX1_0;
5 15 46000 -32000 0 -1 @<name>[c];
5 2 pwl(0 0 5p IB01tx1);
5 11 I.IB01TX1 7;
5 5 nophys;
1 Bound 44000 -36000 48000 -26000;
9 isrc;
C 0 T 44000 -36000;
(SymbolCall isrc);
5 10 56 1 4000 -36000 IB05_1;
5 10 0 0 14000 -36000 IB05_0;
5 15 8000 -36000 -1 0 @<name>[c];
5 2 pwl(0 0 5p IB05);
5 11 I.IB05 8;
5 5 nophys;
1 Bound 4000 -38000 14000 -34000;
( Rotate 270 );
9 isrc;
C 0 R 0 -1 T 4000 -34000;
(SymbolCall isrc);
5 10 68 1 -62000 -56000 IB01_1;
5 10 0 0 -62000 -66000 IB01_0;
5 15 -62000 -60000 0 1 @<name>[c];
5 2 pwl(0 0 5p IB01);
5 11 I.IB01 9;
5 5 nophys;
1 Bound -64000 -66000 -60000 -56000;
( Rotate 180 );
9 isrc;
C 0 R -1 0 T -60000 -56000;
(SymbolCall jj);
5 1 jjmit;
5 10 75 2 -50000 29000 B07_2;
5 10 6 1 -42000 30000 B07-;
5 10 5 0 -52000 30000 B07+;
5 3 area=B07;
5 11 B.B07 0;
1 Bound -52000 28500 -42000 31500;
( Rotate 90 );
9 jj;
C 0 R 0 1 T -42000 29000;
(SymbolCall jj);
5 1 jjmit;
5 10 76 2 -121000 28000 B01RX1_2;
5 10 32 1 -120000 20000 B01RX1-;
5 10 7 0 -120000 30000 B01RX1+;
5 3 area=B01rx1;
5 11 B.B01RX1 1;
1 Bound -121500 20000 -118500 30000;
9 jj;
C 0 T -121000 20000;
(SymbolCall jj);
5 1 jjmit;
5 10 77 2 -95000 28000 B02RX1_2;
5 10 34 1 -94000 20000 B02RX1-;
5 10 8 0 -94000 30000 B02RX1+;
5 3 area=B02rx1;
5 11 B.B02RX1 2;
1 Bound -95500 20000 -92500 30000;
9 jj;
C 0 T -95000 20000;
(SymbolCall jj);
5 1 jjmit;
5 10 78 2 -79000 28000 B06_2;
5 10 36 1 -78000 20000 B06-;
5 10 9 0 -78000 30000 B06+;
5 3 area=B06;
5 11 B.B06 3;
1 Bound -79500 20000 -76500 30000;
9 jj;
C 0 T -79000 20000;
(SymbolCall jj);
5 1 jjmit;
5 10 79 2 -23000 28000 B08_2;
5 10 38 1 -22000 20000 B08-;
5 10 6 0 -22000 30000 B08+;
5 3 area=B08;
5 11 B.B08 4;
1 Bound -23500 20000 -20500 30000;
9 jj;
C 0 T -23000 20000;
(SymbolCall jj);
5 1 jjmit;
5 10 80 2 -50000 -7000 B04_2;
5 10 12 1 -42000 -6000 B04-;
5 10 11 0 -52000 -6000 B04+;
5 3 area=B04;
5 11 B.B04 5;
1 Bound -52000 -7500 -42000 -4500;
( Rotate 90 );
9 jj;
C 0 R 0 1 T -42000 -7000;
(SymbolCall jj);
5 1 jjmit;
5 10 81 2 -121000 -8000 B01RX2_2;
5 10 44 1 -120000 -16000 B01RX2-;
5 10 13 0 -120000 -6000 B01RX2+;
5 3 area=B01rx1;
5 11 B.B01RX2 6;
1 Bound -121500 -16000 -118500 -6000;
9 jj;
C 0 T -121000 -16000;
(SymbolCall jj);
5 1 jjmit;
5 10 82 2 -95000 -8000 B02RX2_2;
5 10 46 1 -94000 -16000 B02RX2-;
5 10 14 0 -94000 -6000 B02RX2+;
5 3 area=B02rx1;
5 11 B.B02RX2 7;
1 Bound -95500 -16000 -92500 -6000;
9 jj;
C 0 T -95000 -16000;
(SymbolCall jj);
5 1 jjmit;
5 10 83 2 -79000 -8000 B03_2;
5 10 48 1 -78000 -16000 B03-;
5 10 15 0 -78000 -6000 B03+;
5 3 area=B03;
5 11 B.B03 8;
1 Bound -79500 -16000 -76500 -6000;
9 jj;
C 0 T -79000 -16000;
(SymbolCall jj);
5 1 jjmit;
5 10 84 2 -23000 -8000 B05_2;
5 10 50 1 -22000 -16000 B05-;
5 10 12 0 -22000 -6000 B05+;
5 3 area=B05;
5 11 B.B05 9;
1 Bound -23500 -16000 -20500 -6000;
9 jj;
C 0 T -23000 -16000;
(SymbolCall jj);
5 1 jjmit;
5 10 85 2 -7000 -8000 B09_2;
5 10 16 1 -6000 -16000 B09-;
5 10 10 0 -6000 -6000 B09+;
5 3 area=B09;
5 11 B.B09 10;
1 Bound -7500 -16000 -4500 -6000;
9 jj;
C 0 T -7000 -16000;
(SymbolCall jj);
5 1 jjmit;
5 10 86 2 -50000 -47000 B02_2;
5 10 19 1 -42000 -46000 B02-;
5 10 18 0 -52000 -46000 B02+;
5 3 area=B02;
5 11 B.B02 11;
1 Bound -52000 -47500 -42000 -44500;
( Rotate 90 );
9 jj;
C 0 R 0 1 T -42000 -47000;
(SymbolCall jj);
5 1 jjmit;
5 10 87 2 -121000 -48000 B01RX3_2;
5 10 62 1 -120000 -56000 B01RX3-;
5 10 20 0 -120000 -46000 B01RX3+;
5 3 area=B01rx3;
5 11 B.B01RX3 12;
1 Bound -121500 -56000 -118500 -46000;
9 jj;
C 0 T -121000 -56000;
(SymbolCall jj);
5 1 jjmit;
5 10 88 2 -95000 -48000 B02RX3_2;
5 10 64 1 -94000 -56000 B02RX3-;
5 10 21 0 -94000 -46000 B02RX3+;
5 3 area=B02rx3;
5 11 B.B02RX3 13;
1 Bound -95500 -56000 -92500 -46000;
9 jj;
C 0 T -95000 -56000;
(SymbolCall jj);
5 1 jjmit;
5 10 89 2 -79000 -48000 B01_2;
5 10 66 1 -78000 -56000 B01-;
5 10 22 0 -78000 -46000 B01+;
5 3 area=B01;
5 11 B.B01 14;
1 Bound -79500 -56000 -76500 -46000;
9 jj;
C 0 T -79000 -56000;
(SymbolCall jj);
5 1 jjmit;
5 10 90 2 3000 -48000 B10_2;
5 10 69 1 4000 -56000 B10-;
5 10 23 0 4000 -46000 B10+;
5 3 area=B10;
5 11 B.B10 15;
1 Bound 2500 -56000 5500 -46000;
9 jj;
C 0 T 3000 -56000;
(SymbolCall jj);
5 1 jjmit;
5 10 91 2 29000 -48000 B11_2;
5 10 71 1 30000 -56000 B11-;
5 10 24 0 30000 -46000 B11+;
5 3 area=B11;
5 11 B.B11 16;
1 Bound 28500 -56000 31500 -46000;
9 jj;
C 0 T 29000 -56000;
(SymbolCall jj);
5 1 jjmit;
5 10 92 2 55000 -48000 B01TX1_2;
5 10 73 1 56000 -56000 B01TX1-;
5 10 25 0 56000 -46000 B01TX1+;
5 3 area=B01tx1;
5 11 B.B01TX1 17;
1 Bound 54500 -56000 57500 -46000;
9 jj;
C 0 T 55000 -56000;
(SymbolCall res);
5 10 29 1 -42000 36000 RB07-;
5 10 5 0 -52000 36000 RB07+;
5 15 -51000 35000 1 0 "<v>/<value>O";
5 1 RB07;
5 11 R.RB07 0;
1 Bound -52000 34750 -42000 37000;
( Rotate 90 );
9 res;
C 0 R 0 1 T -52000 36000;
(SymbolCall res);
5 10 33 1 -114000 20000 RB01RX1-;
5 10 7 0 -114000 30000 RB01RX1+;
5 15 -115000 29000 0 -1 "<v>/<value>O";
5 1 RB01rx1;
5 11 R.RB01RX1 1;
1 Bound -115250 20000 -113000 30000;
9 res;
C 0 T -114000 30000;
(SymbolCall res);
5 10 35 1 -88000 20000 RB02RX1-;
5 10 8 0 -88000 30000 RB02RX1+;
5 15 -89000 29000 0 -1 "<v>/<value>O";
5 1 RB02rx1;
5 11 R.RB02RX1 2;
1 Bound -89250 20000 -87000 30000;
9 res;
C 0 T -88000 30000;
(SymbolCall res);
5 10 37 1 -64000 20000 RB06-;
5 10 9 0 -64000 30000 RB06+;
5 15 -65000 29000 0 -1 "<v>/<value>O";
5 1 RB06;
5 11 R.RB06 3;
1 Bound -65250 20000 -63000 30000;
9 res;
C 0 T -64000 30000;
(SymbolCall res);
5 10 39 1 -16000 20000 RB08-;
5 10 6 0 -16000 30000 RB08+;
5 15 -17000 29000 0 -1 "<v>/<value>O";
5 1 RB08;
5 11 R.RB08 4;
1 Bound -17250 20000 -15000 30000;
9 res;
C 0 T -16000 30000;
(SymbolCall res);
5 10 43 1 -42000 0 RB04-;
5 10 11 0 -52000 0 RB04+;
5 15 -51000 -1000 1 0 "<v>/<value>O";
5 1 RB04;
5 11 R.RB04 5;
1 Bound -52000 -1250 -42000 1000;
( Rotate 90 );
9 res;
C 0 R 0 1 T -52000 0;
(SymbolCall res);
5 10 45 1 -114000 -16000 RB01RX2-;
5 10 13 0 -114000 -6000 RB01RX2+;
5 15 -115000 -7000 0 -1 "<v>/<value>O";
5 1 RB01rx2;
5 11 R.RB01RX2 6;
1 Bound -115250 -16000 -113000 -6000;
9 res;
C 0 T -114000 -6000;
(SymbolCall res);
5 10 47 1 -88000 -16000 RB02RX2-;
5 10 14 0 -88000 -6000 RB02RX2+;
5 15 -89000 -7000 0 -1 "<v>/<value>O";
5 1 RB02rx2;
5 11 R.RB02RX2 7;
1 Bound -89250 -16000 -87000 -6000;
9 res;
C 0 T -88000 -6000;
(SymbolCall res);
5 10 49 1 -69000 -16000 RB03-;
5 10 15 0 -69000 -6000 RB03+;
5 15 -70000 -7000 0 -1 "<v>/<value>O";
5 1 RB03;
5 11 R.RB03 8;
1 Bound -70250 -16000 -68000 -6000;
9 res;
C 0 T -69000 -6000;
(SymbolCall res);
5 10 51 1 -16000 -16000 RB05-;
5 10 12 0 -16000 -6000 RB05+;
5 15 -17000 -7000 0 -1 "<v>/<value>O";
5 1 RB05;
5 11 R.RB05 9;
1 Bound -17250 -16000 -15000 -6000;
9 res;
C 0 T -16000 -6000;
(SymbolCall res);
5 10 52 1 0 -16000 RB09-;
5 10 10 0 0 -6000 RB09+;
5 15 -1000 -7000 0 -1 "<v>/<value>O";
5 1 RB09;
5 11 R.RB09 10;
1 Bound -1250 -16000 1000 -6000;
9 res;
C 0 T 0 -6000;
(SymbolCall res);
5 10 59 1 -42000 -40000 RB02-;
5 10 18 0 -52000 -40000 RB02+;
5 15 -51000 -41000 1 0 "<v>/<value>O";
5 1 RB02;
5 11 R.RB02 11;
1 Bound -52000 -41250 -42000 -39000;
( Rotate 90 );
9 res;
C 0 R 0 1 T -52000 -40000;
(SymbolCall res);
5 10 4 1 82000 -46000 RINSTX1-;
5 10 61 0 72000 -46000 RINSTX1+;
5 15 73000 -47000 1 0 "<v>/<value>O";
5 2 1.36;
5 11 R.RINSTX1 12;
1 Bound 72000 -47250 82000 -45000;
( Rotate 90 );
9 res;
C 0 R 0 1 T 72000 -46000;
(SymbolCall res);
5 10 63 1 -114000 -56000 RB01RX3-;
5 10 20 0 -114000 -46000 RB01RX3+;
5 15 -115000 -47000 0 -1 "<v>/<value>O";
5 1 RB01rx3;
5 11 R.RB01RX3 13;
1 Bound -115250 -56000 -113000 -46000;
9 res;
C 0 T -114000 -46000;
(SymbolCall res);
5 10 65 1 -88000 -56000 RB02RX3-;
5 10 21 0 -88000 -46000 RB02RX3+;
5 15 -89000 -47000 0 -1 "<v>/<value>O";
5 1 RB02rx3;
5 11 R.RB02RX3 14;
1 Bound -89250 -56000 -87000 -46000;
9 res;
C 0 T -88000 -46000;
(SymbolCall res);
5 10 67 1 -72000 -56000 RB01-;
5 10 22 0 -72000 -46000 RB01+;
5 15 -73000 -47000 0 -1 "<v>/<value>O";
5 1 RB01;
5 11 R.RB01 15;
1 Bound -73250 -56000 -71000 -46000;
9 res;
C 0 T -72000 -46000;
(SymbolCall res);
5 10 70 1 10000 -56000 RB10-;
5 10 23 0 10000 -46000 RB10+;
5 15 9000 -47000 0 -1 "<v>/<value>O";
5 1 RB10;
5 11 R.RB10 16;
1 Bound 8750 -56000 11000 -46000;
9 res;
C 0 T 10000 -46000;
(SymbolCall res);
5 10 72 1 36000 -56000 RB11-;
5 10 24 0 36000 -46000 RB11+;
5 15 35000 -47000 0 -1 "<v>/<value>O";
5 1 RB11;
5 11 R.RB11 17;
1 Bound 34750 -56000 37000 -46000;
9 res;
C 0 T 36000 -46000;
(SymbolCall res);
5 10 74 1 62000 -56000 RB01TX1-;
5 10 25 0 62000 -46000 RB01TX1+;
5 15 61000 -47000 0 -1 "<v>/<value>O";
5 1 RB01tx1;
5 11 R.RB01TX1 18;
1 Bound 60750 -56000 63000 -46000;
9 res;
C 0 T 62000 -46000;
L SCED;
5 10 5;
W2 0 -52000 36000 -52000 30000;
5 10 6;
W2 0 -42000 30000 -32000 30000 -32000 36000;
5 10 7;
W2 0 -120000 30000 -114000 30000;
5 10 8;
W2 0 -94000 30000 -88000 30000;
5 10 9;
W2 0 -78000 30000 -64000 30000 -62000 30000;
5 10 6;
W2 0 -32000 30000 -22000 30000 -16000 30000;
5 10 10;
W2 0 -6000 20000 -6000 -6000 0 -6000;
5 10 11;
W2 0 -52000 0 -52000 -6000;
5 10 12;
W2 0 -42000 -6000 -32000 -6000 -32000 0;
5 10 13;
W2 0 -120000 -6000 -114000 -6000;
5 10 14;
W2 0 -94000 -6000 -88000 -6000;
5 10 15;
W2 0 -78000 -6000 -69000 -6000 -62000 -6000;
5 10 12;
W2 0 -32000 -6000 -22000 -6000 -16000 -6000;
5 10 16;
W2 0 -6000 -16000 -6000 -26000 0 -26000;
5 10 17;
W2 0 20000 -36000 20000 -46000;
5 10 18;
W2 0 -52000 -40000 -52000 -46000;
5 10 19;
W2 0 -42000 -46000 -32000 -46000 -32000 -40000;
5 10 20;
W2 0 -120000 -46000 -114000 -46000;
5 10 21;
W2 0 -94000 -46000 -88000 -46000;
5 10 22;
W2 0 -78000 -46000 -72000 -46000;
5 10 19;
W2 0 -32000 -46000 -16000 -46000;
5 10 23;
W2 0 4000 -46000 10000 -46000;
5 10 24;
W2 0 30000 -46000 36000 -46000;
5 10 25;
W2 0 46000 -46000 56000 -46000 62000 -46000;
L NAME;
5 16 I 0 11;
94 <<IB01RX1>> -106250 48750 320 3525 1000;
5 16 I 1 11;
94 <<IB03>> -80250 48750 320 2175 1000;
5 16 L 0 11;
94 <<LPR01RX1>> -104250 38750 320 4425 1000;
5 16 L 1 11;
94 <<LPR03>> -78250 38750 320 3075 1000;
5 16 L 2 11;
94 <<LRB07>> -41750 37750 0 3075 1000;
5 16 R 0 11;
94 <<RB07>> -51750 37250 0 2475 1000;
5 16 I 2 11;
94 <<IB04>> 4250 32250 0 2175 1000;
5 16 L 3 11;
94 <<L01RX1>> -129750 31750 0 3225 1000;
5 16 L 4 11;
94 <<L02RX1>> -113750 31750 0 3450 1000;
5 16 L 5 11;
94 <<L03RX1>> -103750 31750 0 3450 1000;
5 16 L 6 11;
94 <<L05>> -87750 31750 0 1875 1000;
5 16 L 7 11;
94 <<L06>> -61750 31750 0 1875 1000;
5 16 B 0 11;
94 <<B07>> -51750 31750 0 1875 1000;
5 16 L 8 11;
94 <<L14>> -15750 31750 0 1650 1000;
5 16 L 9 11;
94 <<LPR04>> -5750 30250 0 3075 1000;
5 16 B 1 11;
94 <<B01RX1>> -121750 28750 320 3225 1000;
5 16 R 1 11;
94 <<RB01RX1>> -115500 28750 320 3825 1000;
5 16 B 2 11;
94 <<B02RX1>> -95750 28750 320 3450 1000;
5 16 R 2 11;
94 <<RB02RX1>> -89500 28750 320 4050 1000;
5 16 B 3 11;
94 <<B06>> -79750 28750 320 1875 1000;
5 16 R 3 11;
94 <<RB06>> -65500 28750 320 2475 1000;
5 16 B 4 11;
94 <<B08>> -23750 28750 320 1875 1000;
5 16 R 4 11;
94 <<RB08>> -17500 28750 320 2475 1000;
5 16 L 10 11;
94 <<L07>> -6250 28750 320 1875 1000;
5 16 L 11 11;
94 <<LP01RX1>> -120250 18750 320 3825 1000;
5 16 L 12 11;
94 <<LRB01RX1>> -114250 18750 320 4425 1000;
5 16 L 13 11;
94 <<LP02RX1>> -94250 18750 320 4050 1000;
5 16 L 14 11;
94 <<LRB02RX1>> -88250 18750 320 4650 1000;
5 16 L 15 11;
94 <<LP06>> -78250 18750 320 2475 1000;
5 16 L 16 11;
94 <<LRB06>> -64250 18750 320 3075 1000;
5 16 L 17 11;
94 <<LP08>> -22250 18750 320 2475 1000;
5 16 L 18 11;
94 <<LRB08>> -16250 18750 320 3075 1000;
5 16 I 3 11;
94 <<IB01RX2>> -106250 12750 320 3750 1000;
5 16 I 4 11;
94 <<IB02>> -72000 12750 320 2175 1000;
5 16 L 19 11;
94 <<LPR01RX2>> -104250 2750 320 4650 1000;
5 16 L 20 11;
94 <<LPR02>> -69250 2750 320 3075 1000;
5 16 L 21 11;
94 <<LRB04>> -41750 1750 0 3075 1000;
5 16 R 5 11;
94 <<RB04>> -51750 1250 0 2475 1000;
5 16 L 22 11;
94 <<L01RX2>> -129750 -4250 0 3450 1000;
5 16 L 23 11;
94 <<L02RX2>> -113750 -4250 0 3675 1000;
5 16 L 24 11;
94 <<L03RX2>> -103750 -4250 0 3675 1000;
5 16 L 25 11;
94 <<L03>> -87750 -4250 0 1875 1000;
5 16 L 26 11;
94 <<L04>> -61750 -4250 0 1875 1000;
5 16 B 5 11;
94 <<B04>> -51750 -4250 0 1875 1000;
5 16 L 27 11;
94 <<L08>> -15750 -4250 0 1875 1000;
5 16 B 6 11;
94 <<B01RX2>> -121750 -7250 320 3450 1000;
5 16 R 6 11;
94 <<RB01RX2>> -115500 -7250 320 4050 1000;
5 16 B 7 11;
94 <<B02RX2>> -95750 -7250 320 3675 1000;
5 16 R 7 11;
94 <<RB02RX2>> -89500 -7250 320 4275 1000;
5 16 B 8 11;
94 <<B03>> -79750 -7250 320 1875 1000;
5 16 R 8 11;
94 <<RB03>> -70500 -7250 320 2475 1000;
5 16 B 9 11;
94 <<B05>> -23750 -7250 320 1875 1000;
5 16 R 9 11;
94 <<RB05>> -17500 -7250 320 2475 1000;
5 16 B 10 11;
94 <<B09>> -7750 -7250 320 1875 1000;
5 16 R 10 11;
94 <<RB09>> -1500 -7250 320 2475 1000;
5 16 L 28 11;
94 <<LP01RX2>> -120250 -17250 320 4050 1000;
5 16 L 29 11;
94 <<LRB01RX2>> -114250 -17250 320 4650 1000;
5 16 L 30 11;
94 <<LP02RX2>> -94250 -17250 320 4275 1000;
5 16 L 31 11;
94 <<LRB02RX2>> -88250 -17250 320 4875 1000;
5 16 L 32 11;
94 <<LP03>> -78250 -17250 320 2475 1000;
5 16 L 33 11;
94 <<LRB03>> -69250 -17250 320 3075 1000;
5 16 L 34 11;
94 <<LP05>> -22250 -17250 320 2475 1000;
5 16 L 35 11;
94 <<LRB05>> -16250 -17250 320 3075 1000;
5 16 L 36 11;
94 <<LRB09>> -250 -17250 320 3075 1000;
5 16 I 5 11;
94 <<IB01RX3>> -106250 -27250 320 3750 1000;
5 16 L 37 11;
94 <<L09>> -6250 -27250 320 1875 1000;
5 16 I 6 11;
94 <<IB06>> 17750 -27250 320 2175 1000;
5 16 I 7 11;
94 <<IB01TX1>> 43750 -27250 320 3525 1000;
5 16 I 8 11;
94 <<IB05>> 4250 -33750 0 2175 1000;
5 16 L 38 11;
94 <<LPR05>> -5750 -34250 0 3075 1000;
5 16 L 42 11;
94 <<LRB02>> -41750 -37500 0 3075 1000;
5 16 L 39 11;
94 <<LPR01RX3>> -104250 -37250 320 4650 1000;
5 16 L 40 11;
94 <<L10>> -6250 -37250 320 1650 1000;
5 16 L 41 11;
94 <<LPR01TX1>> 45750 -37250 320 4425 1000;
5 16 R 11 11;
94 <<RB02>> -51750 -38750 0 2475 1000;
5 16 L 52 11;
94 <<L17>> 17125 -43500 0 1650 1000;
5 16 L 43 11;
94 <<L01RX3>> -129750 -44250 0 3450 1000;
5 16 L 44 11;
94 <<L02RX3>> -113750 -44250 0 3675 1000;
5 16 L 45 11;
94 <<L03RX3>> -103750 -44250 0 3675 1000;
5 16 L 46 11;
94 <<L01>> -87750 -44250 0 1650 1000;
5 16 L 47 11;
94 <<L15>> -71750 -44250 0 1650 1000;
5 16 L 48 11;
94 <<L16>> -61750 -44250 0 1650 1000;
5 16 B 11 11;
94 <<B02>> -51750 -44250 0 1875 1000;
5 16 L 49 11;
94 <<L02>> -15750 -44250 0 1875 1000;
5 16 L 50 11;
94 <<L13>> -5750 -44250 0 1650 1000;
5 16 L 51 11;
94 <<L11>> 10250 -44250 0 1425 1000;
5 16 L 53 11;
94 <<L01TX1>> 36250 -44250 0 3225 1000;
5 16 L 54 11;
94 <<L02TX1>> 62250 -44250 0 3450 1000;
5 16 R 12 11;
94 <<RINSTX1>> 72250 -44750 0 3750 1000;
5 16 B 12 11;
94 <<B01RX3>> -121750 -47250 320 3450 1000;
5 16 R 13 11;
94 <<RB01RX3>> -115500 -47250 320 4050 1000;
5 16 B 13 11;
94 <<B02RX3>> -95750 -47250 320 3675 1000;
5 16 R 14 11;
94 <<RB02RX3>> -89500 -47250 320 4275 1000;
5 16 B 14 11;
94 <<B01>> -79750 -47250 320 1650 1000;
5 16 R 15 11;
94 <<RB01>> -73500 -47250 320 2250 1000;
5 16 L 55 11;
94 <<LPR01>> -62250 -47250 320 2850 1000;
5 16 B 15 11;
94 <<B10>> 2250 -47250 320 1650 1000;
5 16 R 16 11;
94 <<RB10>> 8500 -47250 320 2250 1000;
5 16 B 16 11;
94 <<B11>> 28250 -47250 320 1425 1000;
5 16 R 17 11;
94 <<RB11>> 34500 -47250 320 2025 1000;
5 16 B 17 11;
94 <<B01TX1>> 54250 -47250 320 3225 1000;
5 16 R 18 11;
94 <<RB01TX1>> 60500 -47250 320 3825 1000;
5 16 L 56 11;
94 <<LP01RX3>> -120250 -57250 320 4050 1000;
5 16 L 57 11;
94 <<LRB01RX3>> -114250 -57250 320 4650 1000;
5 16 L 58 11;
94 <<LP02RX3>> -94250 -57250 320 4275 1000;
5 16 L 59 11;
94 <<LRB02RX3>> -88250 -57250 320 4875 1000;
5 16 L 60 11;
94 <<LP01>> -78250 -57250 320 2250 1000;
5 16 L 61 11;
94 <<LRB01>> -72250 -57250 320 2850 1000;
5 16 I 9 11;
94 <<IB01>> -64250 -57250 320 1950 1000;
5 16 L 62 11;
94 <<LP10>> 3750 -57250 320 2250 1000;
5 16 L 63 11;
94 <<LRB10>> 9750 -57250 320 2850 1000;
5 16 L 64 11;
94 <<LP11>> 29750 -57250 320 2025 1000;
5 16 L 65 11;
94 <<LRB11>> 35750 -57250 320 2625 1000;
5 16 L 66 11;
94 <<LP01TX1>> 55750 -57250 320 3825 1000;
5 16 L 67 11;
94 <<LRB01TX1>> 61750 -57250 320 4425 1000;
L MODL;
5 16 R 0 1;
94 <<RB07>> -42250 34500 320 2475 1000;
5 16 B 1 1;
94 <<jjmit>> -118250 29750 256 2550 1000;
5 16 R 1 1;
94 <<RB01rx1>> -112750 29750 256 3750 1000;
5 16 B 2 1;
94 <<jjmit>> -92250 29750 256 2550 1000;
5 16 R 2 1;
94 <<RB02rx1>> -86750 29750 256 3975 1000;
5 16 B 3 1;
94 <<jjmit>> -76250 29750 256 2550 1000;
5 16 R 3 1;
94 <<RB06>> -62750 29750 256 2475 1000;
5 16 B 4 1;
94 <<jjmit>> -20250 29750 256 2550 1000;
5 16 R 4 1;
94 <<RB08>> -14750 29750 256 2475 1000;
5 16 B 0 1;
94 <<jjmit>> -42250 28250 320 2550 1000;
5 16 R 5 1;
94 <<RB04>> -42250 -1500 320 2475 1000;
5 16 B 6 1;
94 <<jjmit>> -118250 -6250 256 2550 1000;
5 16 R 6 1;
94 <<RB01rx2>> -112750 -6250 256 3975 1000;
5 16 B 7 1;
94 <<jjmit>> -92250 -6250 256 2550 1000;
5 16 R 7 1;
94 <<RB02rx2>> -86750 -6250 256 4200 1000;
5 16 B 8 1;
94 <<jjmit>> -76250 -6250 256 2550 1000;
5 16 R 8 1;
94 <<RB03>> -67750 -6250 256 2475 1000;
5 16 B 9 1;
94 <<jjmit>> -20250 -6250 256 2550 1000;
5 16 R 9 1;
94 <<RB05>> -14750 -6250 256 2475 1000;
5 16 B 10 1;
94 <<jjmit>> -4250 -6250 256 2550 1000;
5 16 R 10 1;
94 <<RB09>> 1250 -6250 256 2475 1000;
5 16 B 5 1;
94 <<jjmit>> -42250 -7750 320 2550 1000;
5 16 R 11 1;
94 <<RB02>> -42250 -41500 320 2475 1000;
5 16 B 12 1;
94 <<jjmit>> -118250 -46250 256 2550 1000;
5 16 R 13 1;
94 <<RB01rx3>> -112750 -46250 256 3975 1000;
5 16 B 13 1;
94 <<jjmit>> -92250 -46250 256 2550 1000;
5 16 R 14 1;
94 <<RB02rx3>> -86750 -46250 256 4200 1000;
5 16 B 14 1;
94 <<jjmit>> -76250 -46250 256 2550 1000;
5 16 R 15 1;
94 <<RB01>> -70750 -46250 256 2250 1000;
5 16 B 15 1;
94 <<jjmit>> 5750 -46250 256 2550 1000;
5 16 R 16 1;
94 <<RB10>> 11250 -46250 256 2250 1000;
5 16 B 16 1;
94 <<jjmit>> 31750 -46250 256 2550 1000;
5 16 R 17 1;
94 <<RB11>> 37250 -46250 256 2025 1000;
5 16 B 17 1;
94 <<jjmit>> 57750 -46250 256 2550 1000;
5 16 R 18 1;
94 <<RB01tx1>> 63250 -46250 256 3675 1000;
5 16 B 11 1;
94 <<jjmit>> -42250 -47750 320 2550 1000;
L VALU;
5 16 I 0 2;
94 <<pwl(0 0 5p IB01rx1)>> -101750 49750 33024 9750 1000;
5 16 I 1 2;
94 <<pwl(0 0 5p IB03)>> -75750 49750 33024 8475 1000;
5 16 L 0 2;
94 <<2e-13>> -102250 39750 33024 2850 1000;
5 16 L 1 2;
94 <<1.85e-13>> -76250 39750 33024 4050 1000;
5 16 L 2 2;
94 <<LRB07>> -32250 35750 33088 3075 1000;
5 16 L 3 2;
94 <<L01rx1>> -120250 29750 33088 3150 1000;
5 16 L 4 2;
94 <<L02rx1>> -104250 29750 33088 3375 1000;
5 16 L 5 2;
94 <<L03rx1>> -94250 29750 33088 3375 1000;
5 16 L 6 2;
94 <<L05>> -78250 29750 33088 1875 1000;
5 16 L 7 2;
94 <<L06>> -52250 29750 33088 1875 1000;
5 16 L 8 2;
94 <<L14>> -6250 29750 33088 1650 1000;
5 16 L 10 2;
94 <<L07>> -4250 29750 33024 1875 1000;
5 16 L 9 2;
94 <<2.5059999999999996e-12>> 3750 28250 33088 12675 1000;
5 16 I 2 2;
94 <<pwl(0 0 5p IB04)>> 13750 27750 33088 8475 1000;
5 16 L 11 2;
94 <<3.4e-13>> -118250 19750 33024 3675 1000;
5 16 L 12 2;
94 <<LRB01rx1>> -112250 19750 33024 4350 1000;
5 16 L 13 2;
94 <<6e-14>> -92250 19750 33024 2850 1000;
5 16 L 14 2;
94 <<LRB02rx1>> -86250 19750 33024 4575 1000;
5 16 I 4 2;
94 <<pwl(0 0 5p IB02)>> -78750 19750 33024 8475 1000;
5 16 L 15 2;
94 <<1.3300000000000001e-13>> -76250 19750 33024 12225 1000;
5 16 L 16 2;
94 <<LRB06>> -62250 19750 33024 3075 1000;
5 16 L 17 2;
94 <<2.16e-13>> -20250 19750 33024 4050 1000;
5 16 L 18 2;
94 <<LRB08>> -14250 19750 33024 3075 1000;
5 16 I 3 2;
94 <<pwl(0 0 5p IB01rx1)>> -101750 13750 33024 9750 1000;
5 16 L 19 2;
94 <<2e-13>> -102250 3750 33024 2850 1000;
5 16 L 20 2;
94 <<1.53e-13>> -67250 3750 33024 4050 1000;
5 16 L 21 2;
94 <<LRB04>> -32250 -250 33088 3075 1000;
5 16 L 22 2;
94 <<L01rx1>> -120250 -6250 33088 3150 1000;
5 16 L 23 2;
94 <<L02rx1>> -104250 -6250 33088 3375 1000;
5 16 L 24 2;
94 <<L03rx1>> -94250 -6250 33088 3375 1000;
5 16 L 25 2;
94 <<L03>> -78250 -6250 33088 1875 1000;
5 16 L 26 2;
94 <<L04>> -52250 -6250 33088 1875 1000;
5 16 L 27 2;
94 <<L08>> -6250 -6250 33088 1875 1000;
5 16 L 28 2;
94 <<3.4e-13>> -118250 -16250 33024 3675 1000;
5 16 L 29 2;
94 <<LRB01rx1>> -112250 -16250 33024 4350 1000;
5 16 L 30 2;
94 <<6e-14>> -92250 -16250 33024 2850 1000;
5 16 L 31 2;
94 <<LRB02rx2>> -86250 -16250 33024 4800 1000;
5 16 L 32 2;
94 <<1.35e-13>> -76250 -16250 33024 4050 1000;
5 16 L 33 2;
94 <<LRB03>> -67250 -16250 33024 3075 1000;
5 16 L 34 2;
94 <<1.4599999999999998e-13>> -20250 -16250 33024 12450 1000;
5 16 L 35 2;
94 <<LRB05>> -14250 -16250 33024 3075 1000;
5 16 L 36 2;
94 <<LRB09>> 1750 -16250 33024 3075 1000;
5 16 I 5 2;
94 <<pwl(0 0 5p IB01rx3)>> -101750 -26250 33024 9975 1000;
5 16 L 37 2;
94 <<L09>> -4250 -26250 33024 1875 1000;
5 16 I 6 2;
94 <<pwl(0 0 5p IB06)>> 22250 -26250 33024 8475 1000;
5 16 I 7 2;
94 <<pwl(0 0 5p IB01tx1)>> 48250 -26250 33024 9675 1000;
5 16 L 39 2;
94 <<2e-13>> -102250 -36250 33024 2850 1000;
5 16 L 40 2;
94 <<L10>> -4250 -36250 33024 1650 1000;
5 16 L 38 2;
94 <<3.4e-14>> 3750 -36250 33088 3675 1000;
5 16 L 41 2;
94 <<2e-13>> 47750 -36250 33024 2850 1000;
5 16 I 8 2;
94 <<pwl(0 0 5p IB05)>> 13750 -38250 33088 8475 1000;
5 16 L 42 2;
94 <<LRB02>> -32250 -40250 33088 3075 1000;
5 16 L 43 2;
94 <<L01rx3>> -120250 -46250 33088 3375 1000;
5 16 L 44 2;
94 <<L02rx3>> -104250 -46250 33088 3600 1000;
5 16 L 45 2;
94 <<L03rx3>> -94250 -46250 33088 3600 1000;
5 16 L 46 2;
94 <<L01>> -78250 -46250 33088 1650 1000;
5 16 L 47 2;
94 <<L15>> -62250 -46250 33088 1650 1000;
5 16 L 55 2;
94 <<1.8199999999999998e-13>> -60250 -46250 33024 12225 1000;
5 16 L 48 2;
94 <<L16>> -52250 -46250 33088 1650 1000;
5 16 L 49 2;
94 <<L02>> -6250 -46250 33088 1875 1000;
5 16 L 50 2;
94 <<L13>> 3750 -46250 33088 1650 1000;
5 16 L 51 2;
94 <<L11>> 19750 -46250 33088 1425 1000;
5 16 L 52 2;
94 <<L17>> 29750 -46250 33088 1650 1000;
5 16 L 53 2;
94 <<L01tx1>> 45750 -46250 33088 3075 1000;
5 16 L 54 2;
94 <<L02tx1>> 71750 -46250 33088 3300 1000;
5 16 R 12 2;
94 <<1.36>> 81750 -47500 33088 1875 1000;
5 16 L 56 2;
94 <<3.4e-13>> -118250 -56250 33024 3675 1000;
5 16 L 57 2;
94 <<LRB01rx3>> -112250 -56250 33024 4575 1000;
5 16 L 58 2;
94 <<6e-14>> -92250 -56250 33024 2850 1000;
5 16 L 59 2;
94 <<LRB02rx3>> -86250 -56250 33024 4800 1000;
5 16 L 60 2;
94 <<1.56e-13>> -76250 -56250 33024 4050 1000;
5 16 L 61 2;
94 <<LRB01>> -70250 -56250 33024 2850 1000;
5 16 I 9 2;
94 <<pwl(0 0 5p IB01)>> -59750 -56250 33024 8250 1000;
5 16 L 62 2;
94 <<1.4599999999999998e-13>> 5750 -56250 33024 12450 1000;
5 16 L 63 2;
94 <<LRB10>> 11750 -56250 33024 2850 1000;
5 16 L 64 2;
94 <<1.35e-13>> 31750 -56250 33024 4050 1000;
5 16 L 65 2;
94 <<LRB11>> 37750 -56250 33024 2625 1000;
5 16 L 66 2;
94 <<5e-14>> 57750 -56250 33024 2850 1000;
5 16 L 67 2;
94 <<LRB01tx1>> 63750 -56250 33024 4275 1000;
L PARM;
5 16 B 3 3;
94 <<area=B06>> -77250 27250 32768 4800 1000;
5 16 B 0 3;
94 <<area=B07>> -51750 27250 33024 4800 1000;
5 16 B 1 3;
94 <<area=B01rx1>> -118250 20250 32768 6075 1000;
5 16 B 2 3;
94 <<area=B02rx1>> -92250 20250 32768 6300 1000;
5 16 B 4 3;
94 <<area=B08>> -20250 20250 32768 4800 1000;
5 16 B 5 3;
94 <<area=B04>> -51750 -8750 33024 4800 1000;
5 16 B 6 3;
94 <<area=B01rx1>> -118250 -15750 32768 6075 1000;
5 16 B 7 3;
94 <<area=B02rx1>> -92250 -15750 32768 6300 1000;
5 16 B 8 3;
94 <<area=B03>> -76250 -15750 32768 4800 1000;
5 16 B 9 3;
94 <<area=B05>> -20250 -15750 32768 4800 1000;
5 16 B 10 3;
94 <<area=B09>> -4250 -15750 32768 4800 1000;
5 16 B 11 3;
94 <<area=B02>> -51750 -48750 33024 4800 1000;
5 16 B 12 3;
94 <<area=B01rx3>> -118250 -55750 32768 6300 1000;
5 16 B 13 3;
94 <<area=B02rx3>> -92250 -55750 32768 6525 1000;
5 16 B 14 3;
94 <<area=B01>> -76250 -55750 32768 4575 1000;
5 16 B 15 3;
94 <<area=B10>> 5750 -55750 32768 4575 1000;
5 16 B 16 3;
94 <<area=B11>> 31750 -55750 32768 4350 1000;
5 16 B 17 3;
94 <<area=B01tx1>> 57750 -55750 32768 6000 1000;
L SPTX;
94 <<.include MITLL_NDROT_models.inc>> -130700 159800 0 16425 1000;
94 <<.param Scaling=1.0>> -130700 158800 0 9225 1000;
94 <<.param B0=1>> -130700 157800 0 6000 1000;
94 <<.param Ic0=0.0001>> -130700 156800 0 8925 1000;
94 <<.param IcRs=100u*6.859904418>> -130700 155800 0 15300 1000;
94 <<.param B0Rs=IcRs/Ic0*B0>> -130700 154800 0 12825 1000;
94 <<.param Rsheet=2 >> -130700 153800 0 9150 1000;
94 <<.param Lsheet=1.13e-12 >> -130700 152800 0 12300 1000;
94 <<.param B01=2.1788399302058328*Scaling>> -130700 151800 0 20400 1000;
94 <<.param B01rx1=0.8596715235590455*Scaling>> -130700 150800 0 21900 1000;
94 <<.param B01rx3=0.9892029833667483*Scaling>> -130700 149800 0 22350 1000;
94 <<.param B01tx1=2.3613474994575965*Scaling>> -130700 148800 0 21825 1000;
94 <<.param B02=1.6498418078316253*Scaling>> -130700 147800 0 20175 1000;
94 <<.param B02rx1=1.0002064168816702*Scaling>> -130700 146800 0 21675 1000;
94 <<.param B02rx3=0.9426302107353123*Scaling>> -130700 145800 0 22125 1000;
94 <<.param B03=2.346444294038123*Scaling>> -130700 144800 0 20025 1000;
94 <<.param B04=1.959719668899844*Scaling>> -130700 143800 0 19800 1000;
94 <<.param B05=2.8367568100690996*Scaling>> -130700 142800 0 20625 1000;
94 <<.param B06=1.9079333820062683*Scaling>> -130700 141800 0 20625 1000;
94 <<.param B07=1.774936463415763*Scaling>> -130700 140800 0 19800 1000;
94 <<.param B08=1.161873602860789*Scaling>> -130700 139800 0 19575 1000;
94 <<.param B09=0.7782136162931658*Scaling>> -130700 138800 0 20175 1000;
94 <<.param B10=1.6312905658688257*Scaling>> -130700 137800 0 20175 1000;
94 <<.param B11=1.5078865547595564*Scaling>> -130700 136800 0 20175 1000;
94 <<.param IB01=0.00022385147240104272*Scaling>> -130700 135800 0 22875 1000;
94 <<.param IB01rx1=0.00013414240085083285*Scaling>> -130700 134800 0 24375 1000;
94 <<.param IB01rx3=0.00013179770453636912*Scaling>> -130700 133800 0 24375 1000;
94 <<.param IB01tx1=0.00019550907771059744*Scaling>> -130700 132800 0 24300 1000;
94 <<.param IB02=0.00015219252954919415*Scaling>> -130700 131800 0 22650 1000;
94 <<.param IB03=0.0001980857825625136*Scaling>> -130700 130800 0 22500 1000;
94 <<.param IB04=9.851658491710679e-05*Scaling>> -130700 129800 0 22275 1000;
94 <<.param IB05=9.472815335373098e-05*Scaling>> -130700 128800 0 22725 1000;
94 <<.param IB06=6.36746817353646e-05*Scaling>> -130700 127800 0 22125 1000;
94 <<.param L01=7.583253898110444e-12*(1/Scaling-(1-Scaling))>> -130700 126800 0 29100 1000;
94 <<.param L01rx1=1.9122271431208015e-12*(1/Scaling-(1-Scaling))>> -130700 125800 0 30525 1000;
94 <<.param L01rx3=1.7868861603532337e-12*(1/Scaling-(1-Scaling))>> -130700 124800 0 31425 1000;
94 <<.param L01tx1=3.542674238775056e-12*(1/Scaling-(1-Scaling))>> -130700 123800 0 30975 1000;
94 <<.param L02=1.3381364079735137e-12*(1/Scaling-(1-Scaling))>> -130700 122800 0 29700 1000;
94 <<.param L02rx1=4.048126383444853e-12*(1/Scaling-(1-Scaling))>> -130700 121800 0 31050 1000;
94 <<.param L02rx3=4.313533638451465e-12*(1/Scaling-(1-Scaling))>> -130700 120800 0 31050 1000;
94 <<.param L02tx1=3.5269876551915765e-12*(1/Scaling-(1-Scaling))>> -130700 119800 0 31350 1000;
94 <<.param L03=4.387868619800262e-12*(1/Scaling-(1-Scaling))>> -130700 118800 0 29550 1000;
94 <<.param L03rx1=3.6035853045412023e-12*(1/Scaling-(1-Scaling))>> -130700 117800 0 31650 1000;
94 <<.param L03rx3=3.9259512228634774e-12*(1/Scaling-(1-Scaling))>> -130700 116800 0 31875 1000;
94 <<.param L04=3.216968283885101e-12*(1/Scaling-(1-Scaling))>> -130700 115800 0 29100 1000;
94 <<.param L05=7.2182844653910156e-12*(1/Scaling-(1-Scaling))>> -130700 114800 0 29700 1000;
94 <<.param L06=3.0676981292950732e-12*(1/Scaling-(1-Scaling))>> -130700 113800 0 30150 1000;
94 <<.param L07=2.5596303355721674e-12*(1/Scaling-(1-Scaling))>> -130700 112800 0 30150 1000;
94 <<.param L08=3.243894306062451e-12*(1/Scaling-(1-Scaling))>> -130700 111800 0 29550 1000;
94 <<.param L09=3.7381664270667463e-13*(1/Scaling-(1-Scaling))>> -130700 110800 0 30150 1000;
94 <<.param L10=5.299363605457756e-13*(1/Scaling-(1-Scaling))>> -130700 109800 0 29550 1000;
94 <<.param L11=2.5087689323982963e-12*(1/Scaling-(1-Scaling))>> -130700 108800 0 29925 1000;
94 <<.param L13=9.513656670568208e-13*(1/Scaling-(1-Scaling))>> -130700 107800 0 29325 1000;
94 <<.param L14=4.752763562613125e-14*(1/Scaling-(1-Scaling))>> -130700 106800 0 29100 1000;
94 <<.param L15=1.2874701900487265e-12*(1/Scaling-(1-Scaling))>> -130700 105800 0 29700 1000;
94 <<.param L16=1.0677668196342924e-12*(1/Scaling-(1-Scaling))>> -130700 104800 0 29700 1000;
94 <<.param L17=1.2791051325983638e-12*(1/Scaling-(1-Scaling))>> -130700 103800 0 29475 1000;
94 <<.param LRB01=(RB01/Rsheet)*Lsheet>> -130700 102800 0 18225 1000;
94 <<.param LRB01rx1=(RB01rx1/Rsheet)*Lsheet>> -130700 101800 0 21225 1000;
94 <<.param LRB01rx3=(RB01rx3/Rsheet)*Lsheet>> -130700 100800 0 21675 1000;
94 <<.param LRB01tx1=(RB01tx1/Rsheet)*Lsheet>> -130700 99800 0 21075 1000;
94 <<.param LRB02=(RB02/Rsheet)*Lsheet>> -130700 98800 0 18675 1000;
94 <<.param LRB02rx1=(RB02rx1/Rsheet)*Lsheet>> -130700 97800 0 21675 1000;
94 <<.param LRB02rx2=(RB02rx2/Rsheet)*Lsheet>> -130700 96800 0 22125 1000;
94 <<.param LRB02rx3=(RB02rx3/Rsheet)*Lsheet>> -130700 95800 0 22125 1000;
94 <<.param LRB03=(RB03/Rsheet)*Lsheet>> -130700 94800 0 18675 1000;
94 <<.param LRB04=(RB04/Rsheet)*Lsheet>> -130700 93800 0 18675 1000;
94 <<.param LRB05=(RB05/Rsheet)*Lsheet>> -130700 92800 0 18675 1000;
94 <<.param LRB06=(RB06/Rsheet)*Lsheet>> -130700 91800 0 18675 1000;
94 <<.param LRB07=(RB07/Rsheet)*Lsheet>> -130700 90800 0 18675 1000;
94 <<.param LRB08=(RB08/Rsheet)*Lsheet>> -130700 89800 0 18675 1000;
94 <<.param LRB09=(RB09/Rsheet)*Lsheet>> -130700 88800 0 18675 1000;
94 <<.param LRB10=(RB10/Rsheet)*Lsheet>> -130700 87800 0 18225 1000;
94 <<.param LRB11=(RB11/Rsheet)*Lsheet>> -130700 86800 0 17775 1000;
94 <<.param RB01=B0Rs/B01>> -130700 85800 0 11175 1000;
94 <<.param RB01rx1=B0Rs/B01rx1>> -130700 84800 0 14175 1000;
94 <<.param RB01rx2=B0Rs/B01rx1>> -130700 83800 0 14400 1000;
94 <<.param RB01rx3=B0Rs/B01rx3>> -130700 82800 0 14625 1000;
94 <<.param RB01tx1=B0Rs/B01tx1>> -130700 81800 0 14025 1000;
94 <<.param RB02=B0Rs/B02>> -130700 80800 0 11625 1000;
94 <<.param RB02rx1=B0Rs/B02rx1>> -130700 79800 0 14625 1000;
94 <<.param RB02rx2=B0Rs/B02rx1>> -130700 78800 0 14850 1000;
94 <<.param RB02rx3=B0Rs/B02rx3>> -130700 77800 0 15075 1000;
94 <<.param RB03=B0Rs/B03>> -130700 76800 0 11625 1000;
94 <<.param RB04=B0Rs/B04>> -130700 75800 0 11625 1000;
94 <<.param RB05=B0Rs/B05>> -130700 74800 0 11625 1000;
94 <<.param RB06=B0Rs/B06>> -130700 73800 0 11625 1000;
94 <<.param RB07=B0Rs/B07>> -130700 72800 0 11625 1000;
94 <<.param RB08=B0Rs/B08>> -130700 71800 0 11625 1000;
94 <<.param RB09=B0Rs/B09>> -130700 70800 0 11625 1000;
94 <<.param RB10=B0Rs/B10>> -130700 69800 0 11175 1000;
94 <<.param RB11=B0Rs/B11>> -130700 68800 0 10725 1000;
DF;
E
* Generated by Xic from cell LSmitll_NDROT_v1p5p1
.tran 0.5p 600p 0 0.25p UIC
.include MITLL_NDROT_models.inc
.param Scaling=1.0
.param B0=1
.param Ic0=0.0001
.param IcRs=100u*6.859904418
.param B0Rs=IcRs/Ic0*B0
.param Rsheet=2 
.param Lsheet=1.13e-12 
.param B01=2.1788399302058328*Scaling
.param B01rx1=0.8596715235590455*Scaling
.param B01rx3=0.9892029833667483*Scaling
.param B01tx1=2.3613474994575965*Scaling
.param B02=1.6498418078316253*Scaling
.param B02rx1=1.0002064168816702*Scaling
.param B02rx3=0.9426302107353123*Scaling
.param B03=2.346444294038123*Scaling
.param B04=1.959719668899844*Scaling
.param B05=2.8367568100690996*Scaling
.param B06=1.9079333820062683*Scaling
.param B07=1.774936463415763*Scaling
.param B08=1.161873602860789*Scaling
.param B09=0.7782136162931658*Scaling
.param B10=1.6312905658688257*Scaling
.param B11=1.5078865547595564*Scaling
.param IB01=0.00022385147240104272*Scaling
.param IB01rx1=0.00013414240085083285*Scaling
.param IB01rx3=0.00013179770453636912*Scaling
.param IB01tx1=0.00019550907771059744*Scaling
.param IB02=0.00015219252954919415*Scaling
.param IB03=0.0001980857825625136*Scaling
.param IB04=9.851658491710679e-05*Scaling
.param IB05=9.472815335373098e-05*Scaling
.param IB06=6.36746817353646e-05*Scaling
.param L01=7.583253898110444e-12*(1/Scaling-(1-Scaling))
.param L01rx1=1.9122271431208015e-12*(1/Scaling-(1-Scaling))
.param L01rx3=1.7868861603532337e-12*(1/Scaling-(1-Scaling))
.param L01tx1=3.542674238775056e-12*(1/Scaling-(1-Scaling))
.param L02=1.3381364079735137e-12*(1/Scaling-(1-Scaling))
.param L02rx1=4.048126383444853e-12*(1/Scaling-(1-Scaling))
.param L02rx3=4.313533638451465e-12*(1/Scaling-(1-Scaling))
.param L02tx1=3.5269876551915765e-12*(1/Scaling-(1-Scaling))
.param L03=4.387868619800262e-12*(1/Scaling-(1-Scaling))
.param L03rx1=3.6035853045412023e-12*(1/Scaling-(1-Scaling))
.param L03rx3=3.9259512228634774e-12*(1/Scaling-(1-Scaling))
.param L04=3.216968283885101e-12*(1/Scaling-(1-Scaling))
.param L05=7.2182844653910156e-12*(1/Scaling-(1-Scaling))
.param L06=3.0676981292950732e-12*(1/Scaling-(1-Scaling))
.param L07=2.5596303355721674e-12*(1/Scaling-(1-Scaling))
.param L08=3.243894306062451e-12*(1/Scaling-(1-Scaling))
.param L09=3.7381664270667463e-13*(1/Scaling-(1-Scaling))
.param L10=5.299363605457756e-13*(1/Scaling-(1-Scaling))
.param L11=2.5087689323982963e-12*(1/Scaling-(1-Scaling))
.param L13=9.513656670568208e-13*(1/Scaling-(1-Scaling))
.param L14=4.752763562613125e-14*(1/Scaling-(1-Scaling))
.param L15=1.2874701900487265e-12*(1/Scaling-(1-Scaling))
.param L16=1.0677668196342924e-12*(1/Scaling-(1-Scaling))
.param L17=1.2791051325983638e-12*(1/Scaling-(1-Scaling))
.param LRB01=(RB01/Rsheet)*Lsheet
.param LRB01rx1=(RB01rx1/Rsheet)*Lsheet
.param LRB01rx3=(RB01rx3/Rsheet)*Lsheet
.param LRB01tx1=(RB01tx1/Rsheet)*Lsheet
.param LRB02=(RB02/Rsheet)*Lsheet
.param LRB02rx1=(RB02rx1/Rsheet)*Lsheet
.param LRB02rx2=(RB02rx2/Rsheet)*Lsheet
.param LRB02rx3=(RB02rx3/Rsheet)*Lsheet
.param LRB03=(RB03/Rsheet)*Lsheet
.param LRB04=(RB04/Rsheet)*Lsheet
.param LRB05=(RB05/Rsheet)*Lsheet
.param LRB06=(RB06/Rsheet)*Lsheet
.param LRB07=(RB07/Rsheet)*Lsheet
.param LRB08=(RB08/Rsheet)*Lsheet
.param LRB09=(RB09/Rsheet)*Lsheet
.param LRB10=(RB10/Rsheet)*Lsheet
.param LRB11=(RB11/Rsheet)*Lsheet
.param RB01=B0Rs/B01
.param RB01rx1=B0Rs/B01rx1
.param RB01rx2=B0Rs/B01rx1
.param RB01rx3=B0Rs/B01rx3
.param RB01tx1=B0Rs/B01tx1
.param RB02=B0Rs/B02
.param RB02rx1=B0Rs/B02rx1
.param RB02rx2=B0Rs/B02rx1
.param RB02rx3=B0Rs/B02rx3
.param RB03=B0Rs/B03
.param RB04=B0Rs/B04
.param RB05=B0Rs/B05
.param RB06=B0Rs/B06
.param RB07=B0Rs/B07
.param RB08=B0Rs/B08
.param RB09=B0Rs/B09
.param RB10=B0Rs/B10
.param RB11=B0Rs/B11
B01 22 66 89 jjmit area=B01
B01RX1 7 32 76 jjmit area=B01rx1
B01RX2 13 44 81 jjmit area=B01rx1
B01RX3 20 62 87 jjmit area=B01rx3
B01TX1 25 73 92 jjmit area=B01tx1
B02 18 19 86 jjmit area=B02
B02RX1 8 34 77 jjmit area=B02rx1
B02RX2 14 46 82 jjmit area=B02rx1
B02RX3 21 64 88 jjmit area=B02rx3
B03 15 48 83 jjmit area=B03
B04 11 12 80 jjmit area=B04
B05 12 50 84 jjmit area=B05
B06 9 36 78 jjmit area=B06
B07 5 6 75 jjmit area=B07
B08 6 38 79 jjmit area=B08
B09 10 16 85 jjmit area=B09
B10 23 69 90 jjmit area=B10
B11 24 71 91 jjmit area=B11
IB01 0 68 pwl(0 0 5p IB01)
IB01RX1 0 26 pwl(0 0 5p IB01rx1)
IB01RX2 0 40 pwl(0 0 5p IB01rx1)
IB01RX3 0 53 pwl(0 0 5p IB01rx3)
IB01TX1 0 55 pwl(0 0 5p IB01tx1)
IB02 0 41 pwl(0 0 5p IB02)
IB03 0 27 pwl(0 0 5p IB03)
IB04 0 30 pwl(0 0 5p IB04)
IB05 0 56 pwl(0 0 5p IB05)
IB06 0 17 pwl(0 0 5p IB06)
L01 21 22 L01
L01RX1 A 7 L01rx1
L01RX2 B 13 L01rx1
L01RX3 CLK 20 L01rx3
L01TX1 24 25 L01tx1
L02 19 58 L02
L02RX1 7 28 L02rx1
L02RX2 13 42 L02rx1
L02RX3 20 57 L02rx3
L02TX1 25 61 L02tx1
L03 14 15 L03
L03RX1 28 8 L03rx1
L03RX2 42 14 L03rx1
L03RX3 57 21 L03rx3
L04 15 11 L04
L05 8 9 L05
L06 9 5 L06
L07 31 10 L07
L08 12 10 L08
L09 16 54 L09
L10 54 58 L10
L11 23 17 L11
L13 58 23 L13
L14 6 31 L14
L15 22 60 L15
L16 60 18 L16
L17 17 24 L17
LP01 66 0 1.56e-13
LP01RX1 32 0 3.4e-13
LP01RX2 44 0 3.4e-13
LP01RX3 62 0 3.4e-13
LP01TX1 73 0 5e-14
LP02RX1 34 0 6e-14
LP02RX2 46 0 6e-14
LP02RX3 64 0 6e-14
LP03 48 0 1.35e-13
LP05 50 0 1.4599999999999998e-13
LP06 36 0 1.3300000000000001e-13
LP08 38 0 2.16e-13
LP10 69 0 1.4599999999999998e-13
LP11 71 0 1.35e-13
LPR01 60 68 1.8199999999999998e-13
LPR01RX1 26 28 2e-13
LPR01RX2 40 42 2e-13
LPR01RX3 53 57 2e-13
LPR01TX1 55 25 2e-13
LPR02 41 15 1.53e-13
LPR03 27 9 1.85e-13
LPR04 30 31 2.5059999999999996e-12
LPR05 54 56 3.4e-14
LRB01 67 0 LRB01
LRB01RX1 33 0 LRB01rx1
LRB01RX2 45 0 LRB01rx1
LRB01RX3 63 0 LRB01rx3
LRB01TX1 74 0 LRB01tx1
LRB02 59 19 LRB02
LRB02RX1 35 0 LRB02rx1
LRB02RX2 47 0 LRB02rx2
LRB02RX3 65 0 LRB02rx3
LRB03 49 0 LRB03
LRB04 43 12 LRB04
LRB05 51 0 LRB05
LRB06 37 0 LRB06
LRB07 29 6 LRB07
LRB08 39 0 LRB08
LRB09 52 16 LRB09
LRB10 70 0 LRB10
LRB11 72 0 LRB11
RB01 22 67 RB01
RB01RX1 7 33 RB01rx1
RB01RX2 13 45 RB01rx2
RB01RX3 20 63 RB01rx3
RB01TX1 25 74 RB01tx1
RB02 18 59 RB02
RB02RX1 8 35 RB02rx1
RB02RX2 14 47 RB02rx2
RB02RX3 21 65 RB02rx3
RB03 15 49 RB03
RB04 11 43 RB04
RB05 12 51 RB05
RB06 9 37 RB06
RB07 5 29 RB07
RB08 6 39 RB08
RB09 10 52 RB09
RB10 23 70 RB10
RB11 24 72 RB11
RINSTX1 61 Q 1.36
.model jjmit jj(rtype=1, vg=2.8mV, cap=0.07pF, r0=160, rn=16, icrit=0.1mA)

*MIT-LL model
.save @IB01RX3[c]
.save @IB01RX2[c]
.save @IB02[c]
.save @IB01[c]
.save @IB01RX1[c]
.save @IB03[c]
.save @IB04[c]
.save @IB06[c]
.save @IB01TX1[c]
.save @IB05[c]
