(Symbol LSmitll_DCSFQ_PTLTX_v1p5p1);
($Id:$);
(PHYSICAL);
(RESOLUTION 1000);
9 LSmitll_DCSFQ_PTLTX_v1p5p1;
DS 0 1 1;
DF;
E
(ELECTRICAL);
(RESOLUTION 1000);
5 7101 tran 0.5p 200p 0 0.25p UIC;
5 10 1 0 -67000 -1000 0x0 A;
5 10 2 1 57000 -1000 0x0 Q;
5 11 X 0 subckt;
9 LSmitll_DCSFQ_PTLTX_v1p5p1;
DS 0 1 1;
(SymbolCall gnd);
5 10 0 0 -27000 19000;
1 Bound -27000 18000 -24400 20000;
( Rotate 90 );
9 gnd;
C 0 R 0 1 T -26000 18000;
(SymbolCall gnd);
5 10 0 0 -1000 19000;
1 Bound -1000 18000 1600 20000;
( Rotate 90 );
9 gnd;
C 0 R 0 1 T 0 18000;
(SymbolCall gnd);
5 10 0 0 15000 19000;
1 Bound 15000 18000 17600 20000;
( Rotate 90 );
9 gnd;
C 0 R 0 1 T 16000 18000;
(SymbolCall gnd);
5 10 0 0 31000 19000;
1 Bound 31000 18000 33600 20000;
( Rotate 90 );
9 gnd;
C 0 R 0 1 T 32000 18000;
(SymbolCall gnd);
5 10 0 0 -57000 -11000;
1 Bound -58000 -13600 -56000 -11000;
9 gnd;
C 0 T -58000 -12000;
(SymbolCall gnd);
5 10 0 0 -17000 -21000;
1 Bound -18000 -23600 -16000 -21000;
9 gnd;
C 0 T -18000 -22000;
(SymbolCall gnd);
5 10 0 0 -11000 -21000;
1 Bound -12000 -23600 -10000 -21000;
9 gnd;
C 0 T -12000 -22000;
(SymbolCall gnd);
5 10 0 0 -1000 -21000;
1 Bound -2000 -23600 0 -21000;
9 gnd;
C 0 T -2000 -22000;
(SymbolCall gnd);
5 10 0 0 5000 -21000;
1 Bound 4000 -23600 6000 -21000;
9 gnd;
C 0 T 4000 -22000;
(SymbolCall gnd);
5 10 0 0 15000 -21000;
1 Bound 14000 -23600 16000 -21000;
9 gnd;
C 0 T 14000 -22000;
(SymbolCall gnd);
5 10 0 0 21000 -21000;
1 Bound 20000 -23600 22000 -21000;
9 gnd;
C 0 T 20000 -22000;
(SymbolCall gnd);
5 10 0 0 31000 -21000;
1 Bound 30000 -23600 32000 -21000;
9 gnd;
C 0 T 30000 -22000;
(SymbolCall gnd);
5 10 0 0 37000 -21000;
1 Bound 36000 -23600 38000 -21000;
9 gnd;
C 0 T 36000 -22000;
(SymbolCall ind);
5 11 L.LB1 0;
5 10 4 1 -27000 -1000 LB1-;
5 10 9 0 -27000 9000 LB1+;
5 15 -26000 8000 0 -1;
5 2 0.2p;
1 Bound -27000 -1000 -25500 9000;
9 ind;
C 0 T -28000 -1000;
(SymbolCall ind);
5 11 L.LB2 1;
5 10 6 1 -1000 -1000 LB2-;
5 10 10 0 -1000 9000 LB2+;
5 15 0 8000 0 -1;
5 2 0.2p;
1 Bound -1000 -1000 500 9000;
9 ind;
C 0 T -2000 -1000;
(SymbolCall ind);
5 11 L.LB3 2;
5 2 0.2p;
5 15 16000 8000 0 -1;
5 10 7 1 15000 -1000 LB3-;
5 10 11 0 15000 9000 LB3+;
1 Bound 15000 -1000 16500 9000;
9 ind;
C 0 T 14000 -1000;
(SymbolCall ind);
5 11 L.LB4 3;
5 2 0.2p;
5 15 32000 8000 0 -1;
5 10 8 1 31000 -1000 LB4-;
5 10 12 0 31000 9000 LB4+;
1 Bound 31000 -1000 32500 9000;
9 ind;
C 0 T 30000 -1000;
(SymbolCall ind);
5 11 L.L1 4;
5 10 13 1 -57000 -1000 L1-;
5 10 1 0 -67000 -1000 L1+;
5 15 -66000 0 1 0;
5 2 1p;
1 Bound -67000 -1000 -57000 500;
( Rotate 90 );
9 ind;
C 0 R 0 1 T -57000 -2000;
(SymbolCall ind);
5 11 L.L3 5;
5 10 3 1 -47000 -1000 L3-;
5 10 13 0 -57000 -1000 L3+;
5 15 -56000 0 1 0;
5 2 0.6p;
1 Bound -57000 -1000 -47000 500;
( Rotate 90 );
9 ind;
C 0 R 0 1 T -47000 -2000;
(SymbolCall ind);
5 11 L.L4 6;
5 10 5 1 -17000 -1000 L4-;
5 10 4 0 -27000 -1000 L4+;
5 15 -26000 0 1 0;
5 2 1.1p;
1 Bound -27000 -1000 -17000 500;
( Rotate 90 );
9 ind;
C 0 R 0 1 T -17000 -2000;
(SymbolCall ind);
5 11 L.L5 7;
5 10 6 1 -1000 -1000 L5-;
5 10 5 0 -11000 -1000 L5+;
5 15 -10000 0 1 0;
5 2 4.5p;
1 Bound -11000 -1000 -1000 500;
( Rotate 90 );
9 ind;
C 0 R 0 1 T -1000 -2000;
(SymbolCall ind);
5 2 4.5p;
5 11 L.L6 8;
5 10 7 1 15000 -1000 L6-;
5 10 6 0 5000 -1000 L6+;
5 15 6000 0 1 0;
1 Bound 5000 -1000 15000 500;
( Rotate 90 );
9 ind;
C 0 R 0 1 T 15000 -2000;
(SymbolCall ind);
5 2 3.3p;
5 11 L.L7 9;
5 15 22000 0 1 0;
5 10 8 1 31000 -1000 L7-;
5 10 7 0 21000 -1000 L7+;
1 Bound 21000 -1000 31000 500;
( Rotate 90 );
9 ind;
C 0 R 0 1 T 31000 -2000;
(SymbolCall ind);
5 2 0.35p;
5 11 L.L8 10;
5 15 38000 0 1 0;
5 10 14 1 47000 -1000 L8-;
5 10 8 0 37000 -1000 L8+;
1 Bound 37000 -1000 47000 500;
( Rotate 90 );
9 ind;
C 0 R 0 1 T 47000 -2000;
(SymbolCall ind);
5 11 L.L2 11;
5 10 0 1 -57000 -11000 L2-;
5 10 13 0 -57000 -1000 L2+;
5 15 -56000 -2000 0 -1;
5 2 3.9p;
1 Bound -57000 -11000 -55500 -1000;
9 ind;
C 0 T -58000 -11000;
(SymbolCall ind);
5 11 L.LRB1 12;
5 10 4 1 -27000 -7000 LRB1-;
5 10 23 0 -37000 -7000 LRB1+;
5 15 -36000 -6000 1 0;
5 2 1p;
1 Bound -37000 -7000 -27000 -5500;
( Rotate 90 );
9 ind;
C 0 R 0 1 T -27000 -8000;
(SymbolCall ind);
5 11 L.LP2 13;
5 10 0 1 -17000 -21000 LP2-;
5 10 15 0 -17000 -11000 LP2+;
5 15 -16000 -12000 0 -1;
5 2 0.2p;
1 Bound -17000 -21000 -15500 -11000;
9 ind;
C 0 T -18000 -21000;
(SymbolCall ind);
5 11 L.LRB2 14;
5 10 0 1 -11000 -21000 LRB2-;
5 10 16 0 -11000 -11000 LRB2+;
5 15 -10000 -12000 0 -1;
5 2 1p;
1 Bound -11000 -21000 -9500 -11000;
9 ind;
C 0 T -12000 -21000;
(SymbolCall ind);
5 11 L.LP3 15;
5 10 0 1 -1000 -21000 LP3-;
5 10 17 0 -1000 -11000 LP3+;
5 15 0 -12000 0 -1;
5 2 0.2p;
1 Bound -1000 -21000 500 -11000;
9 ind;
C 0 T -2000 -21000;
(SymbolCall ind);
5 11 L.LRB3 16;
5 10 0 1 5000 -21000 LRB3-;
5 10 18 0 5000 -11000 LRB3+;
5 15 6000 -12000 0 -1;
5 2 1p;
1 Bound 5000 -21000 6500 -11000;
9 ind;
C 0 T 4000 -21000;
(SymbolCall ind);
5 11 L.LP4 17;
5 2 0.2p;
5 15 16000 -12000 0 -1;
5 10 0 1 15000 -21000 LP4-;
5 10 19 0 15000 -11000 LP4+;
1 Bound 15000 -21000 16500 -11000;
9 ind;
C 0 T 14000 -21000;
(SymbolCall ind);
5 2 1p;
5 15 22000 -12000 0 -1;
5 11 L 18;
5 10 0 1 21000 -21000 L18-;
5 10 20 0 21000 -11000 L18+;
1 Bound 21000 -21000 22500 -11000;
9 ind;
C 0 T 20000 -21000;
(SymbolCall ind);
5 11 L.LP5 19;
5 2 0.2p;
5 15 32000 -12000 0 -1;
5 10 0 1 31000 -21000 LP5-;
5 10 21 0 31000 -11000 LP5+;
1 Bound 31000 -21000 32500 -11000;
9 ind;
C 0 T 30000 -21000;
(SymbolCall ind);
5 2 1p;
5 15 38000 -12000 0 -1;
5 11 L 20;
5 10 0 1 37000 -21000 L20-;
5 10 22 0 37000 -11000 L20+;
1 Bound 37000 -21000 38500 -11000;
9 ind;
C 0 T 36000 -21000;
(SymbolCall isrc);
5 11 I.IB1 0;
5 10 9 1 -27000 9000 IB1_1;
5 10 0 0 -27000 19000 IB1_0;
5 15 -27000 13000 0 -1 @<name>[c];
5 5 nophys;
5 2 pwl(0 0 5p 275u);
1 Bound -29000 9000 -25000 19000;
9 isrc;
C 0 T -29000 9000;
(SymbolCall isrc);
5 11 I.IB2 1;
5 10 10 1 -1000 9000 IB2_1;
5 10 0 0 -1000 19000 IB2_0;
5 15 -1000 13000 0 -1 @<name>[c];
5 5 nophys;
5 2 pwl(0 0 5p 175u);
1 Bound -3000 9000 1000 19000;
9 isrc;
C 0 T -3000 9000;
(SymbolCall isrc);
5 2 pwl(0 0 5p 230u);
5 11 I.IB3 2;
5 5 nophys;
5 15 15000 13000 0 -1 @<name>[c];
5 10 11 1 15000 9000 IB3_1;
5 10 0 0 15000 19000 IB3_0;
1 Bound 13000 9000 17000 19000;
9 isrc;
C 0 T 13000 9000;
(SymbolCall isrc);
5 2 pwl(0 0 5p 82u);
5 11 I.IB4 3;
5 5 nophys;
5 15 31000 13000 0 -1 @<name>[c];
5 10 12 1 31000 9000 IB4_1;
5 10 0 0 31000 19000 IB4_0;
1 Bound 29000 9000 33000 19000;
9 isrc;
C 0 T 29000 9000;
(SymbolCall jj);
5 11 B.B1 0;
5 10 24 2 -45000 -2000 B1_2;
5 10 4 1 -37000 -1000 B1-;
5 10 3 0 -47000 -1000 B1+;
5 1 jjmit;
5 3 area=2.25;
1 Bound -47000 -2500 -37000 500;
( Rotate 90 );
9 jj;
C 0 R 0 1 T -37000 -2000;
(SymbolCall jj);
5 11 B.B2 1;
5 10 25 2 -18000 -3000 B2_2;
5 10 15 1 -17000 -11000 B2-;
5 10 5 0 -17000 -1000 B2+;
5 3 area=2.25;
5 1 jjmit;
1 Bound -18500 -11000 -15500 -1000;
9 jj;
C 0 T -18000 -11000;
(SymbolCall jj);
5 11 B.B3 2;
5 10 26 2 -2000 -3000 B3_2;
5 10 17 1 -1000 -11000 B3-;
5 10 6 0 -1000 -1000 B3+;
5 3 area=2.5;
5 1 jjmit;
1 Bound -2500 -11000 500 -1000;
9 jj;
C 0 T -2000 -11000;
(SymbolCall jj);
5 3 area=2.0;
5 11 B.B4 3;
5 1 jjmit;
5 10 27 2 14000 -3000 B4_2;
5 10 19 1 15000 -11000 B4-;
5 10 7 0 15000 -1000 B4+;
1 Bound 13500 -11000 16500 -1000;
9 jj;
C 0 T 14000 -11000;
(SymbolCall jj);
5 11 B.B5 4;
5 3 area=1.62;
5 1 jjmit;
5 10 28 2 30000 -3000 B5_2;
5 10 21 1 31000 -11000 B5-;
5 10 8 0 31000 -1000 B5+;
1 Bound 29500 -11000 32500 -1000;
9 jj;
C 0 T 30000 -11000;
(SymbolCall res);
5 2 1.36;
5 11 R.RD 0;
5 15 48000 -2000 1 0 "<v>/<value>O";
5 10 2 1 57000 -1000 RD-;
5 10 14 0 47000 -1000 RD+;
1 Bound 47000 -2250 57000 0;
( Rotate 90 );
9 res;
C 0 R 0 1 T 47000 -1000;
(SymbolCall res);
5 11 R.RB2 1;
5 10 16 1 -11000 -11000 RB2-;
5 10 5 0 -11000 -1000 RB2+;
5 15 -12000 -2000 0 -1 "<v>/<value>O";
5 2 3.048846408;
1 Bound -12250 -11000 -10000 -1000;
9 res;
C 0 T -11000 -1000;
(SymbolCall res);
5 11 R.RB3 2;
5 10 18 1 5000 -11000 RB3-;
5 10 6 0 5000 -1000 RB3+;
5 15 4000 -2000 0 -1 "<v>/<value>O";
5 2 2.743961767;
1 Bound 3750 -11000 6000 -1000;
9 res;
C 0 T 5000 -1000;
(SymbolCall res);
5 2 3.42995;
5 15 20000 -2000 0 -1 "<v>/<value>O";
5 11 R 3;
5 10 20 1 21000 -11000 R3-;
5 10 7 0 21000 -1000 R3+;
1 Bound 19750 -11000 22000 -1000;
9 res;
C 0 T 21000 -1000;
(SymbolCall res);
5 2 5.9884999;
5 15 36000 -2000 0 -1 "<v>/<value>O";
5 11 R 4;
5 10 22 1 37000 -11000 R4-;
5 10 8 0 37000 -1000 R4+;
1 Bound 35750 -11000 38000 -1000;
9 res;
C 0 T 37000 -1000;
(SymbolCall res);
5 11 R.RB1 5;
5 10 23 1 -37000 -7000 RB1-;
5 10 3 0 -47000 -7000 RB1+;
5 15 -46000 -8000 1 0 "<v>/<value>O";
5 2 3.048846408;
1 Bound -47000 -8250 -37000 -6000;
( Rotate 90 );
9 res;
C 0 R 0 1 T -47000 -7000;
L SCED;
5 10 3;
W2 0 -47000 -1000 -47000 -7000;
5 10 4;
W2 0 -37000 -1000 -27000 -1000 -27000 -7000;
5 10 5;
W2 0 -17000 -1000 -11000 -1000;
5 10 6;
W2 0 -1000 -1000 5000 -1000;
5 10 7;
W2 0 15000 -1000 21000 -1000;
5 10 8;
W2 0 31000 -1000 37000 -1000;
L NAME;
5 16 I 0 11;
94 <<IB1>> -29250 17750 320 1350 1000;
5 16 I 1 11;
94 <<IB2>> -3250 17750 320 1575 1000;
5 16 I 2 11;
94 <<IB3>> 12750 17750 320 1575 1000;
5 16 I 3 11;
94 <<IB4>> 28750 17750 320 1575 1000;
5 16 L 0 11;
94 <<LB1>> -27250 7750 320 1650 1000;
5 16 L 1 11;
94 <<LB2>> -1250 7750 320 1875 1000;
5 16 L 2 11;
94 <<LB3>> 14750 7750 320 1875 1000;
5 16 L 3 11;
94 <<LB4>> 30750 7750 320 1875 1000;
5 16 L 4 11;
94 <<L1>> -66750 750 0 1050 1000;
5 16 L 5 11;
94 <<L3>> -56750 750 0 1275 1000;
5 16 B 0 11;
94 <<B1>> -46750 750 0 1050 1000;
5 16 L 6 11;
94 <<L4>> -26750 750 0 1275 1000;
5 16 L 7 11;
94 <<L5>> -10750 750 0 1275 1000;
5 16 L 8 11;
94 <<L6>> 5250 750 0 1275 1000;
5 16 L 9 11;
94 <<L7>> 21250 750 0 1275 1000;
5 16 L 10 11;
94 <<L8>> 37250 750 0 1275 1000;
5 16 R 0 11;
94 <<RD>> 47250 250 0 1275 1000;
5 16 L 11 11;
94 <<L2>> -57250 -2250 320 1275 1000;
5 16 B 1 11;
94 <<B2>> -18750 -2250 320 1275 1000;
5 16 R 1 11;
94 <<RB2>> -12500 -2250 320 1875 1000;
5 16 B 2 11;
94 <<B3>> -2750 -2250 320 1275 1000;
5 16 R 2 11;
94 <<RB3>> 3500 -2250 320 1875 1000;
5 16 B 3 11;
94 <<B4>> 13250 -2250 320 1275 1000;
5 16 R 3 11;
94 <<R3>> 19500 -2250 320 1275 1000;
5 16 B 4 11;
94 <<B5>> 29250 -2250 320 1275 1000;
5 16 R 4 11;
94 <<R4>> 35500 -2250 320 1275 1000;
5 16 L 12 11;
94 <<LRB1>> -36750 -5250 0 2250 1000;
5 16 R 5 11;
94 <<RB1>> -46750 -5750 0 1650 1000;
5 16 L 13 11;
94 <<LP2>> -17250 -12250 320 1875 1000;
5 16 L 14 11;
94 <<LRB2>> -11250 -12250 320 2475 1000;
5 16 L 15 11;
94 <<LP3>> -1250 -12250 320 1875 1000;
5 16 L 16 11;
94 <<LRB3>> 4750 -12250 320 2475 1000;
5 16 L 17 11;
94 <<LP4>> 14750 -12250 320 1875 1000;
5 16 L 18 11;
94 <<L18>> 20750 -12250 320 1650 1000;
5 16 L 19 11;
94 <<LP5>> 30750 -12250 320 1875 1000;
5 16 L 20 11;
94 <<L20>> 36750 -12250 320 1875 1000;
L MODL;
5 16 B 1 1;
94 <<jjmit>> -15250 -1250 256 2550 1000;
5 16 B 2 1;
94 <<jjmit>> 750 -1250 256 2550 1000;
5 16 B 3 1;
94 <<jjmit>> 16750 -1250 256 2550 1000;
5 16 B 4 1;
94 <<jjmit>> 32750 -1250 256 2550 1000;
5 16 B 0 1;
94 <<jjmit>> -37250 -2750 320 2550 1000;
L VALU;
5 16 I 0 2;
94 <<pwl(0 0 5p 275u)>> -24750 18750 33024 8775 1000;
5 16 I 1 2;
94 <<pwl(0 0 5p 175u)>> 1250 18750 33024 8550 1000;
5 16 I 2 2;
94 <<pwl(0 0 5p 230u)>> 17250 18750 33024 8775 1000;
5 16 I 3 2;
94 <<pwl(0 0 5p 82u)>> 33250 18750 33024 8175 1000;
5 16 L 0 2;
94 <<0.2p>> -25250 8750 33024 2100 1000;
5 16 L 1 2;
94 <<0.2p>> 750 8750 33024 2100 1000;
5 16 L 2 2;
94 <<0.2p>> 16750 8750 33024 2100 1000;
5 16 L 3 2;
94 <<0.2p>> 32750 8750 33024 2100 1000;
5 16 L 4 2;
94 <<1p>> -57250 -1250 33088 1050 1000;
5 16 L 11 2;
94 <<3.9p>> -55250 -1250 33024 2100 1000;
5 16 L 5 2;
94 <<0.6p>> -47250 -1250 33088 2100 1000;
5 16 L 6 2;
94 <<1.1p>> -17250 -1250 33088 1650 1000;
5 16 R 1 2;
94 <<3.048846408>> -9750 -1250 33024 6300 1000;
5 16 L 7 2;
94 <<4.5p>> -1250 -1250 33088 2100 1000;
5 16 R 2 2;
94 <<2.743961767>> 6250 -1250 33024 6075 1000;
5 16 L 8 2;
94 <<4.5p>> 14750 -1250 33088 2100 1000;
5 16 R 3 2;
94 <<3.42995>> 22250 -1250 33024 3900 1000;
5 16 L 9 2;
94 <<3.3p>> 30750 -1250 33088 2100 1000;
5 16 R 4 2;
94 <<5.9884999>> 38250 -1250 33024 5100 1000;
5 16 L 10 2;
94 <<0.35p>> 46750 -1250 33088 2700 1000;
5 16 R 0 2;
94 <<1.36>> 56750 -2500 33088 1875 1000;
5 16 L 12 2;
94 <<1p>> -27250 -7250 33088 1050 1000;
5 16 R 5 2;
94 <<3.048846408>> -37250 -8500 33088 6300 1000;
5 16 L 13 2;
94 <<0.2p>> -15250 -11250 33024 2100 1000;
5 16 L 14 2;
94 <<1p>> -9250 -11250 33024 1050 1000;
5 16 L 15 2;
94 <<0.2p>> 750 -11250 33024 2100 1000;
5 16 L 16 2;
94 <<1p>> 6750 -11250 33024 1050 1000;
5 16 L 17 2;
94 <<0.2p>> 16750 -11250 33024 2100 1000;
5 16 L 18 2;
94 <<1p>> 22750 -11250 33024 1050 1000;
5 16 L 19 2;
94 <<0.2p>> 32750 -11250 33024 2100 1000;
5 16 L 20 2;
94 <<1p>> 38750 -11250 33024 1050 1000;
L PARM;
5 16 B 0 3;
94 <<area=2.25>> -46750 -3750 33024 5025 1000;
5 16 B 1 3;
94 <<area=2.25>> -15250 -10750 32768 5025 1000;
5 16 B 2 3;
94 <<area=2.5>> -250 -10750 32768 4425 1000;
5 16 B 3 3;
94 <<area=2.0>> 15750 -10750 32768 4425 1000;
5 16 B 4 3;
94 <<area=1.62>> 31750 -10750 32768 4800 1000;
DF;
E
* Generated by Xic from cell LSmitll_DCSFQ_PTLTX_v1p5p1
.tran 0.5p 200p 0 0.25p UIC
B1 3 4 24 jjmit area=2.25
B2 5 15 25 jjmit area=2.25
B3 6 17 26 jjmit area=2.5
B4 7 19 27 jjmit area=2.0
B5 8 21 28 jjmit area=1.62
IB1 0 9 pwl(0 0 5p 275u)
IB2 0 10 pwl(0 0 5p 175u)
IB3 0 11 pwl(0 0 5p 230u)
IB4 0 12 pwl(0 0 5p 82u)
L1 A 13 1p
L2 13 0 3.9p
L3 13 3 0.6p
L4 4 5 1.1p
L5 5 6 4.5p
L6 6 7 4.5p
L7 7 8 3.3p
L8 8 14 0.35p
L18 20 0 1p
L20 22 0 1p
LB1 9 4 0.2p
LB2 10 6 0.2p
LB3 11 7 0.2p
LB4 12 8 0.2p
LP2 15 0 0.2p
LP3 17 0 0.2p
LP4 19 0 0.2p
LP5 21 0 0.2p
LRB1 23 4 1p
LRB2 16 0 1p
LRB3 18 0 1p
R3 7 20 3.42995
R4 8 22 5.9884999
RB1 3 23 3.048846408
RB2 5 16 3.048846408
RB3 6 18 2.743961767
RD 14 Q 1.36
.model jjmit jj(rtype=1, vg=2.8mV, cap=0.07pF, r0=160, rn=16, icrit=0.1mA)

*MIT-LL model
.save @IB1[c]
.save @IB2[c]
.save @IB3[c]
.save @IB4[c]
