(Symbol mitll_SFQDC);
($Id:$);
(PHYSICAL);
(RESOLUTION 1000);
9 mitll_SFQDC;
DS 0 1 1;
DF;
E
(ELECTRICAL);
(RESOLUTION 1000);
5 10 1 0 -73000 13000 0x0 P1;
5 10 2 1 131000 -4000 0x0 P2;
5 11 X 0 subckt;
9 mitll_SFQDC;
DS 0 1 1;
(SymbolCall gnd);
5 10 0 0 38000 55000;
1 Bound 37000 55000 39000 57600;
( Rotate 180 );
9 gnd;
C 0 R -1 0 T 39000 56000;
(SymbolCall gnd);
5 10 0 0 68000 35000;
1 Bound 68000 34000 70600 36000;
( Rotate 90 );
9 gnd;
C 0 R 0 1 T 69000 34000;
(SymbolCall gnd);
5 10 0 0 -46000 33000;
1 Bound -47000 33000 -45000 35600;
( Rotate 180 );
9 gnd;
C 0 R -1 0 T -45000 34000;
(SymbolCall gnd);
5 10 0 0 -19000 33000;
1 Bound -20000 33000 -18000 35600;
( Rotate 180 );
9 gnd;
C 0 R -1 0 T -18000 34000;
(SymbolCall gnd);
5 10 0 0 8000 33000;
1 Bound 7000 33000 9000 35600;
( Rotate 180 );
9 gnd;
C 0 R -1 0 T 9000 34000;
(SymbolCall gnd);
5 10 0 0 88000 31000;
1 Bound 87000 31000 89000 33600;
( Rotate 180 );
9 gnd;
C 0 R -1 0 T 89000 32000;
(SymbolCall gnd);
5 10 0 0 118000 31000;
1 Bound 117000 31000 119000 33600;
( Rotate 180 );
9 gnd;
C 0 R -1 0 T 119000 32000;
(SymbolCall gnd);
5 10 0 0 68000 28000;
1 Bound 68000 27000 70600 29000;
( Rotate 90 );
9 gnd;
C 0 R 0 1 T 69000 27000;
(SymbolCall gnd);
5 10 0 0 128000 11000;
1 Bound 128000 10000 130600 12000;
( Rotate 90 );
9 gnd;
C 0 R 0 1 T 129000 10000;
(SymbolCall gnd);
5 10 0 0 68000 1000;
1 Bound 68000 0 70600 2000;
( Rotate 90 );
9 gnd;
C 0 R 0 1 T 69000 0;
(SymbolCall gnd);
5 10 0 0 -63000 -7000;
1 Bound -64000 -9600 -62000 -7000;
9 gnd;
C 0 T -64000 -8000;
(SymbolCall gnd);
5 10 0 0 -56000 -7000;
1 Bound -57000 -9600 -55000 -7000;
9 gnd;
C 0 T -57000 -8000;
(SymbolCall gnd);
5 10 0 0 -36000 -7000;
1 Bound -37000 -9600 -35000 -7000;
9 gnd;
C 0 T -37000 -8000;
(SymbolCall gnd);
5 10 0 0 -29000 -7000;
1 Bound -30000 -9600 -28000 -7000;
9 gnd;
C 0 T -30000 -8000;
(SymbolCall gnd);
5 10 0 0 -9000 -7000;
1 Bound -10000 -9600 -8000 -7000;
9 gnd;
C 0 T -10000 -8000;
(SymbolCall gnd);
5 10 0 0 -2000 -7000;
1 Bound -3000 -9600 -1000 -7000;
9 gnd;
C 0 T -3000 -8000;
(SymbolCall gnd);
5 10 0 0 68000 -9000;
1 Bound 68000 -10000 70600 -8000;
( Rotate 90 );
9 gnd;
C 0 R 0 1 T 69000 -10000;
(SymbolCall gnd);
5 10 0 0 68000 -16000;
1 Bound 68000 -17000 70600 -15000;
( Rotate 90 );
9 gnd;
C 0 R 0 1 T 69000 -17000;
(SymbolCall ind);
5 10 4 1 38000 35000 L0-;
5 10 16 0 38000 45000 L0+;
5 15 39000 44000 0 -1;
5 2 0.078p;
5 11 L 0;
1 Bound 38000 35000 39500 45000;
9 ind;
C 0 T 37000 35000;
(SymbolCall ind);
5 10 4 1 38000 35000 L1-;
5 10 17 0 28000 35000 L1+;
5 15 29000 36000 1 0;
5 2 1p;
5 11 L 1;
1 Bound 28000 35000 38000 36500;
( Rotate 90 );
9 ind;
C 0 R 0 1 T 38000 34000;
(SymbolCall ind);
5 10 5 1 48000 35000 L2-;
5 10 4 0 38000 35000 L2+;
5 15 39000 36000 1 0;
5 2 0.494p;
5 11 L 2;
1 Bound 38000 35000 48000 36500;
( Rotate 90 );
9 ind;
C 0 R 0 1 T 48000 34000;
(SymbolCall ind);
5 10 0 1 68000 35000 L3-;
5 10 18 0 58000 35000 L3+;
5 15 59000 36000 1 0;
5 11 L 3;
5 2 1p;
1 Bound 58000 35000 68000 36500;
( Rotate 90 );
9 ind;
C 0 R 0 1 T 68000 34000;
(SymbolCall ind);
5 10 0 1 68000 28000 L4-;
5 10 24 0 58000 28000 L4+;
5 15 59000 29000 1 0;
5 2 0.837p;
5 11 L 4;
1 Bound 58000 28000 68000 29500;
( Rotate 90 );
9 ind;
C 0 R 0 1 T 68000 27000;
(SymbolCall ind);
5 10 6 1 48000 18000 L5-;
5 10 5 0 48000 28000 L5+;
5 15 49000 27000 0 -1;
5 2 4.839p;
5 11 L 5;
1 Bound 48000 18000 49500 28000;
9 ind;
C 0 T 47000 18000;
(SymbolCall ind);
5 10 25 1 -46000 13000 L6-;
5 10 19 0 -46000 23000 L6+;
5 15 -45000 22000 0 -1;
5 2 0.169p;
5 11 L 6;
1 Bound -46000 13000 -44500 23000;
9 ind;
C 0 T -47000 13000;
(SymbolCall ind);
5 10 26 1 -19000 13000 L7-;
5 10 20 0 -19000 23000 L7+;
5 15 -18000 22000 0 -1;
5 2 0.192p;
5 11 L 7;
1 Bound -19000 13000 -17500 23000;
9 ind;
C 0 T -20000 13000;
(SymbolCall ind);
5 10 27 1 8000 13000 L8-;
5 10 21 0 8000 23000 L8+;
5 15 9000 22000 0 -1;
5 2 0.239p;
5 11 L 8;
1 Bound 8000 13000 9500 23000;
9 ind;
C 0 T 7000 13000;
(SymbolCall ind);
5 10 28 1 18000 13000 L9-;
5 10 3 0 18000 23000 L9+;
5 15 19000 22000 0 -1;
5 2 0.853p;
5 11 L 9;
1 Bound 18000 13000 19500 23000;
9 ind;
C 0 T 17000 13000;
(SymbolCall ind);
5 10 12 1 88000 11000 L10-;
5 10 22 0 88000 21000 L10+;
5 15 89000 20000 0 -1;
5 2 2.145p;
5 11 L 10;
1 Bound 88000 11000 89500 21000;
9 ind;
C 0 T 87000 11000;
(SymbolCall ind);
5 10 29 1 118000 11000 L11-;
5 10 23 0 118000 21000 L11+;
5 15 119000 20000 0 -1;
5 2 0.013p;
5 11 L 11;
1 Bound 118000 11000 119500 21000;
9 ind;
C 0 T 117000 11000;
(SymbolCall ind);
5 10 7 1 68000 18000 L12-;
5 10 30 0 58000 18000 L12+;
5 15 59000 19000 1 0;
5 11 L 12;
5 2 1p;
1 Bound 58000 18000 68000 19500;
( Rotate 90 );
9 ind;
C 0 R 0 1 T 68000 17000;
(SymbolCall ind);
5 10 8 1 -63000 13000 L13-;
5 10 1 0 -73000 13000 L13+;
5 15 -72000 14000 1 0;
5 2 2.168p;
5 11 L 13;
1 Bound -73000 13000 -63000 14500;
( Rotate 90 );
9 ind;
C 0 R 0 1 T -63000 12000;
(SymbolCall ind);
5 10 25 1 -46000 13000 L14-;
5 10 8 0 -56000 13000 L14+;
5 15 -55000 14000 1 0;
5 2 0.2p;
5 11 L 14;
1 Bound -56000 13000 -46000 14500;
( Rotate 90 );
9 ind;
C 0 R 0 1 T -46000 12000;
(SymbolCall ind);
5 10 9 1 -36000 13000 L15-;
5 10 25 0 -46000 13000 L15+;
5 15 -45000 14000 1 0;
5 2 3.429p;
5 11 L 15;
1 Bound -46000 13000 -36000 14500;
( Rotate 90 );
9 ind;
C 0 R 0 1 T -36000 12000;
(SymbolCall ind);
5 10 26 1 -19000 13000 L16-;
5 10 9 0 -29000 13000 L16+;
5 15 -28000 14000 1 0;
5 2 1.56p;
5 11 L 16;
1 Bound -29000 13000 -19000 14500;
( Rotate 90 );
9 ind;
C 0 R 0 1 T -19000 12000;
(SymbolCall ind);
5 10 10 1 -9000 13000 L17-;
5 10 26 0 -19000 13000 L17+;
5 15 -18000 14000 1 0;
5 2 1.563p;
5 11 L 17;
1 Bound -19000 13000 -9000 14500;
( Rotate 90 );
9 ind;
C 0 R 0 1 T -9000 12000;
(SymbolCall ind);
5 10 27 1 8000 13000 L18-;
5 10 10 0 -2000 13000 L18+;
5 15 -1000 14000 1 0;
5 2 2.844p;
5 11 L 18;
1 Bound -2000 13000 8000 14500;
( Rotate 90 );
9 ind;
C 0 R 0 1 T 8000 12000;
(SymbolCall ind);
5 10 28 1 18000 13000 L19-;
5 10 27 0 8000 13000 L19+;
5 15 9000 14000 1 0;
5 2 0.234p;
5 11 L 19;
1 Bound 8000 13000 18000 14500;
( Rotate 90 );
9 ind;
C 0 R 0 1 T 18000 12000;
(SymbolCall ind);
5 10 14 1 18000 3000 L20-;
5 10 28 0 18000 13000 L20+;
5 15 19000 12000 0 -1;
5 2 1.557p;
5 11 L 20;
1 Bound 18000 3000 19500 13000;
9 ind;
C 0 T 17000 3000;
(SymbolCall ind);
5 10 11 1 78000 11000 L21-;
5 10 7 0 68000 11000 L21+;
5 15 69000 12000 1 0;
5 2 0.003p;
5 11 L 21;
1 Bound 68000 11000 78000 12500;
( Rotate 90 );
9 ind;
C 0 R 0 1 T 78000 10000;
(SymbolCall ind);
5 10 12 1 88000 11000 L22-;
5 10 11 0 78000 11000 L22+;
5 15 79000 12000 1 0;
5 2 0.143p;
5 11 L 22;
1 Bound 78000 11000 88000 12500;
( Rotate 90 );
9 ind;
C 0 R 0 1 T 88000 10000;
(SymbolCall ind);
5 10 13 1 108000 11000 L23-;
5 10 37 0 98000 11000 L23+;
5 15 99000 12000 1 0;
5 2 1p;
5 11 L 23;
1 Bound 98000 11000 108000 12500;
( Rotate 90 );
9 ind;
C 0 R 0 1 T 108000 10000;
(SymbolCall ind);
5 10 29 1 118000 11000 L24-;
5 10 13 0 108000 11000 L24+;
5 15 109000 12000 1 0;
5 2 1.802p;
5 11 L 24;
1 Bound 108000 11000 118000 12500;
( Rotate 90 );
9 ind;
C 0 R 0 1 T 118000 10000;
(SymbolCall ind);
5 10 0 1 128000 11000 L25-;
5 10 29 0 118000 11000 L25+;
5 15 119000 12000 1 0;
5 2 0.702p;
5 11 L 25;
1 Bound 118000 11000 128000 12500;
( Rotate 90 );
9 ind;
C 0 R 0 1 T 128000 10000;
(SymbolCall ind);
5 10 38 1 48000 1000 L26-;
5 10 6 0 48000 11000 L26+;
5 15 49000 10000 0 -1;
5 2 0.001p;
5 11 L 26;
1 Bound 48000 1000 49500 11000;
9 ind;
C 0 T 47000 1000;
(SymbolCall ind);
5 10 15 1 38000 3000 L27-;
5 10 39 0 28000 3000 L27+;
5 15 29000 4000 1 0;
5 2 1p;
5 11 L 27;
1 Bound 28000 3000 38000 4500;
( Rotate 90 );
9 ind;
C 0 R 0 1 T 38000 2000;
(SymbolCall ind);
5 10 0 1 -63000 -7000 L28-;
5 10 31 0 -63000 3000 L28+;
5 15 -62000 2000 0 -1;
5 2 0.172p;
5 11 L 28;
1 Bound -63000 -7000 -61500 3000;
9 ind;
C 0 T -64000 -7000;
(SymbolCall ind);
5 10 0 1 -56000 -7000 L29-;
5 10 32 0 -56000 3000 L29+;
5 15 -55000 2000 0 -1;
5 2 1p;
5 11 L 29;
1 Bound -56000 -7000 -54500 3000;
9 ind;
C 0 T -57000 -7000;
(SymbolCall ind);
5 10 0 1 -36000 -7000 L30-;
5 10 33 0 -36000 3000 L30+;
5 15 -35000 2000 0 -1;
5 2 0.153p;
5 11 L 30;
1 Bound -36000 -7000 -34500 3000;
9 ind;
C 0 T -37000 -7000;
(SymbolCall ind);
5 10 0 1 -29000 -7000 L31-;
5 10 34 0 -29000 3000 L31+;
5 15 -28000 2000 0 -1;
5 11 L 31;
5 2 1p;
1 Bound -29000 -7000 -27500 3000;
9 ind;
C 0 T -30000 -7000;
(SymbolCall ind);
5 10 0 1 -9000 -7000 L32-;
5 10 35 0 -9000 3000 L32+;
5 15 -8000 2000 0 -1;
5 2 0.109p;
5 11 L 32;
1 Bound -9000 -7000 -7500 3000;
9 ind;
C 0 T -10000 -7000;
(SymbolCall ind);
5 10 0 1 -2000 -7000 L33-;
5 10 36 0 -2000 3000 L33+;
5 15 -1000 2000 0 -1;
5 11 L 33;
5 2 1p;
1 Bound -2000 -7000 -500 3000;
9 ind;
C 0 T -3000 -7000;
(SymbolCall ind);
5 10 40 1 58000 1000 L34-;
5 10 38 0 48000 1000 L34+;
5 15 49000 2000 1 0;
5 2 0.45p;
5 11 L 34;
1 Bound 48000 1000 58000 2500;
( Rotate 90 );
9 ind;
C 0 R 0 1 T 58000 0;
(SymbolCall ind);
5 10 15 1 48000 -9000 L35-;
5 10 38 0 48000 1000 L35+;
5 15 49000 0 0 -1;
5 2 5.278p;
5 11 L 35;
1 Bound 48000 -9000 49500 1000;
9 ind;
C 0 T 47000 -9000;
(SymbolCall ind);
5 10 2 1 131000 -4000 L36-;
5 10 11 0 121000 -4000 L36+;
5 15 122000 -3000 1 0;
5 2 7.21p;
5 11 L 36;
1 Bound 121000 -4000 131000 -2500;
( Rotate 90 );
9 ind;
C 0 R 0 1 T 131000 -5000;
(SymbolCall ind);
5 10 0 1 68000 -9000 L37-;
5 10 41 0 58000 -9000 L37+;
5 15 59000 -8000 1 0;
5 2 1p;
5 11 L 37;
1 Bound 58000 -9000 68000 -7500;
( Rotate 90 );
9 ind;
C 0 R 0 1 T 68000 -10000;
(SymbolCall ind);
5 10 0 1 68000 -16000 L38-;
5 10 42 0 58000 -16000 L38+;
5 15 59000 -15000 1 0;
5 2 0.855p;
5 11 L 38;
1 Bound 58000 -16000 68000 -14500;
( Rotate 90 );
9 ind;
C 0 R 0 1 T 68000 -17000;
(SymbolCall isrc);
5 10 16 1 38000 45000 I0_1;
5 10 0 0 38000 55000 I0_0;
5 15 38000 49000 0 -1 @<name>[c];
5 2 pwl(0 0 5p 148u);
5 11 I 0;
5 5 nophys;
1 Bound 36000 45000 40000 55000;
9 isrc;
C 0 T 36000 45000;
(SymbolCall isrc);
5 10 19 1 -46000 23000 I1_1;
5 10 0 0 -46000 33000 I1_0;
5 15 -46000 27000 0 -1 @<name>[c];
5 2 pwl(0 0 5p 280u);
5 5 nophys;
5 11 I 1;
1 Bound -48000 23000 -44000 33000;
9 isrc;
C 0 T -48000 23000;
(SymbolCall isrc);
5 10 20 1 -19000 23000 I2_1;
5 10 0 0 -19000 33000 I2_0;
5 15 -19000 27000 0 -1 @<name>[c];
5 2 pwl(0 0 5p 176u);
5 5 nophys;
5 11 I 2;
1 Bound -21000 23000 -17000 33000;
9 isrc;
C 0 T -21000 23000;
(SymbolCall isrc);
5 10 21 1 8000 23000 I3_1;
5 10 0 0 8000 33000 I3_0;
5 15 8000 27000 0 -1 @<name>[c];
5 2 pwl(0 0 5p 182u);
5 5 nophys;
5 11 I 3;
1 Bound 6000 23000 10000 33000;
9 isrc;
C 0 T 6000 23000;
(SymbolCall isrc);
5 10 22 1 88000 21000 I4_1;
5 10 0 0 88000 31000 I4_0;
5 15 88000 25000 0 -1 @<name>[c];
5 2 pwl(0 0 5p 265u);
5 5 nophys;
5 11 I 4;
1 Bound 86000 21000 90000 31000;
9 isrc;
C 0 T 86000 21000;
(SymbolCall isrc);
5 2 pwl(0 0 5p 256u);
5 10 23 1 118000 21000 I5_1;
5 10 0 0 118000 31000 I5_0;
5 15 118000 25000 0 -1 @<name>[c];
5 11 I 5;
5 5 nophys;
1 Bound 116000 21000 120000 31000;
9 isrc;
C 0 T 116000 21000;
(SymbolCall jj);
5 10 43 2 20000 27000 B0_2;
5 10 4 1 28000 28000 B0-;
5 10 3 0 18000 28000 B0+;
5 1 jjmit;
5 3 area=1.44;
5 11 B 0;
1 Bound 18000 26500 28000 29500;
( Rotate 90 );
9 jj;
C 0 R 0 1 T 28000 27000;
(SymbolCall jj);
5 10 44 2 50000 27000 B1_2;
5 10 24 1 58000 28000 B1-;
5 10 5 0 48000 28000 B1+;
5 1 jjmit;
5 3 area=2.33;
5 11 B 1;
1 Bound 48000 26500 58000 29500;
( Rotate 90 );
9 jj;
C 0 R 0 1 T 58000 27000;
(SymbolCall jj);
5 10 45 2 -64000 11000 B2_2;
5 10 31 1 -63000 3000 B2-;
5 10 8 0 -63000 13000 B2+;
5 1 jjmit;
5 3 area=1.96;
5 11 B 2;
1 Bound -64500 3000 -61500 13000;
9 jj;
C 0 T -64000 3000;
(SymbolCall jj);
5 10 46 2 -37000 11000 B3_2;
5 10 33 1 -36000 3000 B3-;
5 10 9 0 -36000 13000 B3+;
5 1 jjmit;
5 3 area=1.96;
5 11 B 3;
1 Bound -37500 3000 -34500 13000;
9 jj;
C 0 T -37000 3000;
(SymbolCall jj);
5 10 47 2 -10000 11000 B4_2;
5 10 35 1 -9000 3000 B4-;
5 10 10 0 -9000 13000 B4+;
5 1 jjmit;
5 3 area=1.96;
5 11 B 4;
1 Bound -10500 3000 -7500 13000;
9 jj;
C 0 T -10000 3000;
(SymbolCall jj);
5 10 48 2 50000 10000 B5_2;
5 10 7 1 58000 11000 B5-;
5 10 6 0 48000 11000 B5+;
5 1 jjmit;
5 3 area=1.32;
5 11 B 5;
1 Bound 48000 9500 58000 12500;
( Rotate 90 );
9 jj;
C 0 R 0 1 T 58000 10000;
(SymbolCall jj);
5 10 49 2 90000 3000 B6_2;
5 10 13 1 98000 4000 B6-;
5 10 12 0 88000 4000 B6+;
5 1 jjmit;
5 3 area=1.32;
5 11 B 6;
1 Bound 88000 2500 98000 5500;
( Rotate 90 );
9 jj;
C 0 R 0 1 T 98000 3000;
(SymbolCall jj);
5 10 50 2 20000 -5000 B7_2;
5 10 15 1 28000 -4000 B7-;
5 10 14 0 18000 -4000 B7+;
5 1 jjmit;
5 3 area=1.44;
5 11 B 7;
1 Bound 18000 -5500 28000 -2500;
( Rotate 90 );
9 jj;
C 0 R 0 1 T 28000 -5000;
(SymbolCall jj);
5 10 51 2 50000 -17000 B8_2;
5 10 42 1 58000 -16000 B8-;
5 10 15 0 48000 -16000 B8+;
5 1 jjmit;
5 3 area=2.56;
5 11 B 8;
1 Bound 48000 -17500 58000 -14500;
( Rotate 90 );
9 jj;
C 0 R 0 1 T 58000 -17000;
(SymbolCall res);
5 10 17 1 28000 35000 R0-;
5 10 3 0 18000 35000 R0+;
5 15 19000 34000 1 0 "<v>/<value>O";
5 2 7.847;
5 11 R 0;
1 Bound 18000 33750 28000 36000;
( Rotate 90 );
9 res;
C 0 R 0 1 T 18000 35000;
(SymbolCall res);
5 10 18 1 58000 35000 R1-;
5 10 5 0 48000 35000 R1+;
5 15 49000 34000 1 0 "<v>/<value>O";
5 2 4.85;
5 11 R 1;
1 Bound 48000 33750 58000 36000;
( Rotate 90 );
9 res;
C 0 R 0 1 T 48000 35000;
(SymbolCall res);
5 10 30 1 58000 18000 R2-;
5 10 6 0 48000 18000 R2+;
5 15 49000 17000 1 0 "<v>/<value>O";
5 2 8.561;
5 11 R 2;
1 Bound 48000 16750 58000 19000;
( Rotate 90 );
9 res;
C 0 R 0 1 T 48000 18000;
(SymbolCall res);
5 10 32 1 -56000 3000 R3-;
5 10 8 0 -56000 13000 R3+;
5 15 -57000 12000 0 -1 "<v>/<value>O";
5 2 5.765;
5 11 R 3;
1 Bound -57250 3000 -55000 13000;
9 res;
C 0 T -56000 13000;
(SymbolCall res);
5 10 34 1 -29000 3000 R4-;
5 10 9 0 -29000 13000 R4+;
5 15 -30000 12000 0 -1 "<v>/<value>O";
5 2 5.765;
5 11 R 4;
1 Bound -30250 3000 -28000 13000;
9 res;
C 0 T -29000 13000;
(SymbolCall res);
5 10 36 1 -2000 3000 R5-;
5 10 10 0 -2000 13000 R5+;
5 15 -3000 12000 0 -1 "<v>/<value>O";
5 2 5.765;
5 11 R 5;
1 Bound -3250 3000 -1000 13000;
9 res;
C 0 T -2000 13000;
(SymbolCall res);
5 10 37 1 98000 11000 R6-;
5 10 12 0 88000 11000 R6+;
5 15 89000 10000 1 0 "<v>/<value>O";
5 2 8.561;
5 11 R 6;
1 Bound 88000 9750 98000 12000;
( Rotate 90 );
9 res;
C 0 R 0 1 T 88000 11000;
(SymbolCall res);
5 10 39 1 28000 3000 R7-;
5 10 14 0 18000 3000 R7+;
5 15 19000 2000 1 0 "<v>/<value>O";
5 2 7.847;
5 11 R 7;
1 Bound 18000 1750 28000 4000;
( Rotate 90 );
9 res;
C 0 R 0 1 T 18000 3000;
(SymbolCall res);
5 10 0 1 68000 1000 R8-;
5 10 40 0 58000 1000 R8+;
5 15 59000 0 1 0 "<v>/<value>O";
5 2 0.3;
5 11 R 8;
1 Bound 58000 -250 68000 2000;
( Rotate 90 );
9 res;
C 0 R 0 1 T 58000 1000;
(SymbolCall res);
5 10 41 1 58000 -9000 R9-;
5 10 15 0 48000 -9000 R9+;
5 15 49000 -10000 1 0 "<v>/<value>O";
5 2 4.414;
5 11 R 9;
1 Bound 48000 -10250 58000 -8000;
( Rotate 90 );
9 res;
C 0 R 0 1 T 48000 -9000;
L SCED;
5 10 3;
W2 0 18000 35000 18000 28000 18000 23000;
5 10 4;
W2 0 38000 35000 38000 28000 28000 28000;
5 10 5;
W2 0 48000 35000 48000 28000;
5 10 6;
W2 0 48000 18000 48000 11000;
5 10 7;
W2 0 58000 11000 68000 11000 68000 18000;
5 10 8;
W2 0 -63000 13000 -56000 13000;
5 10 9;
W2 0 -36000 13000 -29000 13000;
5 10 10;
W2 0 -9000 13000 -2000 13000;
5 10 11;
W2 0 121000 -4000 78000 -4000 78000 11000;
5 10 12;
W2 0 88000 4000 88000 11000;
5 10 13;
W2 0 108000 11000 108000 4000 98000 4000;
5 10 14;
W2 0 18000 3000 18000 -4000;
5 10 15;
W2 0 38000 3000 38000 -4000 28000 -4000;
5 10 15;
W2 0 38000 -4000 38000 -16000 48000 -16000 48000 -9000;
L NAME;
5 16 I 0 11;
94 <<I0>> 35750 53750 320 975 1000;
5 16 L 0 11;
94 <<L0>> 37750 43750 320 1275 1000;
5 16 L 1 11;
94 <<L1>> 28250 36750 0 1050 1000;
5 16 L 2 11;
94 <<L2>> 38250 36750 0 1275 1000;
5 16 L 3 11;
94 <<L3>> 58250 36750 0 1275 1000;
5 16 R 0 11;
94 <<R0>> 18250 36250 0 1275 1000;
5 16 R 1 11;
94 <<R1>> 48250 36250 0 1050 1000;
5 16 I 1 11;
94 <<I1>> -48250 31750 320 750 1000;
5 16 I 2 11;
94 <<I2>> -21250 31750 320 975 1000;
5 16 I 3 11;
94 <<I3>> 5750 31750 320 975 1000;
5 16 B 0 11;
94 <<B0>> 18250 29750 0 1275 1000;
5 16 B 1 11;
94 <<B1>> 48250 29750 0 1050 1000;
5 16 L 4 11;
94 <<L4>> 58250 29750 0 1275 1000;
5 16 I 4 11;
94 <<I4>> 85750 29750 320 975 1000;
5 16 I 5 11;
94 <<I5>> 115750 29750 320 975 1000;
5 16 L 5 11;
94 <<L5>> 47750 26750 320 1275 1000;
5 16 L 8 11;
94 <<L8>> 5750 23750 320 1275 1000;
5 16 L 6 11;
94 <<L6>> -46250 21750 320 1275 1000;
5 16 L 7 11;
94 <<L7>> -19250 21750 320 1275 1000;
5 16 L 9 11;
94 <<L9>> 17750 21750 320 1275 1000;
5 16 L 12 11;
94 <<L12>> 58250 19750 0 1650 1000;
5 16 R 2 11;
94 <<R2>> 48250 19250 0 1275 1000;
5 16 L 10 11;
94 <<L10>> 87750 19750 320 1650 1000;
5 16 L 11 11;
94 <<L11>> 117750 19750 320 1425 1000;
5 16 L 13 11;
94 <<L13>> -72750 14750 0 1650 1000;
5 16 L 14 11;
94 <<L14>> -55750 14750 0 1650 1000;
5 16 L 15 11;
94 <<L15>> -45750 14750 0 1650 1000;
5 16 L 16 11;
94 <<L16>> -28750 14750 0 1650 1000;
5 16 L 17 11;
94 <<L17>> -18750 14750 0 1650 1000;
5 16 L 18 11;
94 <<L18>> -1750 14750 0 1650 1000;
5 16 L 19 11;
94 <<L19>> 8250 14750 0 1650 1000;
5 16 B 5 11;
94 <<B5>> 48250 12750 0 1275 1000;
5 16 L 21 11;
94 <<L21>> 68250 12750 0 1650 1000;
5 16 L 22 11;
94 <<L22>> 78250 12750 0 1875 1000;
5 16 L 23 11;
94 <<L23>> 98250 12750 0 1875 1000;
5 16 L 24 11;
94 <<L24>> 108250 12750 0 1875 1000;
5 16 L 25 11;
94 <<L25>> 118250 12750 0 1875 1000;
5 16 R 6 11;
94 <<R6>> 88250 12250 0 1275 1000;
5 16 B 2 11;
94 <<B2>> -64750 11750 320 1275 1000;
5 16 R 3 11;
94 <<R3>> -57500 11750 320 1275 1000;
5 16 B 3 11;
94 <<B3>> -37750 11750 320 1275 1000;
5 16 R 4 11;
94 <<R4>> -30500 11750 320 1275 1000;
5 16 B 4 11;
94 <<B4>> -10750 11750 320 1275 1000;
5 16 R 5 11;
94 <<R5>> -3500 11750 320 1275 1000;
5 16 L 20 11;
94 <<L20>> 17750 11750 320 1875 1000;
5 16 L 26 11;
94 <<L26>> 47750 9750 320 1875 1000;
5 16 B 6 11;
94 <<B6>> 88250 5750 0 1275 1000;
5 16 L 27 11;
94 <<L27>> 28250 4750 0 1875 1000;
5 16 R 7 11;
94 <<R7>> 18250 4250 0 1275 1000;
5 16 L 34 11;
94 <<L34>> 48250 2750 0 1875 1000;
5 16 R 8 11;
94 <<R8>> 58250 2250 0 1275 1000;
5 16 L 28 11;
94 <<L28>> -63250 1750 320 1875 1000;
5 16 L 29 11;
94 <<L29>> -56250 1750 320 1875 1000;
5 16 L 30 11;
94 <<L30>> -36250 1750 320 1875 1000;
5 16 L 31 11;
94 <<L31>> -29250 1750 320 1650 1000;
5 16 L 32 11;
94 <<L32>> -9250 1750 320 1875 1000;
5 16 L 33 11;
94 <<L33>> -2250 1750 320 1875 1000;
5 16 L 35 11;
94 <<L35>> 47750 -250 320 1875 1000;
5 16 B 7 11;
94 <<B7>> 18250 -2250 0 1275 1000;
5 16 L 36 11;
94 <<L36>> 121250 -2250 0 1875 1000;
5 16 L 37 11;
94 <<L37>> 58250 -7250 0 1875 1000;
5 16 R 9 11;
94 <<R9>> 48250 -7750 0 1275 1000;
5 16 B 8 11;
94 <<B8>> 48250 -14250 0 1275 1000;
5 16 L 38 11;
94 <<L38>> 58250 -14250 0 1875 1000;
L MODL;
5 16 B 0 1;
94 <<jjmit>> 27750 26250 320 2550 1000;
5 16 B 1 1;
94 <<jjmit>> 57750 26250 320 2550 1000;
5 16 B 2 1;
94 <<jjmit>> -61250 12750 256 2550 1000;
5 16 B 3 1;
94 <<jjmit>> -34250 12750 256 2550 1000;
5 16 B 4 1;
94 <<jjmit>> -7250 12750 256 2550 1000;
5 16 B 5 1;
94 <<jjmit>> 57750 9250 320 2550 1000;
5 16 B 6 1;
94 <<jjmit>> 97750 2250 320 2550 1000;
5 16 B 7 1;
94 <<jjmit>> 27750 -5750 320 2550 1000;
5 16 B 8 1;
94 <<jjmit>> 57750 -17750 320 2550 1000;
L VALU;
5 16 I 0 2;
94 <<pwl(0 0 5p 148u)>> 40250 54750 33024 8550 1000;
5 16 L 0 2;
94 <<0.078p>> 39750 44750 33024 3300 1000;
5 16 L 1 2;
94 <<1p>> 37750 34750 33088 1050 1000;
5 16 L 2 2;
94 <<0.494p>> 47750 34750 33088 3300 1000;
5 16 L 3 2;
94 <<1p>> 67750 34750 33088 1050 1000;
5 16 R 0 2;
94 <<7.847>> 27750 33500 33088 2700 1000;
5 16 R 1 2;
94 <<4.85>> 57750 33500 33088 2100 1000;
5 16 I 1 2;
94 <<pwl(0 0 5p 280u)>> -43750 32750 33024 8775 1000;
5 16 I 2 2;
94 <<pwl(0 0 5p 176u)>> -16750 32750 33024 8550 1000;
5 16 I 3 2;
94 <<pwl(0 0 5p 182u)>> 10250 32750 33024 8550 1000;
5 16 I 4 2;
94 <<pwl(0 0 5p 265u)>> 90250 30750 33024 8775 1000;
5 16 I 5 2;
94 <<pwl(0 0 5p 256u)>> 120250 30750 33024 8775 1000;
5 16 L 5 2;
94 <<4.839p>> 49750 27750 33024 3300 1000;
5 16 L 4 2;
94 <<0.837p>> 67750 27750 33088 3300 1000;
5 16 L 6 2;
94 <<0.169p>> -44250 22750 33024 3075 1000;
5 16 L 7 2;
94 <<0.192p>> -17250 22750 33024 3075 1000;
5 16 L 8 2;
94 <<0.239p>> 9750 22750 33024 3300 1000;
5 16 L 9 2;
94 <<0.853p>> 19750 22750 33024 3300 1000;
5 16 L 10 2;
94 <<2.145p>> 89750 20750 33024 3075 1000;
5 16 L 11 2;
94 <<0.013p>> 119750 20750 33024 3075 1000;
5 16 L 12 2;
94 <<1p>> 67750 17750 33088 1050 1000;
5 16 R 2 2;
94 <<8.561>> 57750 16500 33088 2475 1000;
5 16 L 13 2;
94 <<2.168p>> -63250 12750 33088 3075 1000;
5 16 R 3 2;
94 <<5.765>> -54750 12750 33024 2700 1000;
5 16 L 14 2;
94 <<0.2p>> -46250 12750 33088 2100 1000;
5 16 L 15 2;
94 <<3.429p>> -36250 12750 33088 3300 1000;
5 16 R 4 2;
94 <<5.765>> -27750 12750 33024 2700 1000;
5 16 L 16 2;
94 <<1.56p>> -19250 12750 33088 2475 1000;
5 16 L 17 2;
94 <<1.563p>> -9250 12750 33088 3075 1000;
5 16 R 5 2;
94 <<5.765>> -750 12750 33024 2700 1000;
5 16 L 18 2;
94 <<2.844p>> 7750 12750 33088 3300 1000;
5 16 L 19 2;
94 <<0.234p>> 17750 12750 33088 3300 1000;
5 16 L 20 2;
94 <<1.557p>> 19750 12750 33024 3075 1000;
5 16 L 26 2;
94 <<0.001p>> 49750 10750 33024 3075 1000;
5 16 L 21 2;
94 <<0.003p>> 77750 10750 33088 3300 1000;
5 16 L 22 2;
94 <<0.143p>> 87750 10750 33088 3075 1000;
5 16 L 23 2;
94 <<1p>> 107750 10750 33088 1050 1000;
5 16 L 24 2;
94 <<1.802p>> 117750 10750 33088 3075 1000;
5 16 L 25 2;
94 <<0.702p>> 127750 10750 33088 3300 1000;
5 16 R 6 2;
94 <<8.561>> 97750 9500 33088 2475 1000;
5 16 L 28 2;
94 <<0.172p>> -61250 2750 33024 3075 1000;
5 16 L 29 2;
94 <<1p>> -54250 2750 33024 1050 1000;
5 16 L 30 2;
94 <<0.153p>> -34250 2750 33024 3075 1000;
5 16 L 31 2;
94 <<1p>> -27250 2750 33024 1050 1000;
5 16 L 32 2;
94 <<0.109p>> -7250 2750 33024 3075 1000;
5 16 L 33 2;
94 <<1p>> -250 2750 33024 1050 1000;
5 16 L 27 2;
94 <<1p>> 37750 2750 33088 1050 1000;
5 16 R 7 2;
94 <<7.847>> 27750 1500 33088 2700 1000;
5 16 L 35 2;
94 <<5.278p>> 49750 750 33024 3300 1000;
5 16 L 34 2;
94 <<0.45p>> 57750 750 33088 2700 1000;
5 16 R 8 2;
94 <<0.3>> 67750 -500 33088 1500 1000;
5 16 L 36 2;
94 <<7.21p>> 130750 -4250 33088 2475 1000;
5 16 L 37 2;
94 <<1p>> 67750 -9250 33088 1050 1000;
5 16 R 9 2;
94 <<4.414>> 57750 -10500 33088 2475 1000;
5 16 L 38 2;
94 <<0.855p>> 67750 -16250 33088 3300 1000;
L PARM;
5 16 B 0 3;
94 <<area=1.44>> 18250 25250 33024 4800 1000;
5 16 B 1 3;
94 <<area=2.33>> 48250 25250 33024 5025 1000;
5 16 B 5 3;
94 <<area=1.32>> 48250 8250 33024 4800 1000;
5 16 B 2 3;
94 <<area=1.96>> -61250 3250 32768 4800 1000;
5 16 B 3 3;
94 <<area=1.96>> -34250 3250 32768 4800 1000;
5 16 B 4 3;
94 <<area=1.96>> -7250 3250 32768 4800 1000;
5 16 B 6 3;
94 <<area=1.32>> 88250 1250 33024 4800 1000;
5 16 B 7 3;
94 <<area=1.44>> 18250 -6750 33024 4800 1000;
5 16 B 8 3;
94 <<area=2.56>> 48250 -18750 33024 5025 1000;
DF;
E
* Generated by Xic from cell mitll_SFQDC
.tran 0.5p 100p 0 0.25p UIC
B0 3 4 43 jjmit area=1.44
B1 5 24 44 jjmit area=2.33
B2 8 31 45 jjmit area=1.96
B3 9 33 46 jjmit area=1.96
B4 10 35 47 jjmit area=1.96
B5 6 7 48 jjmit area=1.32
B6 12 13 49 jjmit area=1.32
B7 14 15 50 jjmit area=1.44
B8 15 42 51 jjmit area=2.56
I0 0 16 pwl(0 0 5p 148u)
I1 0 19 pwl(0 0 5p 280u)
I2 0 20 pwl(0 0 5p 176u)
I3 0 21 pwl(0 0 5p 182u)
I4 0 22 pwl(0 0 5p 265u)
I5 0 23 pwl(0 0 5p 256u)
L0 16 4 0.078p
L1 17 4 1p
L2 4 5 0.494p
L3 18 0 1p
L4 24 0 0.837p
L5 5 6 4.839p
L6 19 25 0.169p
L7 20 26 0.192p
L8 21 27 0.239p
L9 3 28 0.853p
L10 22 12 2.145p
L11 23 29 0.013p
L12 30 7 1p
L13 P1 8 2.168p
L14 8 25 0.2p
L15 25 9 3.429p
L16 9 26 1.56p
L17 26 10 1.563p
L18 10 27 2.844p
L19 27 28 0.234p
L20 28 14 1.557p
L21 7 11 0.003p
L22 11 12 0.143p
L23 37 13 1p
L24 13 29 1.802p
L25 29 0 0.702p
L26 6 38 0.001p
L27 39 15 1p
L28 31 0 0.172p
L29 32 0 1p
L30 33 0 0.153p
L31 34 0 1p
L32 35 0 0.109p
L33 36 0 1p
L34 38 40 0.45p
L35 38 15 5.278p
L36 11 P2 7.21p
L37 41 0 1p
L38 42 0 0.855p
R0 3 17 7.847
R1 5 18 4.85
R2 6 30 8.561
R3 8 32 5.765
R4 9 34 5.765
R5 10 36 5.765
R6 12 37 8.561
R7 14 39 7.847
R8 40 0 0.3
R9 15 41 4.414
.model jjmit jj(rtype=1, vg=2.8mV, cap=0.07pF, r0=160, rn=16, icrit=0.1mA)

* YBCO
.save @I1[c]
.save @I2[c]
.save @I3[c]
.save @I5[c]
.save @I0[c]
.save @I4[c]
